NAME : sz-18-prob_type-inverse_dist-prob-0.25-fee_type-inverse_prob-fee-2.7
TYPE : TSP
DIMENSION : 18
EDGE_WEIGHT_TYPE : EUC_2D
NODE_COORD_SECTION
1 0.00 0.00
2 -36.40 -9.64
3 93.61 33.61
4 92.76 -5.44
5 14.44 -72.86
6 50.82 14.26
7 -28.17 89.82
8 14.02 -37.40
9 -4.89 20.63
10 -86.86 -27.03
11 -20.91 38.94
12 -45.38 50.12
13 -63.47 -39.05
14 -12.58 -93.94
15 90.23 3.99
16 4.58 70.62
17 -85.44 30.27
18 6.71 -31.69
ACCEPTED_PROBABILITIES
0.00
0.18
0.25
0.26
0.27
0.35
0.24
0.19
0.43
0.25
0.16
0.25
0.26
0.25
0.25
0.19
0.23
0.29
OUTSOURCING_COSTS
0.00
14.78
10.73
9.93
9.74
4.84
11.28
14.48
0.16
10.75
15.72
10.71
10.29
10.67
10.89
14.58
11.81
8.13
