NAME : sz-18-prob_type-uniform-prob-0.05-fee_type-inverse_prob-fee-2.9
TYPE : TSP
DIMENSION : 18
EDGE_WEIGHT_TYPE : EUC_2D
NODE_COORD_SECTION
1 0.00 0.00
2 86.58 34.63
3 55.04 62.83
4 13.08 -91.56
5 61.05 -16.06
6 -63.49 -27.23
7 -57.01 -37.82
8 -16.50 -1.42
9 -11.93 24.77
10 19.11 -95.50
11 87.58 37.04
12 9.69 -24.86
13 96.23 -21.26
14 -7.00 68.54
15 -25.37 30.93
16 -37.87 -8.13
17 -34.48 -60.41
18 -57.16 -38.42
ACCEPTED_PROBABILITIES
0.00
0.04
0.07
0.04
0.02
0.07
0.01
0.03
0.02
0.07
0.03
0.04
0.02
0.01
0.03
0.08
0.07
0.02
OUTSOURCING_COSTS
0.00
7.97
2.57
8.29
15.24
1.50
15.62
10.84
13.23
2.09
10.93
9.31
14.75
16.89
10.50
0.17
0.25
12.98
