NAME : sz-17-prob_type-uniform-prob-0.15-fee_type-inverse_prob-fee-2.6
TYPE : TSP
DIMENSION : 17
EDGE_WEIGHT_TYPE : EUC_2D
NODE_COORD_SECTION
1 0.00 0.00
2 -32.60 51.94
3 -44.20 17.90
4 -42.05 -79.43
5 24.26 -9.59
6 38.47 -6.10
7 66.42 -21.33
8 43.05 -49.07
9 73.91 -3.73
10 50.50 -6.86
11 62.90 64.76
12 37.27 28.53
13 27.46 83.82
14 4.72 -21.12
15 6.44 86.23
16 -35.24 -19.30
17 37.95 43.24
ACCEPTED_PROBABILITIES
0.00
0.11
0.16
0.17
0.16
0.14
0.17
0.14
0.13
0.16
0.12
0.14
0.13
0.15
0.20
0.19
0.11
OUTSOURCING_COSTS
0.00
16.09
7.17
4.97
7.42
9.61
5.37
9.83
12.54
6.76
13.89
10.40
11.43
8.99
0.16
2.07
15.17
