NAME : sz-14-prob_type-direct_dist-prob-0.50-fee_type-inverse_prob-fee-3.5
TYPE : TSP
DIMENSION : 14
EDGE_WEIGHT_TYPE : EUC_2D
NODE_COORD_SECTION
1 0.00 0.00
2 12.72 25.36
3 46.49 -70.35
4 23.61 -32.47
5 -86.52 26.39
6 -90.22 7.92
7 22.66 -44.89
8 51.45 64.04
9 -79.62 -14.83
10 87.83 42.70
11 32.47 61.98
12 34.71 -2.87
13 29.43 62.80
14 20.24 -75.53
ACCEPTED_PROBABILITIES
0.00
0.46
0.41
0.53
0.34
0.72
0.57
0.30
0.59
0.40
0.56
0.55
0.47
0.42
OUTSOURCING_COSTS
0.00
16.56
20.09
12.02
24.36
0.27
9.53
26.65
8.08
20.49
9.95
11.07
16.18
19.36
