NAME : sz-18-prob_type-uniform-prob-0.05-fee_type-direct_prob
TYPE : TSP
DIMENSION : 18
EDGE_WEIGHT_TYPE : EUC_2D
NODE_COORD_SECTION
1 0.00 0.00
2 51.11 -54.37
3 -1.69 36.92
4 -26.48 -87.09
5 -20.41 71.82
6 65.68 50.11
7 -10.28 92.19
8 -68.81 -37.87
9 30.63 -86.54
10 48.01 9.20
11 47.49 -22.59
12 -23.08 -93.33
13 16.38 46.08
14 -85.17 46.37
15 -61.40 -20.84
16 11.75 28.63
17 8.84 72.24
18 29.20 -81.68
ACCEPTED_PROBABILITIES
0.00
0.06
0.09
0.08
0.01
0.10
0.01
0.00
0.01
0.03
0.05
0.10
0.08
0.05
0.07
0.08
0.04
0.05
OUTSOURCING_COSTS
0.00
11.01
16.85
14.00
0.54
17.05
0.91
0.18
1.71
4.12
9.17
17.47
14.74
8.37
11.34
14.59
6.71
9.10
