NAME : sz-15-prob_type-uniform-prob-0.05-fee_type-inverse_prob-fee-2.9
TYPE : TSP
DIMENSION : 15
EDGE_WEIGHT_TYPE : EUC_2D
NODE_COORD_SECTION
1 0.00 0.00
2 71.46 24.75
3 88.66 13.40
4 21.21 -24.31
5 55.07 -38.28
6 30.84 93.55
7 -83.52 30.86
8 32.94 -74.67
9 70.87 -68.01
10 45.00 42.29
11 -37.26 43.54
12 53.09 -75.21
13 -36.19 30.58
14 -42.68 41.29
15 27.61 27.91
ACCEPTED_PROBABILITIES
0.00
0.05
0.02
0.06
0.07
0.04
0.08
0.05
0.03
0.00
0.05
0.08
0.07
0.05
0.01
OUTSOURCING_COSTS
0.00
7.13
17.18
4.27
1.20
11.75
0.21
7.65
12.09
20.51
8.66
0.87
1.95
8.35
18.00
