NAME : sz-19-prob_type-uniform-prob-0.05-fee_type-inverse_prob-fee-2.9
TYPE : TSP
DIMENSION : 19
EDGE_WEIGHT_TYPE : EUC_2D
NODE_COORD_SECTION
1 0.00 0.00
2 -56.87 -29.21
3 -63.27 65.03
4 -86.42 29.18
5 72.14 -31.38
6 -11.33 -6.78
7 5.00 27.33
8 -51.87 57.21
9 -5.50 -64.66
10 -59.48 76.58
11 14.79 -21.00
12 -21.02 63.16
13 22.14 -82.35
14 58.71 -14.17
15 33.87 85.03
16 91.41 -2.28
17 0.44 5.37
18 15.66 84.91
19 50.14 68.33
ACCEPTED_PROBABILITIES
0.00
0.03
0.04
0.05
0.03
0.03
0.09
0.05
0.07
0.01
0.08
0.04
0.04
0.10
0.07
0.04
0.00
0.03
0.00
OUTSOURCING_COSTS
0.00
11.90
10.25
7.77
10.61
10.86
1.77
8.55
4.73
15.67
3.26
9.28
10.27
0.16
4.83
9.18
15.95
12.13
15.80
