NAME : sz-17-prob_type-inverse_dist-prob-0.25-fee_type-direct_prob-fee-3.4
TYPE : TSP
DIMENSION : 17
EDGE_WEIGHT_TYPE : EUC_2D
NODE_COORD_SECTION
1 0.00 0.00
2 -12.85 -1.26
3 30.89 1.18
4 -95.84 -27.99
5 -90.18 -34.69
6 71.44 -27.87
7 78.66 -17.63
8 -46.47 -38.29
9 -91.93 -29.93
10 -35.52 85.14
11 72.78 -16.32
12 -3.07 35.57
13 47.75 -60.46
14 71.19 -5.63
15 -82.61 -21.39
16 -53.73 82.71
17 29.57 -18.08
ACCEPTED_PROBABILITIES
0.00
0.44
0.21
0.25
0.24
0.21
0.22
0.19
0.25
0.27
0.22
0.39
0.28
0.28
0.22
0.25
0.30
OUTSOURCING_COSTS
0.00
21.04
2.08
5.22
4.73
1.78
2.73
0.21
5.37
6.79
2.59
16.96
7.45
7.84
3.07
5.29
9.77
