NAME : sz-15-prob_type-direct_dist-prob-0.50-fee_type-direct_prob-fee-3.3
TYPE : TSP
DIMENSION : 15
EDGE_WEIGHT_TYPE : EUC_2D
NODE_COORD_SECTION
1 0.00 0.00
2 -20.20 -44.16
3 11.50 -65.63
4 -16.34 91.11
5 31.82 -86.62
6 31.67 60.65
7 -6.79 36.86
8 -47.70 24.62
9 -60.56 -9.46
10 21.60 -82.02
11 -19.18 10.97
12 -15.75 -98.55
13 60.62 58.72
14 53.30 68.26
15 39.11 8.94
ACCEPTED_PROBABILITIES
0.00
0.59
0.65
0.32
0.62
0.50
0.58
0.54
0.37
0.69
0.48
0.32
0.65
0.53
0.60
OUTSOURCING_COSTS
0.00
17.35
21.21
0.24
19.35
11.77
16.68
13.99
3.39
23.34
10.07
0.24
21.40
13.21
17.70
