NAME : sz-14-prob_type-inverse_dist-prob-0.50-fee_type-inverse_prob-fee-3.5
TYPE : TSP
DIMENSION : 14
EDGE_WEIGHT_TYPE : EUC_2D
NODE_COORD_SECTION
1 0.00 0.00
2 -21.24 -29.45
3 16.03 -24.37
4 -28.46 -4.64
5 -24.13 -30.15
6 70.46 -56.34
7 35.88 64.42
8 60.54 -58.61
9 -56.99 33.10
10 83.28 42.83
11 -62.83 62.81
12 -32.24 -11.54
13 29.01 59.91
14 29.00 -75.59
ACCEPTED_PROBABILITIES
0.00
0.39
0.32
0.56
0.39
0.49
0.53
0.50
0.53
0.51
0.48
0.40
0.56
0.52
OUTSOURCING_COSTS
0.00
19.31
26.65
0.27
19.46
8.18
3.00
6.99
3.06
5.29
9.38
17.88
0.27
4.79
