NAME : sz-16-prob_type-uniform-prob-0.05-fee_type-inverse_prob-fee-2.9
TYPE : TSP
DIMENSION : 16
EDGE_WEIGHT_TYPE : EUC_2D
NODE_COORD_SECTION
1 0.00 0.00
2 7.44 85.91
3 13.22 -28.20
4 -9.27 43.70
5 -88.95 -0.44
6 12.69 76.75
7 -1.25 41.45
8 -56.06 -79.52
9 -50.76 -53.09
10 -74.81 15.81
11 9.99 34.41
12 22.07 90.65
13 -11.96 30.58
14 54.97 73.14
15 -24.68 -30.45
16 -24.18 -81.49
ACCEPTED_PROBABILITIES
0.00
0.10
0.06
0.00
0.10
0.10
0.08
0.05
0.04
0.02
0.08
0.05
0.06
0.01
0.10
0.08
OUTSOURCING_COSTS
0.00
0.47
8.43
19.14
0.33
0.48
3.29
8.92
11.68
16.16
3.63
9.19
6.93
17.64
0.19
3.97
