NAME : sz-14-prob_type-direct_dist-prob-0.50-fee_type-direct_prob-fee-3.5
TYPE : TSP
DIMENSION : 14
EDGE_WEIGHT_TYPE : EUC_2D
NODE_COORD_SECTION
1 0.00 0.00
2 -26.69 -88.59
3 -90.63 7.95
4 -55.84 -4.92
5 -31.13 -64.46
6 -86.72 -26.32
7 34.20 10.52
8 42.08 -26.86
9 -8.58 -26.81
10 -37.15 41.16
11 -1.50 -14.36
12 -41.52 88.82
13 41.17 -42.50
14 -25.32 -55.79
ACCEPTED_PROBABILITIES
0.00
0.73
0.42
0.48
0.34
0.33
0.46
0.57
0.47
0.44
0.48
0.69
0.52
0.41
OUTSOURCING_COSTS
0.00
26.65
6.22
10.44
1.12
0.27
8.80
16.62
9.75
7.85
10.30
24.25
12.88
5.92
