NAME : sz-14-prob_type-uniform-prob-0.60-fee_type-inverse_prob-fee-3.4
TYPE : TSP
DIMENSION : 14
EDGE_WEIGHT_TYPE : EUC_2D
NODE_COORD_SECTION
1 0.00 0.00
2 82.29 -53.46
3 -73.77 25.52
4 -45.52 72.22
5 -31.81 68.59
6 4.57 15.04
7 -25.71 -85.57
8 -60.72 68.12
9 -84.46 -27.04
10 -11.01 -81.40
11 -54.87 70.99
12 -60.94 73.23
13 45.36 46.31
14 -35.85 -4.84
ACCEPTED_PROBABILITIES
0.00
0.62
0.63
0.62
0.61
0.57
0.58
0.64
0.59
0.61
0.57
0.61
0.61
0.55
OUTSOURCING_COSTS
0.00
3.85
2.44
6.63
6.90
20.33
16.98
0.26
12.94
8.76
21.77
6.84
7.56
25.89
