NAME : sz-17-prob_type-inverse_dist-prob-0.50-fee_type-inverse_prob-fee-2.8
TYPE : TSP
DIMENSION : 17
EDGE_WEIGHT_TYPE : EUC_2D
NODE_COORD_SECTION
1 0.00 0.00
2 25.38 -30.12
3 29.95 -75.66
4 51.49 5.36
5 63.18 -60.50
6 -54.78 23.17
7 11.99 -61.27
8 -72.57 -12.81
9 56.37 28.17
10 7.26 81.85
11 -16.73 -78.23
12 30.42 -44.45
13 -73.79 -48.03
14 -58.10 -6.96
15 -24.66 55.39
16 -89.09 11.96
17 -77.78 24.53
ACCEPTED_PROBABILITIES
0.00
0.43
0.46
0.40
0.52
0.53
0.48
0.45
0.50
0.46
0.47
0.58
0.49
0.52
0.54
0.51
0.47
OUTSOURCING_COSTS
0.00
14.76
11.68
17.32
6.08
4.40
10.17
12.31
7.30
11.61
11.01
0.18
9.02
5.58
3.68
6.34
10.33
