NAME : sz-19-prob_type-direct_dist-prob-0.50-fee_type-direct_prob-fee-2.6
TYPE : TSP
DIMENSION : 19
EDGE_WEIGHT_TYPE : EUC_2D
NODE_COORD_SECTION
1 0.00 0.00
2 -73.34 -30.13
3 81.12 56.66
4 39.49 -80.75
5 3.78 -3.80
6 52.55 -3.97
7 -4.45 -33.45
8 -82.29 35.09
9 -53.90 -47.41
10 -32.47 89.21
11 29.56 92.25
12 83.97 -11.48
13 -51.18 -84.08
14 -81.58 21.24
15 62.71 -72.89
16 -86.47 4.94
17 93.78 -19.41
18 39.45 46.23
19 71.28 20.68
ACCEPTED_PROBABILITIES
0.00
0.66
0.52
0.34
0.50
0.55
0.50
0.53
0.60
0.38
0.56
0.44
0.56
0.38
0.67
0.53
0.38
0.38
0.63
OUTSOURCING_COSTS
0.00
14.30
8.06
0.14
7.28
9.36
7.18
8.65
11.39
2.10
9.67
4.74
9.95
1.79
14.30
8.34
1.90
2.01
12.72
