NAME : sz-15-prob_type-uniform-prob-0.40-fee_type-inverse_prob-fee-2.7
TYPE : TSP
DIMENSION : 15
EDGE_WEIGHT_TYPE : EUC_2D
NODE_COORD_SECTION
1 0.00 0.00
2 -67.40 10.26
3 -6.45 1.81
4 -1.22 54.23
5 72.68 61.12
6 84.97 -7.43
7 -94.88 25.79
8 39.20 46.76
9 17.14 -2.83
10 -43.71 -76.98
11 72.05 -10.92
12 -42.74 -32.55
13 -76.16 -4.90
14 -45.78 -41.25
15 66.08 -57.87
ACCEPTED_PROBABILITIES
0.00
0.43
0.43
0.42
0.42
0.39
0.39
0.43
0.39
0.39
0.40
0.35
0.37
0.36
0.36
OUTSOURCING_COSTS
0.00
1.16
0.19
3.36
3.12
11.29
10.88
1.16
11.10
10.00
9.27
19.09
16.24
17.38
18.10
