NAME : sz-19-prob_type-uniform-prob-0.50-fee_type-direct_prob-fee-2.6
TYPE : TSP
DIMENSION : 19
EDGE_WEIGHT_TYPE : EUC_2D
NODE_COORD_SECTION
1 0.00 0.00
2 43.82 -18.92
3 -8.94 60.69
4 -66.66 43.36
5 61.09 -75.28
6 52.12 -12.98
7 58.65 -51.20
8 45.96 -18.44
9 -48.39 46.49
10 -81.02 16.09
11 51.83 -64.89
12 -54.92 48.97
13 5.01 -76.92
14 -8.95 1.18
15 -33.96 -55.51
16 -75.15 -38.48
17 -32.11 -16.88
18 71.99 -15.88
19 -6.85 -72.19
ACCEPTED_PROBABILITIES
0.00
0.55
0.50
0.54
0.52
0.54
0.55
0.51
0.54
0.54
0.54
0.48
0.45
0.55
0.50
0.45
0.53
0.53
0.49
OUTSOURCING_COSTS
0.00
14.30
6.72
12.41
10.47
12.76
13.93
9.35
12.56
13.51
12.48
4.72
0.14
14.30
6.38
0.14
11.11
11.03
6.30
