NAME : sz-17-prob_type-uniform-prob-0.50-fee_type-inverse_prob-fee-2.9
TYPE : TSP
DIMENSION : 17
EDGE_WEIGHT_TYPE : EUC_2D
NODE_COORD_SECTION
1 0.00 0.00
2 23.83 89.52
3 -5.32 -51.07
4 58.56 -38.05
5 -39.11 -74.95
6 -30.34 62.65
7 -19.79 -32.30
8 -11.27 66.02
9 55.63 73.36
10 5.91 -61.97
11 -23.32 94.26
12 84.99 0.91
13 55.49 -38.01
14 19.70 -76.16
15 74.18 4.29
16 -20.45 -81.51
17 -44.94 -87.72
ACCEPTED_PROBABILITIES
0.00
0.49
0.50
0.45
0.47
0.49
0.46
0.54
0.46
0.54
0.51
0.52
0.53
0.52
0.50
0.50
0.49
OUTSOURCING_COSTS
0.00
11.60
8.54
17.94
15.02
11.40
16.22
1.71
17.09
0.18
7.16
4.24
2.65
3.96
8.86
8.51
11.71
