NAME : sz-16-prob_type-uniform-prob-0.15-fee_type-direct_prob-fee-2.9
TYPE : TSP
DIMENSION : 16
EDGE_WEIGHT_TYPE : EUC_2D
NODE_COORD_SECTION
1 0.00 0.00
2 -27.03 -38.94
3 -25.83 27.85
4 -39.66 -42.74
5 -51.72 32.07
6 39.33 -51.87
7 26.13 -15.22
8 48.03 28.29
9 85.93 -14.86
10 93.48 31.08
11 -9.80 39.09
12 -25.61 -79.13
13 7.05 -79.98
14 -77.82 -59.89
15 -46.17 78.89
16 77.23 40.80
ACCEPTED_PROBABILITIES
0.00
0.14
0.12
0.16
0.16
0.12
0.11
0.14
0.11
0.14
0.13
0.18
0.14
0.13
0.18
0.17
OUTSOURCING_COSTS
0.00
9.17
4.88
14.15
14.97
3.31
0.19
8.20
0.19
9.58
5.16
19.14
9.09
6.94
19.14
15.81
