NAME : sz-14-prob_type-uniform-prob-0.55-fee_type-inverse_prob-fee-2.7
TYPE : TSP
DIMENSION : 14
EDGE_WEIGHT_TYPE : EUC_2D
NODE_COORD_SECTION
1 0.00 0.00
2 -8.31 88.58
3 -46.75 39.22
4 -9.13 -6.69
5 28.05 -48.72
6 0.98 76.06
7 38.35 -91.74
8 50.72 -1.27
9 96.40 25.14
10 56.36 25.35
11 57.01 62.72
12 -51.08 -26.29
13 70.97 36.61
14 -62.57 77.64
ACCEPTED_PROBABILITIES
0.00
0.60
0.51
0.50
0.54
0.53
0.60
0.51
0.55
0.55
0.54
0.56
0.56
0.55
OUTSOURCING_COSTS
0.00
0.21
19.92
20.56
12.51
14.86
0.21
18.54
10.27
10.51
12.77
8.86
7.84
11.21
