NAME : sz-18-prob_type-uniform-prob-0.15-fee_type-inverse_prob-fee-2.7
TYPE : TSP
DIMENSION : 18
EDGE_WEIGHT_TYPE : EUC_2D
NODE_COORD_SECTION
1 0.00 0.00
2 -32.88 -60.20
3 14.23 -78.04
4 26.70 -56.54
5 -81.17 21.04
6 -52.79 -36.38
7 37.70 42.66
8 38.54 -67.82
9 -28.49 -59.14
10 -83.73 38.58
11 -4.98 -72.71
12 6.33 -44.78
13 -49.22 29.04
14 -37.07 71.53
15 94.39 1.10
16 -10.49 0.66
17 38.62 53.90
18 -77.97 11.14
ACCEPTED_PROBABILITIES
0.00
0.11
0.20
0.14
0.10
0.16
0.20
0.19
0.13
0.18
0.10
0.20
0.14
0.13
0.13
0.13
0.18
0.20
OUTSOURCING_COSTS
0.00
15.20
0.39
8.99
15.25
6.41
0.41
2.13
10.51
2.30
15.72
0.16
8.88
11.51
11.00
11.10
2.41
0.16
