NAME : sz-19-prob_type-uniform-prob-0.50-fee_type-inverse_prob-fee-3.1
TYPE : TSP
DIMENSION : 19
EDGE_WEIGHT_TYPE : EUC_2D
NODE_COORD_SECTION
1 0.00 0.00
2 -1.08 95.37
3 49.92 38.31
4 -8.71 73.76
5 -54.97 -68.60
6 51.14 71.21
7 -78.91 -14.50
8 55.82 62.60
9 11.09 95.12
10 -15.71 15.03
11 -21.53 -19.50
12 42.64 66.32
13 64.99 -20.47
14 87.60 -12.16
15 -25.91 -14.99
16 -22.22 0.40
17 -83.60 13.45
18 11.35 -92.08
19 -7.31 38.60
ACCEPTED_PROBABILITIES
0.00
0.52
0.52
0.50
0.49
0.48
0.52
0.53
0.51
0.49
0.46
0.53
0.54
0.51
0.51
0.48
0.52
0.50
0.48
OUTSOURCING_COSTS
0.00
3.22
4.60
8.59
10.13
13.05
4.84
2.55
6.37
10.95
17.05
1.22
0.17
5.68
7.05
11.76
3.26
8.40
11.83
