NAME : sz-18-prob_type-uniform-prob-0.60-fee_type-direct_prob-fee-2.6
TYPE : TSP
DIMENSION : 18
EDGE_WEIGHT_TYPE : EUC_2D
NODE_COORD_SECTION
1 0.00 0.00
2 41.98 -58.21
3 -54.64 33.30
4 44.22 -61.33
5 14.17 -98.69
6 -16.69 -95.26
7 -6.92 -87.58
8 -58.46 -4.96
9 53.78 -64.89
10 -54.66 -64.96
11 -66.20 5.92
12 -47.96 -0.36
13 -41.47 17.70
14 -54.02 8.05
15 53.72 49.98
16 -35.00 14.94
17 18.62 -92.98
18 59.14 68.59
ACCEPTED_PROBABILITIES
0.00
0.64
0.62
0.61
0.64
0.62
0.64
0.64
0.62
0.61
0.62
0.63
0.61
0.60
0.63
0.63
0.59
0.56
OUTSOURCING_COSTS
0.00
15.14
11.68
9.85
14.48
10.39
13.71
14.64
10.77
9.66
11.66
12.41
8.44
6.33
12.88
13.54
5.95
0.15
