NAME : sz-17-prob_type-inverse_dist-prob-0.25-fee_type-inverse_prob-fee-3.2
TYPE : TSP
DIMENSION : 17
EDGE_WEIGHT_TYPE : EUC_2D
NODE_COORD_SECTION
1 0.00 0.00
2 40.00 58.35
3 -47.87 27.76
4 6.62 -97.70
5 88.89 43.34
6 -18.45 38.32
7 56.70 26.22
8 -36.60 -76.61
9 5.81 -94.77
10 -70.11 -30.99
11 -57.45 53.78
12 -48.84 79.77
13 -76.30 -23.90
14 37.57 37.76
15 44.73 29.98
16 -26.17 38.55
17 49.06 17.15
ACCEPTED_PROBABILITIES
0.00
0.19
0.36
0.25
0.25
0.23
0.23
0.28
0.24
0.27
0.28
0.25
0.22
0.17
0.15
0.18
0.13
OUTSOURCING_COSTS
0.00
15.25
0.20
9.38
9.54
11.60
11.15
7.25
10.81
8.31
7.06
9.75
12.56
17.04
18.34
16.16
19.80
