NAME : sz-19-prob_type-direct_dist-prob-0.50-fee_type-direct_prob-fee-2.5
TYPE : TSP
DIMENSION : 19
EDGE_WEIGHT_TYPE : EUC_2D
NODE_COORD_SECTION
1 0.00 0.00
2 -36.12 37.89
3 36.41 37.33
4 51.92 80.53
5 52.39 -57.33
6 -10.62 -94.65
7 22.54 70.74
8 29.00 75.85
9 -33.29 10.23
10 -66.13 2.87
11 55.23 10.31
12 -67.23 10.16
13 -11.68 20.44
14 70.90 -35.16
15 -4.37 -6.39
16 -52.02 22.85
17 47.53 -39.67
18 -20.95 39.73
19 -32.59 14.41
ACCEPTED_PROBABILITIES
0.00
0.52
0.62
0.65
0.43
0.69
0.58
0.69
0.56
0.58
0.62
0.48
0.53
0.49
0.50
0.41
0.60
0.51
0.55
OUTSOURCING_COSTS
0.00
5.63
10.60
11.97
1.11
13.75
8.48
13.75
7.30
8.45
10.33
3.70
6.06
4.14
4.65
0.14
9.70
5.15
6.86
