NAME : sz-16-prob_type-uniform-prob-0.05-fee_type-inverse_prob
TYPE : TSP
DIMENSION : 16
EDGE_WEIGHT_TYPE : EUC_2D
NODE_COORD_SECTION
1 0.00 0.00
2 30.32 14.03
3 30.24 7.36
4 -2.11 14.90
5 -41.35 10.88
6 31.13 5.87
7 -85.77 23.92
8 -8.13 48.09
9 44.38 -86.87
10 90.43 17.50
11 13.77 -76.30
12 28.54 90.29
13 -3.14 66.50
14 -7.16 -92.37
15 64.99 -68.05
16 -4.54 -35.65
ACCEPTED_PROBABILITIES
0.00
0.05
0.04
0.09
0.04
0.05
0.06
0.08
0.06
0.07
0.04
0.08
0.07
0.10
0.03
0.02
OUTSOURCING_COSTS
0.00
13.49
16.64
2.47
15.16
12.87
10.33
5.08
11.11
7.68
15.42
3.65
7.30
0.20
16.90
19.80
