NAME : sz-15-prob_type-uniform-prob-0.55-fee_type-inverse_prob-fee-3.5
TYPE : TSP
DIMENSION : 15
EDGE_WEIGHT_TYPE : EUC_2D
NODE_COORD_SECTION
1 0.00 0.00
2 -32.68 -50.88
3 15.48 -14.69
4 -12.85 -5.73
5 -6.19 -96.33
6 -87.75 -42.41
7 14.80 49.46
8 26.51 -33.18
9 -57.65 37.23
10 -3.47 -67.96
11 23.87 17.20
12 61.03 -74.83
13 -32.41 -2.14
14 -1.51 -21.59
15 -14.94 -8.67
ACCEPTED_PROBABILITIES
0.00
0.53
0.52
0.53
0.56
0.51
0.55
0.54
0.56
0.59
0.54
0.56
0.58
0.59
0.53
OUTSOURCING_COSTS
0.00
20.13
22.91
20.29
10.52
24.75
13.21
16.58
9.62
0.25
15.52
8.81
2.11
0.25
19.81
