NAME : sz-17-prob_type-uniform-prob-0.60-fee_type-inverse_prob-fee-3.5
TYPE : TSP
DIMENSION : 17
EDGE_WEIGHT_TYPE : EUC_2D
NODE_COORD_SECTION
1 0.00 0.00
2 -29.69 42.53
3 6.94 -64.03
4 57.86 -46.95
5 38.85 76.43
6 30.56 -22.50
7 -64.14 73.59
8 -15.74 -83.56
9 59.91 47.74
10 35.87 45.40
11 -10.12 45.28
12 -46.89 -14.60
13 55.02 81.48
14 -17.50 -23.44
15 83.17 29.37
16 -71.67 -1.12
17 74.20 -65.54
ACCEPTED_PROBABILITIES
0.00
0.63
0.65
0.57
0.55
0.64
0.63
0.62
0.64
0.60
0.64
0.57
0.62
0.64
0.58
0.57
0.62
OUTSOURCING_COSTS
0.00
4.27
0.22
17.58
21.66
1.57
3.28
6.76
3.00
11.49
1.91
18.17
6.15
0.97
16.07
18.89
7.73
