NAME : sz-15-prob_type-inverse_dist-prob-0.25-fee_type-direct_prob-fee-3.5
TYPE : TSP
DIMENSION : 15
EDGE_WEIGHT_TYPE : EUC_2D
NODE_COORD_SECTION
1 0.00 0.00
2 26.09 -55.64
3 10.99 -34.12
4 -73.23 -46.95
5 48.73 -29.08
6 -24.40 84.81
7 56.25 2.13
8 74.76 50.03
9 -5.95 -60.72
10 -24.43 -89.97
11 35.77 62.07
12 2.47 -53.29
13 -48.53 -6.08
14 -17.44 -18.39
15 -8.37 -45.57
ACCEPTED_PROBABILITIES
0.00
0.22
0.11
0.23
0.30
0.26
0.24
0.23
0.28
0.24
0.20
0.18
0.34
0.19
0.24
OUTSOURCING_COSTS
0.00
12.31
0.25
13.10
21.15
16.00
13.59
13.44
18.76
14.46
9.55
7.31
24.75
8.44
14.29
