NAME : sz-19-prob_type-uniform-prob-0.10-fee_type-inverse_prob-fee-2.7
TYPE : TSP
DIMENSION : 19
EDGE_WEIGHT_TYPE : EUC_2D
NODE_COORD_SECTION
1 0.00 0.00
2 -89.73 -25.04
3 24.04 -36.54
4 43.97 -46.11
5 -31.75 29.76
6 -1.78 51.19
7 45.28 -5.18
8 -39.19 -67.74
9 51.02 -0.64
10 75.84 60.90
11 -71.11 62.66
12 -24.86 71.36
13 -36.83 73.29
14 -28.16 1.78
15 -93.57 2.12
16 -66.94 46.85
17 12.53 -1.49
18 10.16 1.16
19 -53.63 -55.92
ACCEPTED_PROBABILITIES
0.00
0.08
0.07
0.13
0.14
0.07
0.14
0.13
0.14
0.14
0.12
0.11
0.07
0.12
0.14
0.12
0.10
0.08
0.06
OUTSOURCING_COSTS
0.00
12.07
12.72
2.35
0.15
12.87
1.41
3.32
1.44
0.15
4.57
6.73
13.26
4.59
0.39
3.86
7.01
11.75
14.85
