NAME : sz-17-prob_type-uniform-prob-0.15-fee_type-inverse_prob-fee-2.9
TYPE : TSP
DIMENSION : 17
EDGE_WEIGHT_TYPE : EUC_2D
NODE_COORD_SECTION
1 0.00 0.00
2 71.74 59.39
3 41.69 -83.62
4 46.79 -78.98
5 45.82 -87.79
6 -39.20 43.08
7 -66.28 50.86
8 -33.59 25.71
9 -1.70 -54.44
10 -19.27 -10.27
11 23.88 -11.48
12 40.61 -60.00
13 2.00 69.07
14 -9.40 -36.92
15 48.11 -62.60
16 35.50 -45.16
17 -25.99 -87.14
ACCEPTED_PROBABILITIES
0.00
0.11
0.18
0.11
0.10
0.17
0.14
0.16
0.12
0.17
0.13
0.18
0.14
0.14
0.13
0.16
0.20
OUTSOURCING_COSTS
0.00
17.63
4.29
17.00
17.94
4.84
10.17
6.89
14.82
5.83
12.54
2.66
11.28
11.31
12.94
7.45
0.18
