NAME : sz-14-prob_type-uniform-prob-0.55-fee_type-inverse_prob-fee-3.2
TYPE : TSP
DIMENSION : 14
EDGE_WEIGHT_TYPE : EUC_2D
NODE_COORD_SECTION
1 0.00 0.00
2 1.37 38.18
3 -26.78 -89.22
4 -37.63 47.54
5 6.33 5.35
6 -43.87 -79.21
7 -83.36 -47.13
8 37.29 -16.77
9 7.75 -77.56
10 48.96 3.71
11 -6.47 7.05
12 -34.42 -12.06
13 -0.08 -16.05
14 -76.25 -42.62
ACCEPTED_PROBABILITIES
0.00
0.58
0.58
0.54
0.53
0.59
0.56
0.57
0.50
0.51
0.58
0.51
0.57
0.54
OUTSOURCING_COSTS
0.00
0.78
0.60
12.37
14.82
0.25
7.37
4.50
24.37
22.55
1.94
21.32
5.71
13.43
