NAME : sz-16-prob_type-uniform-prob-0.60-fee_type-direct_prob-fee-2.8
TYPE : TSP
DIMENSION : 16
EDGE_WEIGHT_TYPE : EUC_2D
NODE_COORD_SECTION
1 0.00 0.00
2 -9.59 -38.65
3 -70.66 -2.59
4 58.46 -39.74
5 -10.69 99.25
6 31.77 -6.46
7 -40.80 -19.05
8 -55.88 71.45
9 78.19 27.51
10 87.27 -23.47
11 95.77 19.64
12 41.65 70.53
13 -14.33 -23.08
14 -37.06 -26.26
15 -15.95 -92.66
16 23.69 30.04
ACCEPTED_PROBABILITIES
0.00
0.62
0.57
0.63
0.59
0.63
0.58
0.60
0.56
0.64
0.62
0.65
0.60
0.59
0.61
0.62
OUTSOURCING_COSTS
0.00
12.29
3.19
15.10
7.60
14.29
5.67
8.69
0.19
16.86
12.84
18.48
7.97
7.33
11.87
13.69
