NAME : sz-18-prob_type-uniform-prob-0.55-fee_type-direct_prob-fee-2.7
TYPE : TSP
DIMENSION : 18
EDGE_WEIGHT_TYPE : EUC_2D
NODE_COORD_SECTION
1 0.00 0.00
2 -9.25 -19.35
3 -49.62 -73.20
4 45.90 33.00
5 -64.50 24.29
6 -21.02 -85.68
7 -40.95 24.77
8 -53.80 13.42
9 84.17 -12.24
10 -11.05 22.16
11 60.85 -52.34
12 -19.33 -25.82
13 -98.62 14.03
14 55.30 -48.36
15 -80.29 35.16
16 -95.05 -17.15
17 56.75 49.91
18 75.34 -47.09
ACCEPTED_PROBABILITIES
0.00
0.51
0.56
0.58
0.59
0.60
0.51
0.55
0.55
0.58
0.55
0.57
0.59
0.53
0.54
0.54
0.58
0.50
OUTSOURCING_COSTS
0.00
1.89
10.24
13.94
15.41
15.72
0.47
7.93
8.54
13.18
8.11
11.43
15.08
3.67
6.54
7.06
13.53
0.16
