NAME : sz-15-prob_type-uniform-prob-0.55-fee_type-direct_prob
TYPE : TSP
DIMENSION : 15
EDGE_WEIGHT_TYPE : EUC_2D
NODE_COORD_SECTION
1 0.00 0.00
2 -95.42 10.77
3 -43.78 0.68
4 -51.57 73.84
5 65.66 -63.63
6 -94.38 -10.62
7 1.38 -95.36
8 67.34 -24.00
9 -45.42 -77.21
10 -19.46 55.38
11 -71.67 67.97
12 83.03 -5.49
13 80.98 46.25
14 46.56 -59.65
15 -12.89 62.45
ACCEPTED_PROBABILITIES
0.00
0.56
0.57
0.52
0.54
0.57
0.57
0.60
0.57
0.54
0.60
0.54
0.51
0.56
0.51
OUTSOURCING_COSTS
0.00
12.95
14.05
4.46
7.16
14.01
15.41
20.87
14.47
7.48
21.21
8.54
0.75
13.48
0.21
