NAME : sz-18-prob_type-inverse_dist-prob-0.50-fee_type-direct_prob-fee-2.9
TYPE : TSP
DIMENSION : 18
EDGE_WEIGHT_TYPE : EUC_2D
NODE_COORD_SECTION
1 0.00 0.00
2 -82.11 -42.62
3 8.68 -84.65
4 59.31 -24.18
5 20.83 -61.73
6 -30.45 -27.39
7 -73.59 39.83
8 55.73 3.13
9 33.76 38.90
10 -0.39 -92.34
11 -78.96 -5.36
12 -55.71 66.18
13 -36.25 -86.08
14 86.56 -17.86
15 37.02 -19.14
16 22.86 -48.43
17 -30.88 43.23
18 40.31 -37.12
ACCEPTED_PROBABILITIES
0.00
0.52
0.51
0.50
0.53
0.58
0.49
0.53
0.48
0.50
0.54
0.49
0.50
0.53
0.58
0.45
0.53
0.45
OUTSOURCING_COSTS
0.00
8.17
7.65
6.78
9.68
15.99
5.53
10.27
4.32
5.68
11.03
5.05
6.25
9.69
16.89
0.17
10.05
0.25
