NAME : sz-18-prob_type-inverse_dist-prob-0.50-fee_type-inverse_prob-fee-3.2
TYPE : TSP
DIMENSION : 18
EDGE_WEIGHT_TYPE : EUC_2D
NODE_COORD_SECTION
1 0.00 0.00
2 -24.31 -12.16
3 -8.47 -34.62
4 21.07 -59.11
5 -4.83 68.19
6 53.65 41.48
7 -30.72 90.55
8 -26.60 33.86
9 -0.38 63.13
10 3.42 -77.73
11 48.88 -60.60
12 33.84 -37.17
13 27.21 32.96
14 49.88 -2.57
15 -72.30 56.47
16 46.17 23.76
17 -4.44 30.59
18 55.92 62.74
ACCEPTED_PROBABILITIES
0.00
0.49
0.66
0.51
0.50
0.55
0.51
0.51
0.55
0.51
0.51
0.39
0.47
0.38
0.52
0.58
0.39
0.50
OUTSOURCING_COSTS
0.00
11.21
0.19
10.11
10.47
7.46
10.20
10.05
7.14
9.63
10.12
18.16
12.89
18.64
9.32
5.02
18.30
10.38
