NAME : sz-15-prob_type-uniform-prob-0.15-fee_type-direct_prob-fee-2.7
TYPE : TSP
DIMENSION : 15
EDGE_WEIGHT_TYPE : EUC_2D
NODE_COORD_SECTION
1 0.00 0.00
2 -97.08 3.12
3 19.16 -8.73
4 -48.66 -76.25
5 -13.22 -19.23
6 -73.12 66.87
7 -46.88 17.12
8 16.18 -35.97
9 29.93 90.78
10 83.65 -51.27
11 65.89 -46.12
12 -36.94 -59.72
13 -65.07 71.82
14 -83.41 -3.31
15 47.34 -30.67
ACCEPTED_PROBABILITIES
0.00
0.16
0.16
0.14
0.20
0.10
0.18
0.17
0.15
0.16
0.17
0.15
0.13
0.18
0.14
OUTSOURCING_COSTS
0.00
12.62
12.80
7.34
19.09
0.19
16.59
14.86
8.96
11.22
14.39
9.83
5.40
14.95
8.47
