NAME : sz-18-prob_type-direct_dist-prob-0.25-fee_type-inverse_prob-fee-2.5
TYPE : TSP
DIMENSION : 18
EDGE_WEIGHT_TYPE : EUC_2D
NODE_COORD_SECTION
1 0.00 0.00
2 56.86 80.64
3 -53.63 -41.62
4 25.64 94.34
5 83.91 -2.15
6 -10.81 -41.96
7 9.53 -72.81
8 -2.49 -52.24
9 -71.52 54.03
10 24.70 -7.24
11 16.10 7.24
12 -39.65 -14.11
13 -80.87 34.53
14 3.91 1.92
15 -71.49 -28.85
16 59.44 -16.32
17 -17.87 26.78
18 63.77 -44.31
ACCEPTED_PROBABILITIES
0.00
0.36
0.41
0.16
0.29
0.29
0.28
0.15
0.22
0.22
0.25
0.15
0.42
0.24
0.41
0.31
0.26
0.10
OUTSOURCING_COSTS
0.00
2.81
0.44
12.01
5.88
6.14
6.38
12.32
9.16
9.05
7.77
12.33
0.15
8.29
0.60
4.94
7.28
14.56
