NAME : sz-15-prob_type-inverse_dist-prob-0.50-fee_type-inverse_prob-fee-3.4
TYPE : TSP
DIMENSION : 15
EDGE_WEIGHT_TYPE : EUC_2D
NODE_COORD_SECTION
1 0.00 0.00
2 -76.85 57.83
3 -14.97 18.87
4 -73.30 -34.42
5 60.02 18.91
6 2.19 -11.43
7 -40.18 -63.29
8 -83.73 -34.42
9 87.60 45.63
10 -26.43 -11.50
11 -75.85 -18.08
12 -52.39 74.45
13 -1.74 35.75
14 -32.02 89.27
15 -56.63 -62.69
ACCEPTED_PROBABILITIES
0.00
0.50
0.45
0.45
0.51
0.60
0.56
0.51
0.50
0.33
0.45
0.51
0.58
0.49
0.50
OUTSOURCING_COSTS
0.00
8.74
13.10
13.04
8.27
0.24
3.67
8.10
8.95
24.04
13.33
7.50
1.88
9.27
8.91
