NAME : sz-14-prob_type-direct_dist-prob-0.25-fee_type-direct_prob-fee-3.5
TYPE : TSP
DIMENSION : 14
EDGE_WEIGHT_TYPE : EUC_2D
NODE_COORD_SECTION
1 0.00 0.00
2 -60.29 5.89
3 54.98 49.00
4 -47.27 30.94
5 11.87 -67.71
6 -44.64 83.33
7 -18.58 18.71
8 72.02 -61.71
9 3.79 -78.72
10 39.63 -81.99
11 -52.07 44.86
12 -57.17 48.10
13 -74.89 -21.08
14 -12.82 86.90
ACCEPTED_PROBABILITIES
0.00
0.19
0.16
0.29
0.39
0.48
0.22
0.32
0.38
0.35
0.36
0.12
0.41
0.07
OUTSOURCING_COSTS
0.00
8.06
5.95
14.34
20.93
26.65
9.58
16.23
20.57
18.61
19.15
3.37
22.36
0.27
