NAME : sz-19-prob_type-uniform-prob-0.40-fee_type-direct_prob-fee-3.5
TYPE : TSP
DIMENSION : 19
EDGE_WEIGHT_TYPE : EUC_2D
NODE_COORD_SECTION
1 0.00 0.00
2 68.29 -16.71
3 89.25 40.00
4 90.83 14.97
5 91.96 32.72
6 95.10 0.87
7 -52.96 -50.27
8 78.65 52.26
9 27.31 -15.93
10 -11.16 -2.37
11 -35.93 53.00
12 45.39 61.99
13 -21.10 68.98
14 -48.64 -69.75
15 -9.45 -75.60
16 -9.99 79.19
17 -50.59 37.62
18 6.50 -51.41
19 -30.73 -76.50
ACCEPTED_PROBABILITIES
0.00
0.43
0.37
0.39
0.42
0.38
0.39
0.42
0.41
0.36
0.42
0.44
0.35
0.40
0.40
0.36
0.36
0.45
0.42
OUTSOURCING_COSTS
0.00
16.13
2.92
7.96
15.08
6.51
8.35
14.20
11.23
1.36
13.51
18.10
0.19
9.91
10.04
2.16
2.61
19.25
15.12
