NAME : sz-17-prob_type-direct_dist-prob-0.50-fee_type-inverse_prob-fee-2.5
TYPE : TSP
DIMENSION : 17
EDGE_WEIGHT_TYPE : EUC_2D
NODE_COORD_SECTION
1 0.00 0.00
2 15.27 13.01
3 -42.15 -17.02
4 -50.02 20.68
5 -39.06 -15.17
6 86.17 -28.81
7 13.73 -35.30
8 47.86 -77.65
9 86.02 2.10
10 46.10 28.16
11 -71.38 68.62
12 3.05 42.01
13 -7.50 -8.94
14 30.77 -69.88
15 41.47 85.27
16 8.40 80.08
17 -61.27 30.02
ACCEPTED_PROBABILITIES
0.00
0.48
0.50
0.63
0.41
0.57
0.54
0.29
0.44
0.53
0.32
0.47
0.49
0.36
0.37
0.46
0.43
OUTSOURCING_COSTS
0.00
6.82
5.94
0.16
9.90
2.61
4.27
15.47
8.56
4.65
13.94
7.16
6.51
12.50
11.94
7.73
8.93
