NAME : sz-16-prob_type-uniform-prob-0.25-fee_type-inverse_prob-fee-2.5
TYPE : TSP
DIMENSION : 16
EDGE_WEIGHT_TYPE : EUC_2D
NODE_COORD_SECTION
1 0.00 0.00
2 31.00 58.94
3 -38.21 -28.96
4 70.26 65.81
5 -58.13 -69.15
6 14.22 -63.05
7 -32.97 -53.88
8 47.56 47.29
9 21.36 13.74
10 45.42 60.54
11 20.79 87.86
12 -17.43 -46.72
13 63.67 -28.20
14 -24.86 84.34
15 6.66 -49.31
16 34.85 92.29
ACCEPTED_PROBABILITIES
0.00
0.21
0.29
0.24
0.26
0.30
0.29
0.29
0.28
0.29
0.21
0.26
0.20
0.22
0.28
0.21
OUTSOURCING_COSTS
0.00
15.11
0.73
10.58
6.31
0.17
0.57
2.09
3.10
0.49
14.99
7.37
16.50
13.94
3.56
15.69
