NAME : sz-14-prob_type-uniform-prob-0.10-fee_type-inverse_prob-fee-2.8
TYPE : TSP
DIMENSION : 14
EDGE_WEIGHT_TYPE : EUC_2D
NODE_COORD_SECTION
1 0.00 0.00
2 49.82 13.03
3 -60.89 30.57
4 76.92 62.06
5 -33.04 34.96
6 -20.03 42.80
7 -5.09 26.20
8 -90.26 10.42
9 -52.06 -60.42
10 -68.07 -17.91
11 80.69 37.03
12 -3.89 -92.95
13 51.47 68.26
14 -12.68 -14.29
ACCEPTED_PROBABILITIES
0.00
0.14
0.07
0.13
0.14
0.13
0.11
0.14
0.14
0.11
0.08
0.14
0.14
0.09
OUTSOURCING_COSTS
0.00
0.23
21.32
3.58
2.78
3.28
10.86
0.22
0.48
9.18
19.65
2.19
1.46
14.76
