NAME : sz-15-prob_type-direct_dist-prob-0.25-fee_type-inverse_prob-fee-2.6
TYPE : TSP
DIMENSION : 15
EDGE_WEIGHT_TYPE : EUC_2D
NODE_COORD_SECTION
1 0.00 0.00
2 -5.08 -71.35
3 62.71 68.22
4 51.29 57.25
5 46.51 6.84
6 -28.15 37.14
7 -27.43 32.44
8 -53.72 53.81
9 -54.29 -44.54
10 8.74 11.99
11 68.90 -31.55
12 44.51 46.68
13 -37.62 -8.41
14 74.82 50.06
15 -43.56 65.46
ACCEPTED_PROBABILITIES
0.00
0.19
0.47
0.26
0.34
0.31
0.28
0.10
0.32
0.23
0.06
0.36
0.34
0.32
0.27
OUTSOURCING_COSTS
0.00
12.87
0.19
9.41
6.16
7.25
8.62
16.71
6.74
10.98
18.39
4.95
6.05
6.93
9.23
