NAME : sz-18-prob_type-uniform-prob-0.40-fee_type-direct_prob-fee-2.8
TYPE : TSP
DIMENSION : 18
EDGE_WEIGHT_TYPE : EUC_2D
NODE_COORD_SECTION
1 0.00 0.00
2 44.59 45.32
3 -46.95 39.79
4 -72.14 11.02
5 25.83 -29.68
6 52.39 17.09
7 -42.67 -21.86
8 -42.82 -31.37
9 16.21 39.32
10 -14.48 -77.43
11 -36.45 13.56
12 24.92 -49.90
13 49.72 65.21
14 -25.50 14.69
15 -16.91 -27.77
16 68.23 -45.28
17 -77.44 -47.43
18 -97.98 -7.61
ACCEPTED_PROBABILITIES
0.00
0.45
0.36
0.44
0.44
0.43
0.39
0.37
0.37
0.35
0.37
0.43
0.38
0.38
0.36
0.39
0.38
0.42
OUTSOURCING_COSTS
0.00
16.31
1.07
14.33
14.66
12.52
6.02
2.22
2.76
0.16
2.42
12.39
4.96
4.00
1.06
6.89
4.87
11.78
