NAME : sz-16-prob_type-uniform-prob-0.05-fee_type-inverse_prob-fee-2.8
TYPE : TSP
DIMENSION : 16
EDGE_WEIGHT_TYPE : EUC_2D
NODE_COORD_SECTION
1 0.00 0.00
2 28.72 33.12
3 38.28 71.83
4 13.40 -35.85
5 24.50 26.32
6 -64.56 2.20
7 -36.35 -77.53
8 -10.95 68.89
9 18.82 5.90
10 -41.17 -81.65
11 6.85 84.46
12 -70.67 45.47
13 52.45 18.12
14 4.45 -7.99
15 -55.87 -33.51
16 -72.29 -46.00
ACCEPTED_PROBABILITIES
0.00
0.05
0.09
0.09
0.10
0.10
0.02
0.08
0.06
0.10
0.05
0.03
0.07
0.03
0.04
0.10
OUTSOURCING_COSTS
0.00
11.14
2.72
3.12
0.19
0.62
18.48
5.13
8.78
0.53
10.67
16.95
7.90
15.54
14.35
0.19
