NAME : sz-15-prob_type-uniform-prob-0.30-fee_type-inverse_prob-fee-3.2
TYPE : TSP
DIMENSION : 15
EDGE_WEIGHT_TYPE : EUC_2D
NODE_COORD_SECTION
1 0.00 0.00
2 -10.45 94.87
3 32.42 90.55
4 94.54 25.40
5 86.78 33.22
6 -22.56 59.99
7 61.79 58.20
8 60.69 -10.89
9 56.03 -24.76
10 -62.31 -18.01
11 -36.27 87.76
12 7.67 46.98
13 71.76 -69.22
14 29.54 -14.89
15 -7.12 19.38
ACCEPTED_PROBABILITIES
0.00
0.30
0.33
0.26
0.31
0.27
0.32
0.34
0.34
0.33
0.26
0.30
0.26
0.33
0.28
OUTSOURCING_COSTS
0.00
12.67
2.50
22.63
9.84
18.27
5.07
0.23
1.40
4.53
21.23
10.93
21.52
2.83
17.60
