NAME : sz-15-prob_type-uniform-prob-0.05-fee_type-direct_prob-fee-2.6
TYPE : TSP
DIMENSION : 15
EDGE_WEIGHT_TYPE : EUC_2D
NODE_COORD_SECTION
1 0.00 0.00
2 -19.50 -59.86
3 71.41 -13.77
4 14.97 -36.34
5 2.48 71.69
6 -7.62 -99.59
7 -58.20 20.22
8 91.25 -12.76
9 10.63 20.94
10 -91.16 -7.25
11 46.16 -88.46
12 1.24 63.94
13 -3.11 -92.00
14 -38.40 82.21
15 -52.59 58.93
ACCEPTED_PROBABILITIES
0.00
0.03
0.08
0.03
0.00
0.04
0.01
0.06
0.02
0.08
0.03
0.10
0.05
0.00
0.01
OUTSOURCING_COSTS
0.00
5.83
14.73
4.63
0.19
7.92
0.34
11.77
3.66
15.18
6.14
18.39
9.25
0.19
1.94
