NAME : sz-14-prob_type-uniform-prob-0.10-fee_type-direct_prob-fee-3.5
TYPE : TSP
DIMENSION : 14
EDGE_WEIGHT_TYPE : EUC_2D
NODE_COORD_SECTION
1 0.00 0.00
2 36.44 -62.99
3 44.45 3.63
4 61.67 8.79
5 16.98 1.63
6 12.22 -67.03
7 43.46 -88.53
8 39.52 -79.77
9 63.09 -27.96
10 -40.40 -18.95
11 24.09 -93.71
12 15.02 -12.04
13 86.45 15.55
14 -14.53 8.42
ACCEPTED_PROBABILITIES
0.00
0.11
0.14
0.06
0.09
0.06
0.12
0.11
0.12
0.09
0.11
0.08
0.07
0.09
OUTSOURCING_COSTS
0.00
17.15
26.65
0.27
10.07
1.29
18.44
15.96
18.86
10.93
15.08
7.60
4.36
9.98
