NAME : sz-17-prob_type-uniform-prob-0.60-fee_type-direct_prob-fee-2.5
TYPE : TSP
DIMENSION : 17
EDGE_WEIGHT_TYPE : EUC_2D
NODE_COORD_SECTION
1 0.00 0.00
2 63.90 20.94
3 57.53 14.65
4 -56.71 25.47
5 -11.48 -23.89
6 79.11 -33.61
7 -48.64 78.52
8 71.63 -15.15
9 -59.78 59.62
10 -3.48 -12.61
11 31.24 8.72
12 96.26 26.10
13 -5.65 43.19
14 40.64 -83.64
15 60.64 16.47
16 12.07 -50.47
17 -1.16 -88.96
ACCEPTED_PROBABILITIES
0.00
0.62
0.65
0.58
0.63
0.62
0.56
0.57
0.63
0.64
0.63
0.55
0.63
0.61
0.59
0.60
0.63
OUTSOURCING_COSTS
0.00
11.63
15.47
3.97
13.07
11.55
0.93
2.33
12.89
14.87
13.53
0.16
13.26
8.67
5.35
7.85
13.12
