NAME : sz-14-prob_type-uniform-prob-0.40-fee_type-inverse_prob-fee-2.8
TYPE : TSP
DIMENSION : 14
EDGE_WEIGHT_TYPE : EUC_2D
NODE_COORD_SECTION
1 0.00 0.00
2 35.69 73.97
3 53.70 57.91
4 -47.99 58.83
5 -4.00 -42.53
6 4.38 52.30
7 -45.60 65.26
8 -30.29 -51.50
9 47.22 -39.78
10 66.20 10.42
11 -41.29 3.42
12 -54.80 1.73
13 27.68 -59.40
14 59.94 19.69
ACCEPTED_PROBABILITIES
0.00
0.37
0.43
0.44
0.40
0.41
0.40
0.45
0.37
0.39
0.39
0.42
0.42
0.40
OUTSOURCING_COSTS
0.00
19.41
3.14
0.76
13.60
10.75
13.06
0.22
21.32
15.92
14.97
8.20
5.68
13.10
