NAME : sz-16-prob_type-inverse_dist-prob-0.50-fee_type-direct_prob-fee-2.5
TYPE : TSP
DIMENSION : 16
EDGE_WEIGHT_TYPE : EUC_2D
NODE_COORD_SECTION
1 0.00 0.00
2 54.54 -73.10
3 12.24 38.39
4 -7.05 89.77
5 14.26 21.11
6 30.79 80.99
7 33.21 55.38
8 76.70 42.39
9 79.33 3.72
10 30.85 -37.59
11 -44.58 72.90
12 55.01 -22.87
13 -73.64 -50.78
14 39.07 -35.71
15 -46.38 36.08
16 14.04 -94.83
ACCEPTED_PROBABILITIES
0.00
0.51
0.42
0.52
0.59
0.49
0.45
0.49
0.53
0.59
0.49
0.49
0.49
0.58
0.59
0.51
OUTSOURCING_COSTS
0.00
8.35
0.17
10.16
16.45
6.43
2.74
7.04
10.69
16.50
6.95
7.02
7.10
15.79
16.11
8.81
