NAME : sz-14-prob_type-direct_dist-prob-0.50-fee_type-direct_prob-fee-2.7
TYPE : TSP
DIMENSION : 14
EDGE_WEIGHT_TYPE : EUC_2D
NODE_COORD_SECTION
1 0.00 0.00
2 81.72 37.19
3 51.21 -62.62
4 -42.83 -8.38
5 -26.88 -69.43
6 13.53 -4.44
7 -73.64 6.63
8 -89.21 -36.27
9 27.60 -15.95
10 -20.87 -0.88
11 74.23 -15.37
12 30.55 48.04
13 -3.81 39.16
14 -34.21 -93.18
ACCEPTED_PROBABILITIES
0.00
0.29
0.33
0.59
0.54
0.49
0.48
0.73
0.44
0.48
0.65
0.42
0.59
0.32
OUTSOURCING_COSTS
0.00
0.21
1.92
14.35
11.82
9.45
9.08
20.56
6.94
8.75
17.16
6.27
14.09
1.15
