NAME : sz-16-prob_type-uniform-prob-0.55-fee_type-direct_prob-fee-3.5
TYPE : TSP
DIMENSION : 16
EDGE_WEIGHT_TYPE : EUC_2D
NODE_COORD_SECTION
1 0.00 0.00
2 -42.52 41.44
3 83.30 -20.94
4 -10.05 -61.25
5 -19.02 -9.41
6 20.15 69.61
7 -22.05 -67.99
8 -8.14 -77.86
9 -71.68 60.03
10 -36.26 -19.02
11 15.27 95.68
12 -39.58 22.63
13 -2.80 -39.86
14 -19.08 -31.35
15 18.30 43.63
16 -33.54 -34.07
ACCEPTED_PROBABILITIES
0.00
0.51
0.57
0.54
0.54
0.57
0.58
0.52
0.57
0.57
0.51
0.52
0.57
0.55
0.53
0.58
OUTSOURCING_COSTS
0.00
0.23
20.89
11.84
10.38
21.99
22.99
1.98
20.40
22.38
1.75
4.51
19.02
12.49
7.78
23.10
