NAME : sz-19-prob_type-uniform-prob-0.10-fee_type-inverse_prob-fee-3.4
TYPE : TSP
DIMENSION : 19
EDGE_WEIGHT_TYPE : EUC_2D
NODE_COORD_SECTION
1 0.00 0.00
2 82.45 -14.67
3 -30.66 -30.74
4 -27.44 0.18
5 -57.18 -8.40
6 -74.46 -40.89
7 8.28 -23.53
8 -54.64 -55.50
9 39.78 79.72
10 -62.65 30.77
11 40.28 -74.51
12 -35.50 29.39
13 -11.86 -59.00
14 48.56 77.64
15 -89.92 -10.62
16 -62.90 6.06
17 5.35 12.51
18 -16.98 18.42
19 -79.29 -8.14
ACCEPTED_PROBABILITIES
0.00
0.07
0.07
0.14
0.13
0.09
0.14
0.13
0.10
0.13
0.08
0.07
0.11
0.09
0.09
0.13
0.08
0.11
0.14
OUTSOURCING_COSTS
0.00
17.00
18.70
2.26
3.08
12.31
0.19
3.23
11.63
4.05
16.03
17.42
7.34
13.95
14.03
4.63
16.36
8.49
0.41
