NAME : sz-19-prob_type-uniform-prob-0.25-fee_type-direct_prob-fee-3.5
TYPE : TSP
DIMENSION : 19
EDGE_WEIGHT_TYPE : EUC_2D
NODE_COORD_SECTION
1 0.00 0.00
2 -18.02 -86.82
3 66.65 -49.07
4 -43.07 -33.34
5 7.42 76.39
6 -63.88 -45.52
7 -26.68 -38.69
8 80.52 44.84
9 -72.59 -52.35
10 -71.98 -15.63
11 29.60 57.72
12 29.64 -11.32
13 81.66 -13.22
14 29.34 -46.02
15 69.16 -61.54
16 -71.85 14.04
17 -81.71 -4.91
18 28.39 -51.89
19 54.90 -2.45
ACCEPTED_PROBABILITIES
0.00
0.29
0.20
0.20
0.23
0.29
0.29
0.25
0.26
0.25
0.29
0.22
0.21
0.24
0.28
0.21
0.21
0.29
0.26
OUTSOURCING_COSTS
0.00
18.99
0.61
0.19
6.44
19.25
18.47
10.41
13.09
11.17
19.07
4.31
2.84
8.03
15.84
1.84
1.65
17.99
12.42
