NAME : sz-16-prob_type-uniform-prob-0.10-fee_type-inverse_prob-fee-2.9
TYPE : TSP
DIMENSION : 16
EDGE_WEIGHT_TYPE : EUC_2D
NODE_COORD_SECTION
1 0.00 0.00
2 -75.53 -1.38
3 32.99 86.03
4 28.34 -63.37
5 -77.62 -35.75
6 42.68 -8.90
7 -83.55 -54.09
8 13.19 29.07
9 -0.27 95.24
10 -1.30 22.02
11 -8.90 72.22
12 -39.74 -76.76
13 34.91 -54.89
14 17.53 -57.97
15 -39.83 -73.08
16 0.62 -71.63
ACCEPTED_PROBABILITIES
0.00
0.08
0.15
0.13
0.09
0.06
0.08
0.09
0.13
0.10
0.14
0.10
0.13
0.07
0.13
0.07
OUTSOURCING_COSTS
0.00
15.51
0.19
3.27
12.28
19.14
15.70
12.17
3.56
10.34
1.84
10.40
4.64
16.41
4.49
16.63
