NAME : sz-18-prob_type-direct_dist-prob-0.25-fee_type-inverse_prob-fee-3.5
TYPE : TSP
DIMENSION : 18
EDGE_WEIGHT_TYPE : EUC_2D
NODE_COORD_SECTION
1 0.00 0.00
2 -49.55 40.83
3 16.98 64.86
4 23.92 85.56
5 -14.05 -89.77
6 56.15 -16.88
7 16.16 41.79
8 47.04 63.21
9 22.95 -12.63
10 -12.98 -83.35
11 10.82 54.55
12 -37.52 -44.79
13 7.02 -9.21
14 53.98 83.31
15 -13.74 67.58
16 43.59 -89.10
17 72.18 -51.60
18 -70.54 -56.83
ACCEPTED_PROBABILITIES
0.00
0.20
0.09
0.36
0.46
0.14
0.19
0.10
0.26
0.26
0.15
0.30
0.27
0.24
0.29
0.04
0.18
0.03
OUTSOURCING_COSTS
0.00
12.46
17.62
4.77
0.21
15.19
12.86
17.55
9.48
9.86
14.81
7.95
9.20
10.43
8.42
20.28
13.53
20.38
