NAME : sz-16-prob_type-uniform-prob-0.25-fee_type-direct_prob
TYPE : TSP
DIMENSION : 16
EDGE_WEIGHT_TYPE : EUC_2D
NODE_COORD_SECTION
1 0.00 0.00
2 -74.39 11.05
3 -20.62 92.79
4 78.96 33.73
5 26.63 -21.39
6 -25.51 50.55
7 -41.43 72.70
8 -58.61 22.53
9 80.72 -58.39
10 -3.00 79.74
11 18.88 97.23
12 29.47 -11.56
13 -45.99 4.30
14 57.52 3.01
15 65.49 -22.27
16 -48.86 27.59
ACCEPTED_PROBABILITIES
0.00
0.30
0.26
0.24
0.30
0.23
0.29
0.25
0.30
0.22
0.26
0.28
0.24
0.26
0.27
0.22
OUTSOURCING_COSTS
0.00
19.07
9.27
5.33
19.80
2.23
18.41
7.07
19.80
0.20
10.41
15.50
5.64
9.66
12.32
0.46
