NAME : sz-18-prob_type-uniform-prob-0.30-fee_type-inverse_prob-fee-2.7
TYPE : TSP
DIMENSION : 18
EDGE_WEIGHT_TYPE : EUC_2D
NODE_COORD_SECTION
1 0.00 0.00
2 -13.27 -40.12
3 -11.00 -60.53
4 -35.66 -13.01
5 -87.23 -27.95
6 35.07 78.17
7 9.35 -87.96
8 61.47 -51.78
9 2.05 60.48
10 -5.24 90.90
11 -84.65 35.39
12 23.09 7.71
13 -47.69 -66.45
14 35.35 83.25
15 0.56 49.43
16 -60.66 71.84
17 61.91 9.73
18 -1.02 -62.44
ACCEPTED_PROBABILITIES
0.00
0.30
0.33
0.25
0.28
0.31
0.28
0.29
0.29
0.25
0.25
0.32
0.34
0.29
0.32
0.33
0.26
0.28
OUTSOURCING_COSTS
0.00
7.77
3.12
15.72
10.26
5.86
11.20
8.99
8.57
15.72
15.70
4.28
0.16
8.74
3.73
2.78
13.98
10.83
