NAME : sz-15-prob_type-uniform-prob-0.35-fee_type-direct_prob-fee-2.7
TYPE : TSP
DIMENSION : 15
EDGE_WEIGHT_TYPE : EUC_2D
NODE_COORD_SECTION
1 0.00 0.00
2 70.56 -0.03
3 94.03 31.30
4 -22.69 50.75
5 -39.81 -59.99
6 69.35 9.91
7 -81.66 -6.61
8 50.24 11.41
9 58.85 8.58
10 -13.84 -88.50
11 6.66 -51.77
12 -54.31 -5.66
13 39.75 -60.21
14 43.20 -45.50
15 -9.60 -8.38
ACCEPTED_PROBABILITIES
0.00
0.39
0.39
0.32
0.33
0.36
0.34
0.38
0.32
0.36
0.34
0.35
0.33
0.31
0.33
OUTSOURCING_COSTS
0.00
19.09
18.32
1.25
5.46
11.70
6.65
17.85
2.75
12.82
7.29
10.14
5.18
0.19
5.11
