NAME : sz-18-prob_type-uniform-prob-0.15-fee_type-direct_prob-fee-3.3
TYPE : TSP
DIMENSION : 18
EDGE_WEIGHT_TYPE : EUC_2D
NODE_COORD_SECTION
1 0.00 0.00
2 59.99 -68.41
3 2.51 -97.36
4 11.03 -11.21
5 -11.78 98.56
6 40.50 -57.81
7 12.06 -20.06
8 -3.60 28.12
9 -48.08 -78.42
10 52.50 72.75
11 20.59 -96.50
12 -34.18 -45.90
13 58.41 -32.47
14 -60.40 62.56
15 79.50 2.93
16 -58.36 -39.95
17 -99.00 -0.57
18 84.73 16.04
ACCEPTED_PROBABILITIES
0.00
0.10
0.19
0.12
0.17
0.11
0.16
0.15
0.18
0.14
0.18
0.11
0.13
0.20
0.17
0.15
0.20
0.14
OUTSOURCING_COSTS
0.00
0.19
18.38
2.36
13.62
1.06
11.96
8.61
16.32
8.26
15.91
2.23
4.84
18.81
14.33
8.66
19.22
7.23
