NAME : sz-17-prob_type-uniform-prob-0.50-fee_type-inverse_prob-fee-3.1
TYPE : TSP
DIMENSION : 17
EDGE_WEIGHT_TYPE : EUC_2D
NODE_COORD_SECTION
1 0.00 0.00
2 35.29 -90.77
3 78.69 -27.92
4 10.34 83.30
5 0.71 92.48
6 47.31 -43.68
7 26.30 -65.68
8 28.67 6.76
9 -0.52 22.24
10 -16.81 10.57
11 -9.03 73.98
12 57.44 51.81
13 -72.32 14.49
14 -45.36 -9.80
15 7.47 25.44
16 81.66 52.65
17 64.37 47.94
ACCEPTED_PROBABILITIES
0.00
0.47
0.46
0.49
0.48
0.54
0.50
0.46
0.48
0.48
0.54
0.53
0.48
0.51
0.53
0.50
0.51
OUTSOURCING_COSTS
0.00
17.63
18.48
13.22
13.80
1.11
10.30
19.18
13.55
14.43
0.19
3.24
15.76
6.44
1.63
10.55
6.33
