NAME : sz-17-prob_type-uniform-prob-0.20-fee_type-inverse_prob-fee-2.6
TYPE : TSP
DIMENSION : 17
EDGE_WEIGHT_TYPE : EUC_2D
NODE_COORD_SECTION
1 0.00 0.00
2 -83.51 -5.73
3 -12.01 -55.76
4 -18.90 -67.81
5 12.79 88.99
6 -29.00 51.92
7 59.72 74.20
8 23.63 19.62
9 45.75 68.75
10 50.25 -39.11
11 -31.81 -74.23
12 88.35 13.52
13 3.53 24.97
14 -42.29 70.01
15 -25.94 -88.88
16 -45.44 -29.37
17 14.48 -26.02
ACCEPTED_PROBABILITIES
0.00
0.21
0.20
0.20
0.17
0.17
0.19
0.21
0.20
0.20
0.21
0.18
0.21
0.24
0.22
0.21
0.21
OUTSOURCING_COSTS
0.00
6.36
8.86
9.65
14.74
16.09
12.12
6.15
9.01
9.44
7.86
13.52
6.97
0.16
4.51
7.47
7.95
