NAME : sz-14-prob_type-uniform-prob-0.35-fee_type-inverse_prob-fee-3.1
TYPE : TSP
DIMENSION : 14
EDGE_WEIGHT_TYPE : EUC_2D
NODE_COORD_SECTION
1 0.00 0.00
2 57.11 27.23
3 19.90 2.65
4 6.95 -3.08
5 -58.85 63.75
6 -34.64 86.65
7 70.12 6.31
8 -32.52 -16.34
9 1.42 43.55
10 -60.03 -4.55
11 19.20 29.89
12 43.65 -65.50
13 54.71 2.17
14 51.94 -2.46
ACCEPTED_PROBABILITIES
0.00
0.36
0.39
0.35
0.31
0.31
0.33
0.39
0.30
0.31
0.39
0.36
0.33
0.31
OUTSOURCING_COSTS
0.00
8.36
2.44
10.85
23.14
22.30
16.38
0.24
23.61
22.25
0.40
8.27
17.85
21.72
