NAME : sz-14-prob_type-uniform-prob-0.15-fee_type-direct_prob-fee-3.3
TYPE : TSP
DIMENSION : 14
EDGE_WEIGHT_TYPE : EUC_2D
NODE_COORD_SECTION
1 0.00 0.00
2 43.42 -0.58
3 2.12 22.13
4 20.25 -67.77
5 36.01 65.09
6 -56.81 -50.46
7 50.29 38.01
8 62.32 -66.46
9 88.20 43.18
10 -44.22 -76.45
11 13.18 83.33
12 -23.12 -6.27
13 -25.87 11.47
14 -45.41 62.92
ACCEPTED_PROBABILITIES
0.00
0.18
0.15
0.18
0.13
0.10
0.10
0.14
0.14
0.13
0.16
0.15
0.17
0.13
OUTSOURCING_COSTS
0.00
24.72
15.74
25.13
10.75
0.25
0.25
11.31
12.12
9.27
19.75
16.87
21.79
10.98
