NAME : sz-17-prob_type-uniform-prob-0.40-fee_type-direct_prob-fee-3.4
TYPE : TSP
DIMENSION : 17
EDGE_WEIGHT_TYPE : EUC_2D
NODE_COORD_SECTION
1 0.00 0.00
2 13.49 -14.83
3 -4.38 -18.73
4 47.81 15.45
5 80.25 53.67
6 79.72 -22.27
7 -54.11 60.26
8 -66.74 -5.88
9 29.47 -71.37
10 -20.91 53.23
11 3.47 -42.19
12 -2.68 36.16
13 -4.34 -26.41
14 -91.38 -39.13
15 -80.53 -10.61
16 52.66 -44.30
17 -87.32 25.56
ACCEPTED_PROBABILITIES
0.00
0.39
0.37
0.38
0.37
0.39
0.40
0.38
0.40
0.37
0.36
0.45
0.44
0.42
0.38
0.38
0.41
OUTSOURCING_COSTS
0.00
5.80
1.65
5.16
0.93
8.02
9.80
5.07
9.21
1.67
0.21
21.04
20.91
14.10
4.01
3.17
11.16
