NAME : sz-19-prob_type-uniform-prob-0.35-fee_type-inverse_prob-fee-3.1
TYPE : TSP
DIMENSION : 19
EDGE_WEIGHT_TYPE : EUC_2D
NODE_COORD_SECTION
1 0.00 0.00
2 23.09 -93.94
3 -55.38 -30.10
4 -54.86 -0.76
5 -48.41 83.15
6 80.96 -4.53
7 -63.18 -12.69
8 -84.51 -18.34
9 3.77 19.90
10 39.77 64.30
11 83.28 14.16
12 -41.77 -27.68
13 36.41 15.68
14 -74.66 2.78
15 -66.42 29.23
16 -10.65 84.41
17 -12.86 -91.97
18 33.70 73.41
19 -20.24 0.26
ACCEPTED_PROBABILITIES
0.00
0.40
0.39
0.39
0.38
0.36
0.31
0.33
0.38
0.39
0.39
0.34
0.37
0.34
0.32
0.35
0.35
0.39
0.31
OUTSOURCING_COSTS
0.00
0.17
1.16
1.33
3.85
7.53
16.74
13.35
3.42
1.12
1.41
10.50
4.83
10.47
14.16
8.52
9.49
2.26
17.05
