NAME : sz-16-prob_type-uniform-prob-0.25-fee_type-inverse_prob-fee-3.1
TYPE : TSP
DIMENSION : 16
EDGE_WEIGHT_TYPE : EUC_2D
NODE_COORD_SECTION
1 0.00 0.00
2 -48.36 -20.70
3 -38.34 69.50
4 93.02 11.69
5 75.83 53.35
6 -43.27 51.41
7 54.10 -29.78
8 9.95 78.07
9 67.11 -73.43
10 11.96 -60.47
11 -77.45 -21.43
12 -78.18 43.34
13 50.12 -53.74
14 73.14 63.02
15 -12.29 -6.42
16 20.12 -6.58
ACCEPTED_PROBABILITIES
0.00
0.22
0.25
0.25
0.29
0.23
0.30
0.28
0.20
0.24
0.22
0.21
0.21
0.26
0.26
0.22
OUTSOURCING_COSTS
0.00
17.87
11.56
10.78
2.38
16.11
0.21
4.93
20.46
13.77
17.63
20.46
20.01
9.63
8.65
16.56
