NAME : sz-14-prob_type-uniform-prob-0.40-fee_type-direct_prob-fee-2.9
TYPE : TSP
DIMENSION : 14
EDGE_WEIGHT_TYPE : EUC_2D
NODE_COORD_SECTION
1 0.00 0.00
2 74.18 -18.55
3 30.43 38.15
4 -48.95 56.38
5 -65.85 -19.17
6 -2.40 -41.09
7 -12.89 -22.99
8 -25.53 -83.35
9 -24.10 23.39
10 65.14 39.42
11 -59.02 68.67
12 -30.51 92.49
13 28.74 -20.51
14 -17.63 46.90
ACCEPTED_PROBABILITIES
0.00
0.43
0.36
0.42
0.39
0.40
0.39
0.45
0.41
0.38
0.41
0.35
0.36
0.40
OUTSOURCING_COSTS
0.00
18.56
0.95
16.18
8.15
11.74
9.93
22.08
13.81
7.01
12.88
0.22
1.92
10.51
