NAME : sz-15-prob_type-uniform-prob-0.55-fee_type-inverse_prob-fee-2.9
TYPE : TSP
DIMENSION : 15
EDGE_WEIGHT_TYPE : EUC_2D
NODE_COORD_SECTION
1 0.00 0.00
2 16.50 -55.11
3 -51.72 1.25
4 22.19 -20.08
5 -0.74 89.36
6 -82.95 -27.69
7 58.19 6.27
8 3.52 -29.05
9 78.47 17.32
10 67.31 70.31
11 13.09 86.18
12 -75.79 -0.54
13 36.80 29.06
14 -38.76 -80.15
15 47.45 -41.13
ACCEPTED_PROBABILITIES
0.00
0.57
0.54
0.58
0.58
0.56
0.53
0.51
0.57
0.59
0.50
0.51
0.51
0.51
0.51
OUTSOURCING_COSTS
0.00
4.27
12.15
1.84
1.19
7.17
15.21
19.50
4.10
0.21
20.51
19.15
20.03
20.15
19.26
