NAME : sz-19-prob_type-uniform-prob-0.35-fee_type-direct_prob
TYPE : TSP
DIMENSION : 19
EDGE_WEIGHT_TYPE : EUC_2D
NODE_COORD_SECTION
1 0.00 0.00
2 -21.38 96.44
3 -54.64 -54.49
4 93.11 6.51
5 -49.45 81.38
6 23.30 -18.37
7 -80.41 -26.76
8 -18.04 -90.66
9 23.32 -91.20
10 -56.69 14.61
11 74.41 -30.85
12 -7.05 3.57
13 34.24 46.41
14 -61.78 49.48
15 65.16 3.84
16 -13.79 -65.98
17 -83.29 54.97
18 43.08 -43.55
19 9.31 63.36
ACCEPTED_PROBABILITIES
0.00
0.31
0.39
0.40
0.40
0.32
0.32
0.37
0.36
0.37
0.40
0.35
0.34
0.37
0.32
0.36
0.33
0.30
0.34
OUTSOURCING_COSTS
0.00
1.37
14.19
16.48
16.08
2.51
2.85
12.43
9.55
12.13
16.50
7.43
7.10
10.99
3.77
10.39
5.35
0.17
6.61
