NAME : sz-19-prob_type-uniform-prob-0.05-fee_type-direct_prob-fee-3.4
TYPE : TSP
DIMENSION : 19
EDGE_WEIGHT_TYPE : EUC_2D
NODE_COORD_SECTION
1 0.00 0.00
2 -37.06 -70.21
3 84.78 -21.55
4 42.82 -54.72
5 -48.08 65.49
6 35.34 49.12
7 -50.57 -70.80
8 47.41 -40.20
9 -97.16 -19.50
10 55.58 -0.35
11 -8.23 63.12
12 54.54 43.42
13 -79.94 -54.31
14 -48.21 -37.10
15 -89.24 28.59
16 -25.49 -93.64
17 7.21 -97.53
18 48.56 34.75
19 -32.55 -84.77
ACCEPTED_PROBABILITIES
0.00
0.06
0.06
0.04
0.09
0.03
0.07
0.05
0.06
0.09
0.09
0.04
0.03
0.08
0.08
0.07
0.05
0.06
0.00
OUTSOURCING_COSTS
0.00
12.60
12.70
7.13
17.72
5.39
13.01
9.87
10.89
17.30
18.70
6.89
5.89
16.49
15.29
13.79
8.86
12.48
0.19
