NAME : sz-19-prob_type-uniform-prob-0.15-fee_type-direct_prob-fee-3.1
TYPE : TSP
DIMENSION : 19
EDGE_WEIGHT_TYPE : EUC_2D
NODE_COORD_SECTION
1 0.00 0.00
2 60.59 -61.48
3 -10.46 83.53
4 41.81 59.78
5 80.64 -13.57
6 12.90 47.61
7 11.86 -96.62
8 41.40 -26.42
9 -87.60 -36.66
10 -59.11 -55.87
11 -80.06 -18.48
12 -35.82 -60.60
13 -76.21 -2.56
14 20.90 -74.44
15 28.81 -14.91
16 -9.42 99.24
17 -61.47 78.13
18 -60.24 -56.42
19 57.23 74.44
ACCEPTED_PROBABILITIES
0.00
0.16
0.19
0.13
0.19
0.11
0.17
0.11
0.11
0.12
0.11
0.13
0.16
0.18
0.11
0.19
0.11
0.20
0.18
OUTSOURCING_COSTS
0.00
10.09
15.29
3.43
16.20
0.28
11.59
0.61
0.97
1.36
0.84
3.63
10.58
13.99
0.17
15.29
0.17
17.05
14.08
