NAME : sz-19-prob_type-uniform-prob-0.35-fee_type-direct_prob-fee-2.5
TYPE : TSP
DIMENSION : 19
EDGE_WEIGHT_TYPE : EUC_2D
NODE_COORD_SECTION
1 0.00 0.00
2 -3.68 -22.05
3 -4.93 -22.76
4 0.63 -48.99
5 -5.73 -95.49
6 -35.50 -34.42
7 -27.13 69.59
8 13.55 -51.29
9 -43.37 -20.12
10 -4.16 51.55
11 -14.97 38.39
12 -58.38 -68.06
13 -42.56 21.89
14 4.38 73.83
15 -56.50 52.81
16 89.11 22.91
17 -66.03 27.25
18 -52.17 31.33
19 26.79 -11.47
ACCEPTED_PROBABILITIES
0.00
0.39
0.33
0.30
0.35
0.36
0.30
0.30
0.37
0.31
0.34
0.35
0.35
0.34
0.32
0.39
0.36
0.38
0.34
OUTSOURCING_COSTS
0.00
13.69
4.96
0.59
7.90
8.40
0.14
0.14
10.16
1.41
5.95
7.87
6.89
6.06
3.38
13.75
9.63
11.48
6.16
