NAME : sz-19-prob_type-inverse_dist-prob-0.25-fee_type-direct_prob
TYPE : TSP
DIMENSION : 19
EDGE_WEIGHT_TYPE : EUC_2D
NODE_COORD_SECTION
1 0.00 0.00
2 11.68 -93.58
3 6.56 -1.35
4 -7.47 -93.36
5 95.26 -26.99
6 72.54 -14.37
7 11.96 -56.40
8 63.55 -32.92
9 77.58 17.39
10 -50.14 74.71
11 -4.16 -24.58
12 9.23 -73.05
13 -1.48 -18.89
14 -38.73 -16.50
15 -14.74 -68.20
16 -79.99 4.75
17 -47.25 27.01
18 30.08 -32.22
19 -17.53 -82.47
ACCEPTED_PROBABILITIES
0.00
0.25
0.36
0.26
0.25
0.24
0.24
0.27
0.20
0.27
0.12
0.21
0.40
0.26
0.33
0.21
0.31
0.38
0.23
OUTSOURCING_COSTS
0.00
7.98
14.53
8.67
8.06
7.18
7.12
9.17
5.07
9.11
0.17
5.47
16.50
8.27
12.47
5.73
11.57
15.74
6.99
