NAME : sz-14-prob_type-uniform-prob-0.25-fee_type-direct_prob-fee-3.4
TYPE : TSP
DIMENSION : 14
EDGE_WEIGHT_TYPE : EUC_2D
NODE_COORD_SECTION
1 0.00 0.00
2 -52.40 24.26
3 61.95 70.07
4 52.74 -50.77
5 39.84 87.41
6 47.42 -25.79
7 72.24 67.34
8 70.95 27.30
9 -41.64 -32.63
10 -80.36 -16.00
11 -81.97 -25.76
12 55.15 49.56
13 -58.40 10.49
14 -94.74 16.00
ACCEPTED_PROBABILITIES
0.00
0.27
0.24
0.30
0.28
0.28
0.23
0.25
0.29
0.22
0.25
0.23
0.28
0.26
OUTSOURCING_COSTS
0.00
16.55
7.70
25.89
21.86
19.29
2.41
10.30
23.51
0.26
9.85
2.78
22.12
13.62
