NAME : sz-19-prob_type-uniform-prob-0.50-fee_type-inverse_prob-fee-2.8
TYPE : TSP
DIMENSION : 19
EDGE_WEIGHT_TYPE : EUC_2D
NODE_COORD_SECTION
1 0.00 0.00
2 -17.22 18.64
3 -64.65 38.64
4 -53.15 8.12
5 14.23 2.16
6 -19.36 84.58
7 -81.76 -0.63
8 -61.16 -18.98
9 19.02 18.15
10 65.23 -72.41
11 -61.02 70.14
12 7.64 26.89
13 -56.84 25.36
14 -0.67 -98.12
15 -13.26 91.99
16 -1.79 -40.46
17 45.63 -34.52
18 -69.55 20.77
19 59.64 -53.95
ACCEPTED_PROBABILITIES
0.00
0.54
0.54
0.52
0.48
0.52
0.54
0.46
0.49
0.48
0.48
0.48
0.53
0.50
0.53
0.54
0.53
0.50
0.54
OUTSOURCING_COSTS
0.00
1.27
0.16
3.89
12.54
3.61
0.16
15.40
10.24
11.32
11.32
12.00
2.77
8.56
2.46
1.60
3.40
8.24
0.76
