NAME : sz-17-prob_type-uniform-prob-0.30-fee_type-inverse_prob-fee-2.8
TYPE : TSP
DIMENSION : 17
EDGE_WEIGHT_TYPE : EUC_2D
NODE_COORD_SECTION
1 0.00 0.00
2 -12.00 -1.15
3 -62.59 -32.91
4 -27.22 49.32
5 65.76 28.67
6 -45.39 -77.30
7 6.11 81.93
8 -7.62 -72.66
9 10.22 39.92
10 -86.18 19.34
11 34.27 -17.84
12 56.05 -60.40
13 -0.76 44.38
14 -49.16 75.39
15 40.80 35.91
16 27.15 49.92
17 -10.14 8.02
ACCEPTED_PROBABILITIES
0.00
0.30
0.28
0.32
0.33
0.31
0.34
0.35
0.29
0.28
0.29
0.25
0.29
0.28
0.32
0.33
0.29
OUTSOURCING_COSTS
0.00
8.37
12.64
4.94
3.35
6.88
2.08
0.18
10.21
13.24
11.26
17.32
11.12
12.84
4.76
2.77
10.20
