NAME : sz-16-prob_type-uniform-prob-0.35-fee_type-inverse_prob-fee-3.3
TYPE : TSP
DIMENSION : 16
EDGE_WEIGHT_TYPE : EUC_2D
NODE_COORD_SECTION
1 0.00 0.00
2 52.41 -41.81
3 -57.93 -77.39
4 -3.06 -85.72
5 -58.94 -63.46
6 62.32 -49.68
7 -15.71 -59.11
8 65.50 -10.33
9 77.19 45.04
10 -58.74 21.54
11 65.99 -72.06
12 -82.52 -0.14
13 -32.51 44.06
14 -39.10 91.15
15 -56.51 -49.25
16 54.40 81.39
ACCEPTED_PROBABILITIES
0.00
0.38
0.30
0.33
0.34
0.37
0.32
0.32
0.33
0.38
0.34
0.34
0.39
0.38
0.32
0.40
OUTSOURCING_COSTS
0.00
3.41
21.78
15.72
13.02
7.57
16.92
17.23
14.87
4.44
12.99
13.19
2.39
3.85
16.79
0.22
