NAME : sz-15-prob_type-inverse_dist-prob-0.50-fee_type-direct_prob-fee-2.8
TYPE : TSP
DIMENSION : 15
EDGE_WEIGHT_TYPE : EUC_2D
NODE_COORD_SECTION
1 0.00 0.00
2 -10.10 92.49
3 78.43 -25.68
4 -36.48 73.98
5 73.16 17.35
6 -76.73 7.60
7 50.26 13.21
8 80.40 -13.52
9 28.27 -91.87
10 3.21 2.62
11 55.78 7.95
12 39.15 56.29
13 -63.19 73.33
14 45.35 63.10
15 -61.68 -22.35
ACCEPTED_PROBABILITIES
0.00
0.48
0.46
0.53
0.47
0.46
0.57
0.47
0.51
0.71
0.54
0.47
0.51
0.45
0.58
OUTSOURCING_COSTS
0.00
2.55
0.63
5.91
1.84
0.68
8.84
1.14
4.33
19.80
6.52
1.67
4.30
0.20
10.24
