NAME : sz-15-prob_type-uniform-prob-0.25-fee_type-direct_prob-fee-2.9
TYPE : TSP
DIMENSION : 15
EDGE_WEIGHT_TYPE : EUC_2D
NODE_COORD_SECTION
1 0.00 0.00
2 56.33 -12.27
3 26.37 -43.43
4 -69.36 28.52
5 38.09 58.54
6 47.70 -53.65
7 -10.36 55.13
8 -90.38 6.15
9 -10.07 37.50
10 70.04 24.30
11 -6.54 82.87
12 -89.50 36.03
13 -65.36 -6.77
14 4.03 -83.20
15 -29.10 76.95
ACCEPTED_PROBABILITIES
0.00
0.24
0.21
0.24
0.29
0.23
0.30
0.20
0.29
0.28
0.28
0.26
0.21
0.21
0.27
OUTSOURCING_COSTS
0.00
8.22
1.27
8.86
18.52
5.30
20.51
0.21
17.88
16.91
17.39
12.64
2.73
1.27
14.17
