NAME : sz-19-prob_type-uniform-prob-0.25-fee_type-inverse_prob-fee-3.3
TYPE : TSP
DIMENSION : 19
EDGE_WEIGHT_TYPE : EUC_2D
NODE_COORD_SECTION
1 0.00 0.00
2 -24.72 92.44
3 4.64 -46.59
4 42.01 -42.73
5 -3.01 -41.91
6 -68.15 40.48
7 -11.81 67.59
8 34.39 12.18
9 50.52 -52.57
10 -76.64 -54.14
11 -34.86 48.51
12 -81.05 55.42
13 74.75 -20.83
14 -58.51 69.22
15 -38.84 -74.55
16 0.38 -99.41
17 16.35 -42.39
18 -6.33 -16.41
19 73.72 -56.92
ACCEPTED_PROBABILITIES
0.00
0.22
0.29
0.29
0.22
0.23
0.25
0.22
0.28
0.29
0.25
0.28
0.26
0.29
0.21
0.21
0.24
0.26
0.25
OUTSOURCING_COSTS
0.00
14.85
2.04
0.18
15.49
13.22
8.36
16.12
3.59
1.09
8.91
4.06
6.65
1.36
17.96
18.15
10.42
6.43
9.55
