NAME : sz-17-prob_type-direct_dist-prob-0.50-fee_type-direct_prob-fee-2.9
TYPE : TSP
DIMENSION : 17
EDGE_WEIGHT_TYPE : EUC_2D
NODE_COORD_SECTION
1 0.00 0.00
2 -11.61 66.73
3 -37.74 -19.87
4 39.25 37.88
5 -85.90 16.74
6 -45.09 43.22
7 -43.98 50.24
8 -4.91 -34.67
9 -77.90 27.88
10 -30.90 -8.67
11 -42.11 -52.27
12 32.88 39.98
13 20.02 63.26
14 24.94 -39.71
15 57.50 -53.71
16 25.22 44.08
17 -35.88 69.64
ACCEPTED_PROBABILITIES
0.00
0.50
0.39
0.43
0.31
0.38
0.35
0.46
0.69
0.53
0.39
0.51
0.46
0.50
0.46
0.60
0.58
OUTSOURCING_COSTS
0.00
8.96
4.09
5.63
0.18
3.51
1.77
7.13
17.94
10.31
3.64
9.36
6.99
9.17
7.11
13.73
13.04
