NAME : sz-14-prob_type-uniform-prob-0.35-fee_type-direct_prob-fee-3.5
TYPE : TSP
DIMENSION : 14
EDGE_WEIGHT_TYPE : EUC_2D
NODE_COORD_SECTION
1 0.00 0.00
2 33.08 -35.30
3 -3.42 -74.73
4 70.22 -19.97
5 58.76 -19.99
6 66.31 -70.84
7 -61.44 -41.21
8 48.89 -70.34
9 28.47 54.25
10 -69.78 6.57
11 49.95 -49.10
12 15.07 -28.87
13 -10.35 -83.03
14 56.96 7.76
ACCEPTED_PROBABILITIES
0.00
0.31
0.38
0.34
0.39
0.30
0.32
0.38
0.31
0.34
0.34
0.36
0.34
0.37
OUTSOURCING_COSTS
0.00
2.92
26.06
11.56
26.65
0.27
5.03
25.89
0.60
11.98
12.52
16.92
12.60
20.42
