NAME : sz-14-prob_type-uniform-prob-0.25-fee_type-direct_prob-fee-2.7
TYPE : TSP
DIMENSION : 14
EDGE_WEIGHT_TYPE : EUC_2D
NODE_COORD_SECTION
1 0.00 0.00
2 -42.93 -87.04
3 24.58 -25.11
4 -20.29 78.49
5 -38.60 65.64
6 64.49 47.81
7 -96.88 -19.97
8 66.53 17.81
9 -53.50 -35.96
10 -12.01 -44.15
11 87.71 -38.68
12 55.66 18.47
13 -53.88 16.25
14 -23.16 67.08
ACCEPTED_PROBABILITIES
0.00
0.28
0.25
0.24
0.22
0.25
0.25
0.29
0.22
0.21
0.22
0.21
0.28
0.28
OUTSOURCING_COSTS
0.00
19.88
11.09
8.75
4.13
10.08
11.71
20.56
3.38
0.21
4.04
0.21
19.18
19.27
