NAME : sz-19-prob_type-uniform-prob-0.15-fee_type-inverse_prob
TYPE : TSP
DIMENSION : 19
EDGE_WEIGHT_TYPE : EUC_2D
NODE_COORD_SECTION
1 0.00 0.00
2 -88.96 -38.92
3 18.64 44.13
4 -45.10 -64.41
5 66.07 -64.33
6 -90.30 11.85
7 -16.62 -96.13
8 -92.55 -30.47
9 -22.69 15.93
10 26.53 -41.39
11 -53.67 -36.00
12 -77.32 -44.96
13 44.08 8.89
14 -30.80 67.13
15 -69.75 -48.39
16 -28.40 83.69
17 -62.58 -58.64
18 97.26 12.43
19 -25.50 59.40
ACCEPTED_PROBABILITIES
0.00
0.13
0.19
0.17
0.18
0.17
0.13
0.15
0.19
0.15
0.20
0.13
0.14
0.12
0.12
0.10
0.12
0.16
0.14
OUTSOURCING_COSTS
0.00
12.48
1.95
5.11
3.70
5.05
12.73
8.99
1.41
8.04
0.17
12.04
10.09
13.16
13.49
16.50
13.08
6.18
10.56
