NAME : sz-18-prob_type-uniform-prob-0.35-fee_type-direct_prob-fee-2.5
TYPE : TSP
DIMENSION : 18
EDGE_WEIGHT_TYPE : EUC_2D
NODE_COORD_SECTION
1 0.00 0.00
2 46.14 16.52
3 79.95 -42.21
4 34.29 77.42
5 6.13 40.57
6 80.22 -49.95
7 86.86 -46.95
8 44.00 57.00
9 6.97 92.99
10 8.04 90.61
11 15.75 -69.03
12 -9.80 -46.20
13 -12.89 79.04
14 8.68 -56.53
15 80.51 38.55
16 13.19 94.66
17 64.88 -9.67
18 -83.79 -13.07
ACCEPTED_PROBABILITIES
0.00
0.39
0.38
0.34
0.38
0.40
0.33
0.39
0.38
0.40
0.33
0.37
0.32
0.39
0.35
0.30
0.37
0.39
OUTSOURCING_COSTS
0.00
13.69
11.62
5.26
11.25
14.48
4.40
13.62
12.21
14.56
4.05
9.94
2.29
13.59
7.36
0.15
10.15
13.88
