NAME : sz-17-prob_type-inverse_dist-prob-0.25-fee_type-direct_prob-fee-3.5
TYPE : TSP
DIMENSION : 17
EDGE_WEIGHT_TYPE : EUC_2D
NODE_COORD_SECTION
1 0.00 0.00
2 -66.71 -26.40
3 -12.79 13.42
4 -3.16 -15.05
5 52.60 -37.12
6 76.31 -15.20
7 28.43 -15.33
8 -51.47 -46.54
9 49.61 52.95
10 -78.69 17.46
11 0.29 -61.86
12 -36.10 3.89
13 -25.33 70.33
14 77.90 21.96
15 -63.27 -3.40
16 -92.26 -21.37
17 12.75 -2.60
ACCEPTED_PROBABILITIES
0.00
0.20
0.36
0.42
0.30
0.23
0.35
0.18
0.24
0.29
0.20
0.40
0.30
0.21
0.26
0.26
0.43
OUTSOURCING_COSTS
0.00
1.88
16.13
21.41
10.46
4.26
14.94
0.22
5.38
9.74
2.04
19.47
10.45
2.98
7.18
7.16
21.66
