NAME : sz-19-prob_type-uniform-prob-0.40-fee_type-direct_prob-fee-2.9
TYPE : TSP
DIMENSION : 19
EDGE_WEIGHT_TYPE : EUC_2D
NODE_COORD_SECTION
1 0.00 0.00
2 63.39 -20.24
3 -58.55 58.52
4 -32.86 -1.68
5 -49.83 -83.50
6 59.83 -55.14
7 48.23 55.13
8 46.14 -11.56
9 -94.62 -28.89
10 12.77 88.41
11 -14.02 65.56
12 82.65 -6.82
13 -49.71 50.77
14 -42.54 -14.47
15 15.85 35.25
16 56.61 51.02
17 -32.98 -36.86
18 77.58 61.14
19 -48.38 -26.63
ACCEPTED_PROBABILITIES
0.00
0.43
0.40
0.39
0.44
0.36
0.39
0.36
0.43
0.42
0.38
0.36
0.38
0.39
0.45
0.44
0.41
0.37
0.42
OUTSOURCING_COSTS
0.00
13.65
8.69
6.83
14.98
0.78
6.09
0.16
12.87
12.03
4.75
1.35
3.82
5.50
15.95
15.95
10.05
2.65
11.34
