NAME : sz-16-prob_type-inverse_dist-prob-0.50-fee_type-inverse_prob-fee-3.4
TYPE : TSP
DIMENSION : 16
EDGE_WEIGHT_TYPE : EUC_2D
NODE_COORD_SECTION
1 0.00 0.00
2 -31.26 -10.67
3 63.73 27.43
4 -75.88 -47.89
5 -61.39 -60.22
6 -7.89 88.70
7 -50.34 6.88
8 -51.79 -22.12
9 -85.88 -27.65
10 41.50 -25.71
11 50.80 80.22
12 -59.50 51.83
13 59.77 46.11
14 -40.09 -33.53
15 -71.62 23.30
16 -3.10 -25.62
ACCEPTED_PROBABILITIES
0.00
0.45
0.48
0.52
0.50
0.50
0.50
0.55
0.50
0.54
0.49
0.46
0.51
0.53
0.46
0.37
OUTSOURCING_COSTS
0.00
12.48
8.36
4.10
6.39
6.61
5.75
0.23
6.47
0.94
7.41
11.52
4.64
2.00
11.02
22.44
