NAME : sz-19-prob_type-inverse_dist-prob-0.50-fee_type-inverse_prob-fee-2.8
TYPE : TSP
DIMENSION : 19
EDGE_WEIGHT_TYPE : EUC_2D
NODE_COORD_SECTION
1 0.00 0.00
2 71.49 17.05
3 33.33 -42.50
4 70.98 -49.54
5 8.88 -53.69
6 -13.03 -79.35
7 -44.25 21.68
8 -21.33 63.26
9 48.37 -44.05
10 0.77 45.63
11 -12.90 -10.25
12 -42.45 7.11
13 -98.55 -15.49
14 51.05 85.46
15 -86.34 16.29
16 32.04 90.10
17 30.75 -78.09
18 79.66 -15.74
19 50.44 49.04
ACCEPTED_PROBABILITIES
0.00
0.51
0.44
0.51
0.43
0.53
0.60
0.56
0.54
0.54
0.35
0.51
0.50
0.50
0.52
0.49
0.50
0.48
0.51
OUTSOURCING_COSTS
0.00
5.62
9.71
5.72
10.69
4.17
0.16
2.69
3.76
3.66
15.40
5.53
6.24
6.23
5.16
6.92
6.19
7.41
5.88
