NAME : sz-15-prob_type-inverse_dist-prob-0.25-fee_type-direct_prob-fee-2.9
TYPE : TSP
DIMENSION : 15
EDGE_WEIGHT_TYPE : EUC_2D
NODE_COORD_SECTION
1 0.00 0.00
2 -84.87 -17.21
3 16.20 -10.96
4 23.00 -2.93
5 71.35 40.65
6 8.78 -24.14
7 17.95 76.32
8 -53.78 38.99
9 -15.39 -76.50
10 -0.22 2.58
11 -51.05 1.44
12 -37.20 -56.44
13 11.30 10.87
14 -44.41 85.20
15 14.34 66.81
ACCEPTED_PROBABILITIES
0.00
0.23
0.09
0.31
0.27
0.31
0.30
0.33
0.30
0.14
0.16
0.32
0.33
0.25
0.24
OUTSOURCING_COSTS
0.00
11.60
0.21
18.21
15.46
18.65
17.96
20.18
17.38
4.33
5.58
19.82
20.51
13.69
12.19
