NAME : sz-14-prob_type-uniform-prob-0.50-fee_type-direct_prob-fee-3.1
TYPE : TSP
DIMENSION : 14
EDGE_WEIGHT_TYPE : EUC_2D
NODE_COORD_SECTION
1 0.00 0.00
2 53.08 -72.96
3 -81.75 -8.81
4 39.92 82.91
5 55.08 79.91
6 -21.03 0.25
7 -48.94 9.19
8 19.02 45.71
9 -58.36 14.75
10 -4.61 -49.21
11 1.02 85.97
12 88.40 -28.31
13 -75.41 -44.19
14 -60.61 -54.62
ACCEPTED_PROBABILITIES
0.00
0.52
0.48
0.52
0.50
0.52
0.47
0.54
0.48
0.48
0.55
0.45
0.48
0.46
OUTSOURCING_COSTS
0.00
17.56
6.38
15.69
11.62
16.44
4.26
22.65
7.04
6.14
23.61
0.24
5.90
0.81
