NAME : sz-14-prob_type-uniform-prob-0.10-fee_type-inverse_prob-fee-2.6
TYPE : TSP
DIMENSION : 14
EDGE_WEIGHT_TYPE : EUC_2D
NODE_COORD_SECTION
1 0.00 0.00
2 -65.07 71.81
3 1.55 -86.44
4 81.86 22.68
5 39.80 -81.57
6 24.08 87.64
7 53.25 -56.60
8 -59.30 55.25
9 27.34 -27.37
10 -52.56 -61.59
11 85.69 -10.73
12 -33.07 9.19
13 -25.08 -81.89
14 -22.35 -7.39
ACCEPTED_PROBABILITIES
0.00
0.11
0.11
0.12
0.07
0.12
0.10
0.10
0.08
0.07
0.15
0.08
0.06
0.10
OUTSOURCING_COSTS
0.00
7.66
9.24
5.75
17.31
6.07
11.23
10.68
15.94
17.75
0.20
14.67
19.80
11.26
