NAME : sz-15-prob_type-uniform-prob-0.25-fee_type-inverse_prob-fee-3.1
TYPE : TSP
DIMENSION : 15
EDGE_WEIGHT_TYPE : EUC_2D
NODE_COORD_SECTION
1 0.00 0.00
2 -51.81 -60.56
3 -71.49 -15.39
4 -85.84 -36.02
5 -59.60 60.86
6 14.22 -54.89
7 45.43 -38.01
8 -22.65 -42.02
9 63.11 -62.74
10 38.62 87.12
11 -66.75 22.96
12 -39.64 42.57
13 -10.52 5.49
14 -82.66 -4.55
15 31.32 72.54
ACCEPTED_PROBABILITIES
0.00
0.24
0.24
0.21
0.25
0.23
0.29
0.21
0.27
0.26
0.26
0.22
0.26
0.22
0.21
OUTSOURCING_COSTS
0.00
14.14
13.64
19.88
12.10
16.44
0.22
21.05
5.93
7.69
7.42
19.15
8.77
17.94
21.92
