NAME : sz-15-prob_type-inverse_dist-prob-0.25-fee_type-direct_prob-fee-3.1
TYPE : TSP
DIMENSION : 15
EDGE_WEIGHT_TYPE : EUC_2D
NODE_COORD_SECTION
1 0.00 0.00
2 55.33 42.99
3 70.14 23.57
4 36.98 86.44
5 50.80 71.40
6 18.46 86.36
7 42.98 -34.23
8 -47.60 -72.07
9 -56.99 -40.46
10 -67.80 -21.96
11 40.34 15.60
12 9.05 77.69
13 30.80 -36.41
14 16.70 48.99
15 -53.46 29.38
ACCEPTED_PROBABILITIES
0.00
0.32
0.29
0.24
0.22
0.26
0.23
0.22
0.25
0.28
0.17
0.26
0.15
0.13
0.16
OUTSOURCING_COSTS
0.00
21.92
18.78
13.07
10.83
15.38
11.79
10.70
13.43
17.94
3.87
15.17
1.68
0.22
2.88
