NAME : sz-15-prob_type-uniform-prob-0.05-fee_type-direct_prob-fee-3.2
TYPE : TSP
DIMENSION : 15
EDGE_WEIGHT_TYPE : EUC_2D
NODE_COORD_SECTION
1 0.00 0.00
2 -18.07 28.80
3 35.86 7.64
4 2.64 -78.99
5 -14.06 -35.02
6 32.75 51.50
7 -9.01 -61.36
8 -18.69 -29.74
9 -24.02 63.70
10 -75.48 -8.67
11 -18.62 -42.38
12 -47.77 25.83
13 -58.37 -17.72
14 10.53 47.88
15 52.70 12.75
ACCEPTED_PROBABILITIES
0.00
0.03
0.01
0.06
0.01
0.06
0.08
0.00
0.08
0.08
0.01
0.02
0.01
0.05
0.06
OUTSOURCING_COSTS
0.00
6.78
0.69
16.43
0.53
15.19
22.63
0.23
22.34
22.01
0.72
4.73
1.57
14.86
14.93
