NAME : sz-19-prob_type-uniform-prob-0.10-fee_type-direct_prob-fee-2.6
TYPE : TSP
DIMENSION : 19
EDGE_WEIGHT_TYPE : EUC_2D
NODE_COORD_SECTION
1 0.00 0.00
2 13.49 -50.69
3 -58.96 64.13
4 19.86 -87.03
5 -64.08 -39.82
6 -20.82 28.36
7 36.84 -42.25
8 -42.10 -2.52
9 -39.99 -84.52
10 -61.73 -64.01
11 27.76 44.60
12 -28.69 93.73
13 73.36 -22.23
14 -51.72 -7.71
15 19.96 24.99
16 -46.37 -24.45
17 -20.72 -88.73
18 91.10 32.77
19 -2.73 -15.02
ACCEPTED_PROBABILITIES
0.00
0.06
0.10
0.11
0.09
0.11
0.14
0.15
0.12
0.06
0.14
0.12
0.07
0.13
0.10
0.10
0.08
0.07
0.06
OUTSOURCING_COSTS
0.00
0.14
7.48
8.90
4.52
8.04
12.37
14.30
10.31
0.70
12.96
9.25
2.47
10.77
6.22
7.25
3.37
2.21
0.95
