NAME : sz-16-prob_type-direct_dist-prob-0.50-fee_type-direct_prob-fee-2.9
TYPE : TSP
DIMENSION : 16
EDGE_WEIGHT_TYPE : EUC_2D
NODE_COORD_SECTION
1 0.00 0.00
2 72.90 -37.33
3 -50.79 45.34
4 4.76 7.64
5 -5.95 -92.28
6 5.94 6.61
7 8.47 34.86
8 6.69 -93.58
9 -89.35 -41.35
10 -74.92 -57.05
11 -86.80 28.84
12 -35.75 -19.24
13 16.51 -73.13
14 56.00 25.73
15 -96.55 9.90
16 -37.69 -82.56
ACCEPTED_PROBABILITIES
0.00
0.57
0.57
0.48
0.29
0.49
0.41
0.66
0.46
0.40
0.46
0.45
0.55
0.38
0.34
0.36
OUTSOURCING_COSTS
0.00
14.81
14.80
9.97
0.19
10.67
6.49
19.14
8.95
5.85
8.78
8.26
13.58
4.83
2.36
3.56
