NAME : sz-16-prob_type-direct_dist-prob-0.50-fee_type-inverse_prob-fee-2.9
TYPE : TSP
DIMENSION : 16
EDGE_WEIGHT_TYPE : EUC_2D
NODE_COORD_SECTION
1 0.00 0.00
2 -5.38 -98.26
3 34.13 -50.77
4 -63.26 -73.22
5 48.44 35.39
6 50.56 50.50
7 -89.59 -11.46
8 23.09 -18.67
9 22.41 -83.86
10 32.99 -51.53
11 33.29 48.05
12 -11.34 -34.49
13 -43.38 -39.86
14 80.10 6.09
15 -68.51 9.38
16 2.72 53.21
ACCEPTED_PROBABILITIES
0.00
0.57
0.61
0.29
0.36
0.42
0.36
0.45
0.29
0.42
0.52
0.42
0.48
0.42
0.36
0.56
OUTSOURCING_COSTS
0.00
2.60
0.19
18.94
14.83
11.61
15.06
9.86
19.14
11.36
5.46
11.22
8.06
11.29
15.03
3.20
