NAME : sz-14-prob_type-uniform-prob-0.30-fee_type-direct_prob-fee-2.9
TYPE : TSP
DIMENSION : 14
EDGE_WEIGHT_TYPE : EUC_2D
NODE_COORD_SECTION
1 0.00 0.00
2 47.11 -5.74
3 17.80 -47.44
4 -81.52 -22.21
5 94.98 9.65
6 20.83 30.02
7 -16.05 56.77
8 -10.97 -71.81
9 0.60 10.76
10 18.64 30.91
11 -65.49 14.05
12 -59.64 59.59
13 -69.35 -16.34
14 2.47 -73.79
ACCEPTED_PROBABILITIES
0.00
0.32
0.34
0.33
0.35
0.33
0.30
0.28
0.30
0.31
0.27
0.29
0.30
0.34
OUTSOURCING_COSTS
0.00
13.34
19.42
17.52
22.08
16.40
8.84
1.13
8.45
10.82
0.22
3.84
7.72
20.76
