NAME : sz-14-prob_type-uniform-prob-0.05-fee_type-direct_prob-fee-2.9
TYPE : TSP
DIMENSION : 14
EDGE_WEIGHT_TYPE : EUC_2D
NODE_COORD_SECTION
1 0.00 0.00
2 46.93 41.42
3 53.17 40.44
4 28.79 44.15
5 -11.50 -40.18
6 -0.08 -20.70
7 90.05 3.26
8 92.08 29.95
9 -16.71 26.60
10 34.85 52.40
11 41.79 86.94
12 -2.23 -56.56
13 94.82 -21.35
14 -35.89 38.05
ACCEPTED_PROBABILITIES
0.00
0.04
0.02
0.02
0.08
0.08
0.05
0.09
0.01
0.01
0.08
0.10
0.06
0.03
OUTSOURCING_COSTS
0.00
7.50
2.14
4.45
18.41
19.06
11.50
21.79
0.22
1.50
19.10
22.08
12.41
5.77
