NAME : sz-18-prob_type-uniform-prob-0.30-fee_type-inverse_prob-fee-2.5
TYPE : TSP
DIMENSION : 18
EDGE_WEIGHT_TYPE : EUC_2D
NODE_COORD_SECTION
1 0.00 0.00
2 16.80 47.94
3 49.85 -14.26
4 71.96 -31.67
5 61.91 -43.64
6 2.94 -13.97
7 23.46 -31.80
8 4.72 39.07
9 -22.35 -94.32
10 -1.60 20.58
11 54.07 -25.14
12 37.21 -79.90
13 -64.81 63.59
14 -56.06 67.19
15 -43.53 44.07
16 46.14 61.48
17 43.59 16.21
18 -70.49 -52.17
ACCEPTED_PROBABILITIES
0.00
0.32
0.31
0.34
0.33
0.32
0.29
0.34
0.29
0.26
0.26
0.29
0.30
0.32
0.29
0.29
0.27
0.31
OUTSOURCING_COSTS
0.00
4.17
4.96
0.15
1.42
4.22
8.55
0.35
8.12
14.36
14.56
8.58
6.73
2.88
8.07
8.96
12.67
5.32
