NAME : sz-18-prob_type-uniform-prob-0.35-fee_type-inverse_prob-fee-2.8
TYPE : TSP
DIMENSION : 18
EDGE_WEIGHT_TYPE : EUC_2D
NODE_COORD_SECTION
1 0.00 0.00
2 82.19 34.99
3 40.96 89.54
4 -14.79 -85.77
5 23.72 -76.09
6 0.64 20.79
7 14.05 -89.52
8 46.48 -68.23
9 20.52 -97.75
10 -0.67 63.37
11 -5.49 -64.34
12 -2.64 -49.35
13 -41.81 -86.82
14 82.74 34.09
15 17.78 -12.54
16 21.83 -56.25
17 65.03 68.29
18 -14.02 34.69
ACCEPTED_PROBABILITIES
0.00
0.30
0.34
0.33
0.38
0.35
0.37
0.31
0.33
0.31
0.39
0.37
0.30
0.31
0.31
0.38
0.38
0.33
OUTSOURCING_COSTS
0.00
16.10
8.93
10.91
1.10
7.74
4.18
14.80
11.75
15.95
0.16
4.73
16.31
14.78
15.68
2.69
2.67
11.62
