NAME : sz-18-prob_type-uniform-prob-0.50-fee_type-inverse_prob
TYPE : TSP
DIMENSION : 18
EDGE_WEIGHT_TYPE : EUC_2D
NODE_COORD_SECTION
1 0.00 0.00
2 0.55 -0.22
3 -71.46 52.16
4 -52.01 -53.81
5 15.96 -88.39
6 -47.41 -60.74
7 -47.33 24.56
8 -64.73 13.29
9 65.51 16.71
10 47.71 39.55
11 -90.45 31.65
12 15.98 61.67
13 28.27 65.46
14 8.61 40.44
15 -62.67 -65.54
16 75.08 10.99
17 -76.80 -19.03
18 -56.22 60.13
ACCEPTED_PROBABILITIES
0.00
0.53
0.51
0.51
0.52
0.49
0.55
0.53
0.54
0.49
0.49
0.46
0.52
0.51
0.52
0.52
0.50
0.52
OUTSOURCING_COSTS
0.00
3.37
7.08
7.67
6.37
12.03
0.18
4.25
1.97
11.49
10.79
17.47
5.30
6.57
6.28
6.24
10.25
4.79
