NAME : sz-14-prob_type-uniform-prob-0.15-fee_type-inverse_prob-fee-2.5
TYPE : TSP
DIMENSION : 14
EDGE_WEIGHT_TYPE : EUC_2D
NODE_COORD_SECTION
1 0.00 0.00
2 47.63 22.92
3 -53.51 -65.11
4 -5.99 -53.01
5 -24.56 5.64
6 5.78 80.12
7 39.65 -23.46
8 25.71 96.01
9 -29.16 41.69
10 1.32 72.88
11 -56.57 -82.44
12 -65.69 5.75
13 -15.59 -51.73
14 -49.62 -16.65
ACCEPTED_PROBABILITIES
0.00
0.19
0.12
0.11
0.19
0.12
0.10
0.16
0.17
0.16
0.20
0.12
0.13
0.13
OUTSOURCING_COSTS
0.00
1.33
15.71
18.31
2.28
15.51
19.04
6.71
6.30
7.29
0.19
15.24
12.75
13.55
