NAME : sz-19-prob_type-uniform-prob-0.60-fee_type-inverse_prob-fee-2.6
TYPE : TSP
DIMENSION : 19
EDGE_WEIGHT_TYPE : EUC_2D
NODE_COORD_SECTION
1 0.00 0.00
2 18.87 -78.60
3 1.64 17.91
4 59.08 -3.77
5 -43.25 -80.28
6 -43.35 -89.97
7 35.86 -33.10
8 -4.98 41.44
9 9.70 94.58
10 -67.46 68.93
11 62.00 -67.65
12 -63.37 17.70
13 19.80 -2.55
14 -54.39 48.51
15 -74.42 1.02
16 -56.20 -22.65
17 65.76 -6.20
18 -37.00 -67.34
19 13.52 8.56
ACCEPTED_PROBABILITIES
0.00
0.64
0.59
0.59
0.60
0.64
0.58
0.55
0.57
0.65
0.58
0.58
0.60
0.56
0.55
0.59
0.63
0.63
0.59
OUTSOURCING_COSTS
0.00
1.36
9.07
9.34
7.63
2.17
10.51
14.30
12.28
0.14
9.94
10.20
7.66
13.67
14.30
8.68
2.46
3.11
8.18
