NAME : sz-19-prob_type-direct_dist-prob-0.25-fee_type-direct_prob
TYPE : TSP
DIMENSION : 19
EDGE_WEIGHT_TYPE : EUC_2D
NODE_COORD_SECTION
1 0.00 0.00
2 37.36 -52.99
3 53.13 65.49
4 48.48 -16.64
5 -17.95 -49.09
6 2.10 67.52
7 -7.06 -20.14
8 19.16 -72.41
9 70.34 -54.80
10 88.38 -43.00
11 -51.84 -3.64
12 -66.54 -57.04
13 1.21 46.60
14 -43.68 59.98
15 88.13 20.32
16 1.13 40.07
17 32.98 17.54
18 -99.46 4.18
19 28.71 -67.28
ACCEPTED_PROBABILITIES
0.00
0.32
0.45
0.16
0.30
0.31
0.26
0.16
0.19
0.03
0.29
0.05
0.14
0.07
0.42
0.30
0.32
0.26
0.09
OUTSOURCING_COSTS
0.00
11.51
16.50
5.16
10.70
10.87
8.95
4.98
6.28
0.17
10.22
0.79
4.51
1.52
15.33
10.69
11.58
9.25
2.37
