NAME : sz-18-prob_type-uniform-prob-0.30-fee_type-direct_prob-fee-3.2
TYPE : TSP
DIMENSION : 18
EDGE_WEIGHT_TYPE : EUC_2D
NODE_COORD_SECTION
1 0.00 0.00
2 -1.25 27.51
3 14.21 79.48
4 -22.90 -29.79
5 -17.02 -19.63
6 83.79 -15.73
7 -82.88 -8.11
8 -83.05 -27.25
9 -74.39 36.47
10 42.70 -75.17
11 -12.00 -8.22
12 66.08 -47.38
13 -92.69 20.00
14 -43.62 -63.35
15 12.46 21.73
16 61.37 -37.70
17 13.76 29.36
18 66.84 -43.69
ACCEPTED_PROBABILITIES
0.00
0.33
0.25
0.31
0.26
0.27
0.29
0.35
0.28
0.27
0.27
0.29
0.31
0.28
0.29
0.34
0.33
0.32
OUTSOURCING_COSTS
0.00
15.95
0.19
12.25
2.54
3.99
8.65
18.64
6.21
3.19
3.17
8.07
11.42
5.61
6.93
16.79
16.72
13.52
