NAME : sz-14-prob_type-uniform-prob-0.30-fee_type-inverse_prob-fee-3.1
TYPE : TSP
DIMENSION : 14
EDGE_WEIGHT_TYPE : EUC_2D
NODE_COORD_SECTION
1 0.00 0.00
2 20.37 -76.12
3 -10.30 56.65
4 46.62 -44.72
5 -46.40 -78.24
6 -60.18 27.62
7 -66.39 -9.34
8 -32.08 38.62
9 65.84 33.28
10 -28.45 50.60
11 63.60 47.28
12 -48.34 -17.65
13 81.93 -32.52
14 -69.15 -0.71
ACCEPTED_PROBABILITIES
0.00
0.32
0.30
0.28
0.31
0.29
0.32
0.29
0.33
0.29
0.32
0.33
0.31
0.32
OUTSOURCING_COSTS
0.00
4.30
15.40
23.61
8.12
17.41
3.18
18.13
0.35
20.78
5.87
0.24
10.40
3.89
