NAME : sz-19-prob_type-uniform-prob-0.35-fee_type-direct_prob-fee-3.5
TYPE : TSP
DIMENSION : 19
EDGE_WEIGHT_TYPE : EUC_2D
NODE_COORD_SECTION
1 0.00 0.00
2 18.17 -86.13
3 -15.45 -73.01
4 61.09 -41.27
5 -41.87 -37.38
6 -4.93 -16.78
7 12.43 -89.22
8 19.61 -86.51
9 -59.82 -50.79
10 36.14 25.98
11 4.98 -86.34
12 -6.01 -18.32
13 -62.78 -45.05
14 79.78 -14.79
15 -40.69 -4.40
16 -28.73 -89.76
17 61.61 -24.31
18 38.45 83.84
19 0.08 40.47
ACCEPTED_PROBABILITIES
0.00
0.38
0.30
0.30
0.40
0.33
0.39
0.39
0.40
0.32
0.38
0.36
0.32
0.36
0.32
0.33
0.31
0.36
0.32
OUTSOURCING_COSTS
0.00
16.41
0.39
0.19
19.02
6.52
18.23
17.30
19.25
3.98
14.97
12.34
3.57
12.07
3.94
5.24
1.08
12.61
4.10
