NAME : sz-15-prob_type-uniform-prob-0.60-fee_type-inverse_prob-fee-3.5
TYPE : TSP
DIMENSION : 15
EDGE_WEIGHT_TYPE : EUC_2D
NODE_COORD_SECTION
1 0.00 0.00
2 10.28 -52.45
3 63.01 -9.87
4 4.62 15.91
5 14.11 29.13
6 -1.07 0.43
7 -0.61 -34.68
8 11.05 46.42
9 -4.21 4.83
10 -95.30 22.83
11 21.29 -35.15
12 -61.54 13.24
13 -42.98 -29.12
14 43.70 47.62
15 5.44 -94.47
ACCEPTED_PROBABILITIES
0.00
0.61
0.64
0.63
0.65
0.63
0.57
0.64
0.58
0.60
0.57
0.62
0.59
0.57
0.57
OUTSOURCING_COSTS
0.00
10.52
1.99
5.41
0.25
6.07
24.75
0.70
19.04
15.70
24.21
7.66
16.38
24.43
23.97
