NAME : sz-16-prob_type-uniform-prob-0.05-fee_type-inverse_prob-fee-2.6
TYPE : TSP
DIMENSION : 16
EDGE_WEIGHT_TYPE : EUC_2D
NODE_COORD_SECTION
1 0.00 0.00
2 -11.86 -70.57
3 -62.24 -5.55
4 30.84 29.18
5 -5.01 41.84
6 58.62 52.73
7 49.95 -2.15
8 -56.28 60.74
9 80.69 47.13
10 -9.15 58.11
11 6.11 -31.62
12 95.71 -20.09
13 80.53 59.24
14 23.29 -48.94
15 59.72 -32.32
16 31.48 30.55
ACCEPTED_PROBABILITIES
0.00
0.03
0.06
0.05
0.09
0.09
0.09
0.03
0.08
0.07
0.05
0.02
0.02
0.05
0.04
0.05
OUTSOURCING_COSTS
0.00
14.98
7.15
10.42
0.18
0.17
0.45
14.99
3.80
4.28
10.37
17.16
16.62
9.58
12.50
10.77
