NAME : sz-16-prob_type-uniform-prob-0.15-fee_type-direct_prob-fee-3.4
TYPE : TSP
DIMENSION : 16
EDGE_WEIGHT_TYPE : EUC_2D
NODE_COORD_SECTION
1 0.00 0.00
2 -77.53 18.53
3 51.77 78.33
4 1.71 -88.94
5 -45.48 5.10
6 61.62 -22.76
7 21.70 1.59
8 21.46 -86.61
9 -44.44 52.00
10 18.02 -24.34
11 -53.30 -25.05
12 -69.05 -65.74
13 16.07 -16.51
14 -71.77 19.77
15 -46.67 -16.72
16 -69.69 -55.90
ACCEPTED_PROBABILITIES
0.00
0.11
0.10
0.13
0.18
0.10
0.12
0.20
0.11
0.16
0.16
0.13
0.19
0.16
0.19
0.12
OUTSOURCING_COSTS
0.00
1.87
0.23
7.50
18.29
0.23
4.82
22.44
1.29
13.27
13.37
6.43
21.22
14.10
21.51
4.52
