NAME : sz-15-prob_type-uniform-prob-0.20-fee_type-direct_prob-fee-3.5
TYPE : TSP
DIMENSION : 15
EDGE_WEIGHT_TYPE : EUC_2D
NODE_COORD_SECTION
1 0.00 0.00
2 36.99 60.56
3 -0.12 54.23
4 73.62 -11.00
5 -26.25 2.83
6 12.89 10.32
7 -64.90 29.10
8 -16.91 83.92
9 -70.68 11.29
10 34.12 60.49
11 -68.39 -21.08
12 14.12 3.30
13 -11.97 -69.59
14 0.50 77.73
15 75.40 58.19
ACCEPTED_PROBABILITIES
0.00
0.19
0.16
0.24
0.16
0.22
0.19
0.16
0.16
0.20
0.20
0.22
0.21
0.19
0.23
OUTSOURCING_COSTS
0.00
8.20
0.25
24.75
1.36
18.70
9.84
0.43
0.44
13.42
13.59
20.95
16.33
10.14
22.13
