NAME : sz-14-prob_type-uniform-prob-0.05-fee_type-inverse_prob-fee-3.1
TYPE : TSP
DIMENSION : 14
EDGE_WEIGHT_TYPE : EUC_2D
NODE_COORD_SECTION
1 0.00 0.00
2 36.99 36.17
3 15.13 -81.12
4 -38.87 -3.17
5 -51.76 47.84
6 89.75 -25.32
7 12.53 -65.53
8 -35.09 44.41
9 49.03 57.91
10 30.42 43.54
11 -45.49 27.24
12 62.16 35.82
13 41.07 -83.65
14 -81.03 -13.57
ACCEPTED_PROBABILITIES
0.00
0.08
0.05
0.01
0.06
0.08
0.02
0.05
0.01
0.00
0.08
0.03
0.01
0.05
OUTSOURCING_COSTS
0.00
0.24
9.72
21.07
7.36
2.24
18.18
8.87
20.29
23.61
0.59
15.55
20.65
9.24
