NAME : sz-18-prob_type-uniform-prob-0.60-fee_type-direct_prob-fee-3.2
TYPE : TSP
DIMENSION : 18
EDGE_WEIGHT_TYPE : EUC_2D
NODE_COORD_SECTION
1 0.00 0.00
2 33.82 -84.82
3 29.50 -77.29
4 -78.09 -51.33
5 38.56 36.16
6 58.04 -47.38
7 39.96 60.00
8 23.51 80.46
9 17.99 -74.75
10 29.56 -42.89
11 47.67 18.63
12 62.64 2.10
13 -94.14 10.87
14 -86.71 -47.98
15 37.02 -42.31
16 57.98 -48.51
17 -83.87 -7.39
18 24.13 -78.81
ACCEPTED_PROBABILITIES
0.00
0.57
0.61
0.59
0.59
0.60
0.56
0.59
0.64
0.61
0.63
0.57
0.62
0.63
0.59
0.55
0.65
0.59
OUTSOURCING_COSTS
0.00
3.22
11.32
7.71
8.07
10.03
1.87
6.82
17.41
12.14
15.73
4.48
13.01
14.70
8.02
0.19
18.64
7.51
