NAME : sz-15-prob_type-uniform-prob-0.20-fee_type-inverse_prob-fee-3.2
TYPE : TSP
DIMENSION : 15
EDGE_WEIGHT_TYPE : EUC_2D
NODE_COORD_SECTION
1 0.00 0.00
2 17.78 42.14
3 -66.98 17.52
4 81.52 39.05
5 50.44 54.56
6 -16.88 86.69
7 2.43 -13.44
8 58.98 25.35
9 48.68 -11.60
10 62.30 67.25
11 -60.51 34.71
12 46.98 20.39
13 18.61 23.54
14 -2.02 -67.28
15 12.31 -15.64
ACCEPTED_PROBABILITIES
0.00
0.24
0.19
0.19
0.16
0.19
0.24
0.16
0.19
0.22
0.20
0.21
0.24
0.25
0.19
OUTSOURCING_COSTS
0.00
1.04
14.67
14.01
22.63
13.07
0.78
20.72
13.70
7.42
10.96
8.46
1.92
0.23
14.98
