NAME : sz-14-prob_type-uniform-prob-0.10-fee_type-inverse_prob-fee-3.2
TYPE : TSP
DIMENSION : 14
EDGE_WEIGHT_TYPE : EUC_2D
NODE_COORD_SECTION
1 0.00 0.00
2 -19.20 81.08
3 -37.63 5.81
4 30.68 68.19
5 7.82 -81.63
6 -41.89 26.60
7 3.11 -39.54
8 -14.45 32.23
9 -20.39 -11.34
10 -74.15 64.13
11 -60.18 -9.79
12 -41.21 57.72
13 -3.26 -38.07
14 5.23 79.62
ACCEPTED_PROBABILITIES
0.00
0.12
0.07
0.13
0.12
0.12
0.07
0.08
0.09
0.10
0.12
0.07
0.09
0.12
OUTSOURCING_COSTS
0.00
3.89
24.27
0.25
4.49
2.98
24.37
18.21
13.90
10.95
3.66
22.21
17.43
3.17
