NAME : sz-16-prob_type-uniform-prob-0.45-fee_type-inverse_prob-fee-3.2
TYPE : TSP
DIMENSION : 16
EDGE_WEIGHT_TYPE : EUC_2D
NODE_COORD_SECTION
1 0.00 0.00
2 64.12 -70.31
3 81.82 -21.72
4 44.74 16.03
5 85.71 3.14
6 -27.95 -29.10
7 51.97 -54.10
8 66.62 64.95
9 25.03 29.78
10 -57.66 74.06
11 77.58 28.14
12 91.04 12.07
13 16.22 86.17
14 -17.44 77.66
15 39.03 -44.83
16 -55.19 -65.65
ACCEPTED_PROBABILITIES
0.00
0.43
0.42
0.42
0.43
0.41
0.50
0.48
0.48
0.43
0.50
0.43
0.47
0.44
0.50
0.45
OUTSOURCING_COSTS
0.00
15.22
17.79
18.50
15.36
21.12
0.80
5.58
5.10
15.59
0.28
15.73
7.75
13.09
0.21
11.38
