NAME : sz-17-prob_type-uniform-prob-0.45-fee_type-inverse_prob-fee-2.8
TYPE : TSP
DIMENSION : 17
EDGE_WEIGHT_TYPE : EUC_2D
NODE_COORD_SECTION
1 0.00 0.00
2 -64.91 -33.12
3 -16.64 22.26
4 79.75 37.97
5 -46.11 79.23
6 -60.62 12.53
7 70.32 46.02
8 71.18 -69.88
9 -39.74 -31.35
10 -34.51 -46.02
11 43.42 -45.27
12 66.09 74.78
13 -17.81 94.30
14 -1.89 -35.52
15 -46.55 5.96
16 -55.34 -43.03
17 14.86 -48.19
ACCEPTED_PROBABILITIES
0.00
0.45
0.49
0.43
0.40
0.45
0.43
0.46
0.46
0.45
0.49
0.45
0.49
0.40
0.40
0.49
0.42
OUTSOURCING_COSTS
0.00
7.99
1.38
12.63
17.24
9.14
12.96
6.74
6.54
9.13
0.18
7.58
1.61
17.12
17.32
1.45
15.04
