NAME : sz-14-prob_type-uniform-prob-0.40-fee_type-direct_prob-fee-3.2
TYPE : TSP
DIMENSION : 14
EDGE_WEIGHT_TYPE : EUC_2D
NODE_COORD_SECTION
1 0.00 0.00
2 50.15 66.57
3 -94.71 -30.92
4 7.07 44.74
5 -14.91 -77.60
6 -22.05 -33.18
7 13.83 -91.06
8 -75.00 -65.14
9 87.40 -24.38
10 95.13 -18.08
11 -19.07 5.52
12 -40.83 18.14
13 8.76 -22.16
14 16.20 -69.92
ACCEPTED_PROBABILITIES
0.00
0.40
0.36
0.45
0.38
0.43
0.43
0.42
0.45
0.41
0.42
0.37
0.44
0.36
OUTSOURCING_COSTS
0.00
10.73
2.36
24.06
6.04
19.92
20.83
16.71
24.37
13.95
16.12
3.89
21.89
0.25
