NAME : sz-16-prob_type-direct_dist-prob-0.50-fee_type-inverse_prob-fee-3.4
TYPE : TSP
DIMENSION : 16
EDGE_WEIGHT_TYPE : EUC_2D
NODE_COORD_SECTION
1 0.00 0.00
2 -87.74 23.49
3 75.33 -62.52
4 21.97 80.20
5 0.63 -19.38
6 -16.20 21.43
7 92.73 -9.79
8 28.89 -40.04
9 46.10 79.62
10 -29.17 -7.82
11 19.76 91.22
12 -9.94 -7.10
13 -29.33 53.09
14 11.66 -1.24
15 -10.79 -32.84
16 -30.19 -68.36
ACCEPTED_PROBABILITIES
0.00
0.61
0.29
0.40
0.50
0.46
0.55
0.39
0.31
0.56
0.42
0.50
0.35
0.50
0.52
0.60
OUTSOURCING_COSTS
0.00
0.23
22.44
14.33
7.85
10.16
4.24
15.14
20.86
3.04
13.24
7.58
17.95
7.36
6.37
0.23
