NAME : sz-16-prob_type-uniform-prob-0.10-fee_type-inverse_prob-fee-2.5
TYPE : TSP
DIMENSION : 16
EDGE_WEIGHT_TYPE : EUC_2D
NODE_COORD_SECTION
1 0.00 0.00
2 16.31 -42.33
3 53.42 -40.07
4 51.02 -0.20
5 86.37 32.29
6 -54.82 36.60
7 84.90 -14.91
8 1.56 -22.03
9 51.60 25.93
10 -42.22 -87.33
11 -62.50 16.54
12 81.31 49.92
13 -50.77 30.62
14 85.54 2.40
15 82.70 -25.62
16 20.58 60.65
ACCEPTED_PROBABILITIES
0.00
0.10
0.13
0.13
0.15
0.08
0.11
0.05
0.06
0.14
0.07
0.10
0.06
0.11
0.13
0.08
OUTSOURCING_COSTS
0.00
8.80
3.60
3.02
0.17
11.73
6.29
16.50
14.86
0.81
14.13
8.91
14.34
6.74
3.26
11.16
