NAME : sz-19-prob_type-uniform-prob-0.05-fee_type-inverse_prob-fee-3.4
TYPE : TSP
DIMENSION : 19
EDGE_WEIGHT_TYPE : EUC_2D
NODE_COORD_SECTION
1 0.00 0.00
2 0.93 -80.45
3 -52.88 -82.26
4 -23.01 -25.72
5 -97.94 -0.24
6 -2.95 30.12
7 25.98 -65.34
8 -16.48 -45.35
9 -54.10 -68.15
10 45.49 66.73
11 -51.12 -77.87
12 -60.68 -11.30
13 8.93 -92.46
14 -64.46 73.89
15 77.36 15.31
16 52.12 54.92
17 35.80 -75.16
18 34.75 47.55
19 75.21 42.75
ACCEPTED_PROBABILITIES
0.00
0.09
0.09
0.09
0.00
0.02
0.09
0.10
0.07
0.02
0.07
0.03
0.04
0.01
0.06
0.01
0.05
0.08
0.08
OUTSOURCING_COSTS
0.00
1.41
0.75
0.27
18.70
15.43
1.56
0.19
4.92
14.47
5.89
13.95
10.58
16.61
6.76
17.93
9.87
3.56
2.75
