NAME : sz-18-prob_type-uniform-prob-0.55-fee_type-inverse_prob-fee-2.9
TYPE : TSP
DIMENSION : 18
EDGE_WEIGHT_TYPE : EUC_2D
NODE_COORD_SECTION
1 0.00 0.00
2 90.38 35.92
3 -18.88 -66.93
4 54.98 11.66
5 -50.50 34.83
6 23.55 13.97
7 35.61 91.28
8 -10.28 -94.93
9 -15.34 -88.13
10 3.05 -49.40
11 62.36 24.92
12 13.42 47.54
13 32.84 -40.92
14 -23.94 -96.25
15 60.34 73.58
16 73.07 -48.35
17 -30.06 73.75
18 83.25 -24.65
ACCEPTED_PROBABILITIES
0.00
0.60
0.57
0.57
0.56
0.56
0.54
0.51
0.53
0.56
0.52
0.52
0.54
0.52
0.59
0.51
0.52
0.53
OUTSOURCING_COSTS
0.00
0.17
6.04
5.21
7.04
7.80
11.83
16.89
12.43
6.76
14.77
14.15
11.91
15.04
0.98
16.33
15.44
13.17
