NAME : sz-18-prob_type-uniform-prob-0.25-fee_type-inverse_prob-fee-3.4
TYPE : TSP
DIMENSION : 18
EDGE_WEIGHT_TYPE : EUC_2D
NODE_COORD_SECTION
1 0.00 0.00
2 -56.91 28.53
3 -94.63 -12.07
4 -14.97 38.39
5 88.17 -29.02
6 15.84 -20.38
7 -18.41 43.68
8 9.43 -1.22
9 19.82 -57.96
10 -73.92 61.24
11 96.86 23.04
12 -55.65 -4.90
13 -44.10 38.37
14 28.69 91.95
15 -55.06 65.23
16 -76.51 -19.26
17 -18.55 69.39
18 31.89 -16.09
ACCEPTED_PROBABILITIES
0.00
0.26
0.27
0.22
0.20
0.24
0.29
0.22
0.23
0.27
0.24
0.30
0.28
0.24
0.29
0.25
0.28
0.21
OUTSOURCING_COSTS
0.00
8.64
6.73
15.22
19.80
11.36
1.49
16.94
13.02
6.05
12.21
0.20
3.39
11.20
1.79
9.91
4.38
18.44
