NAME : sz-15-prob_type-inverse_dist-prob-0.50-fee_type-inverse_prob-fee-2.6
TYPE : TSP
DIMENSION : 15
EDGE_WEIGHT_TYPE : EUC_2D
NODE_COORD_SECTION
1 0.00 0.00
2 -5.32 28.65
3 67.40 -51.71
4 18.58 -37.22
5 -78.06 16.47
6 -93.57 -1.26
7 -39.63 -59.64
8 -11.65 -53.44
9 -29.72 7.66
10 -50.85 28.49
11 80.58 -52.30
12 -10.20 62.84
13 51.04 4.78
14 -74.93 41.31
15 34.77 56.63
ACCEPTED_PROBABILITIES
0.00
0.68
0.52
0.47
0.51
0.50
0.51
0.50
0.62
0.44
0.49
0.58
0.44
0.52
0.54
OUTSOURCING_COSTS
0.00
0.19
12.40
16.34
12.73
13.49
13.03
13.29
4.65
18.39
14.36
7.69
18.39
12.39
10.43
