NAME : sz-18-prob_type-uniform-prob-0.20-fee_type-direct_prob-fee-2.9
TYPE : TSP
DIMENSION : 18
EDGE_WEIGHT_TYPE : EUC_2D
NODE_COORD_SECTION
1 0.00 0.00
2 60.89 12.24
3 37.61 -60.86
4 61.87 -71.07
5 -4.68 -85.16
6 37.43 19.12
7 -47.60 40.39
8 39.02 78.99
9 -12.79 -65.99
10 -3.87 -30.06
11 19.35 -34.33
12 0.96 -64.67
13 34.32 -56.30
14 -53.67 -5.10
15 45.22 -38.60
16 -70.23 -35.77
17 43.62 25.40
18 -48.97 61.38
ACCEPTED_PROBABILITIES
0.00
0.19
0.23
0.18
0.20
0.23
0.20
0.23
0.25
0.22
0.25
0.19
0.20
0.16
0.20
0.18
0.23
0.19
OUTSOURCING_COSTS
0.00
7.05
13.43
5.19
7.83
14.36
7.92
13.59
16.55
12.60
16.89
5.35
7.62
0.17
8.85
3.86
13.31
6.97
