NAME : sz-16-prob_type-uniform-prob-0.50-fee_type-inverse_prob-fee-2.7
TYPE : TSP
DIMENSION : 16
EDGE_WEIGHT_TYPE : EUC_2D
NODE_COORD_SECTION
1 0.00 0.00
2 55.22 -49.73
3 92.80 33.40
4 51.20 -18.51
5 72.63 0.82
6 -65.86 -45.07
7 44.60 22.54
8 -99.31 -11.08
9 -46.67 3.40
10 2.15 -64.80
11 1.79 -90.84
12 -43.14 17.30
13 8.66 6.16
14 95.52 19.61
15 4.64 30.64
16 51.89 -20.45
ACCEPTED_PROBABILITIES
0.00
0.52
0.47
0.52
0.54
0.53
0.47
0.52
0.46
0.55
0.48
0.52
0.52
0.46
0.53
0.53
OUTSOURCING_COSTS
0.00
6.30
17.31
6.61
0.86
3.59
15.53
5.30
17.82
0.18
14.80
4.77
6.50
17.79
3.43
2.62
