NAME : sz-18-prob_type-uniform-prob-0.60-fee_type-inverse_prob-fee-2.9
TYPE : TSP
DIMENSION : 18
EDGE_WEIGHT_TYPE : EUC_2D
NODE_COORD_SECTION
1 0.00 0.00
2 -3.81 67.76
3 -2.01 -17.85
4 80.31 -59.16
5 59.94 39.09
6 26.52 80.31
7 67.55 3.25
8 27.26 12.58
9 13.34 58.00
10 34.52 57.76
11 -8.98 14.23
12 -70.42 34.60
13 43.27 -17.36
14 24.84 79.55
15 -82.08 -11.11
16 34.81 90.42
17 -52.59 -61.79
18 58.92 78.12
ACCEPTED_PROBABILITIES
0.00
0.56
0.58
0.61
0.59
0.64
0.57
0.57
0.56
0.60
0.57
0.61
0.64
0.57
0.56
0.64
0.58
0.61
OUTSOURCING_COSTS
0.00
16.89
13.48
7.05
11.53
0.49
15.85
14.95
16.49
10.01
16.01
7.37
0.17
16.34
16.63
1.47
14.05
7.79
