NAME : sz-17-prob_type-uniform-prob-0.35-fee_type-direct_prob-fee-2.9
TYPE : TSP
DIMENSION : 17
EDGE_WEIGHT_TYPE : EUC_2D
NODE_COORD_SECTION
1 0.00 0.00
2 60.32 65.54
3 67.15 38.77
4 -87.24 -13.11
5 -6.74 66.79
6 21.77 -30.76
7 87.46 -1.00
8 -7.44 -46.34
9 20.72 28.82
10 -61.68 26.00
11 -45.56 -79.28
12 -52.30 -46.46
13 31.48 -51.98
14 -35.44 -25.24
15 -8.33 38.11
16 7.16 -35.75
17 -69.59 -52.76
ACCEPTED_PROBABILITIES
0.00
0.39
0.30
0.39
0.33
0.33
0.37
0.39
0.34
0.35
0.34
0.31
0.38
0.33
0.32
0.31
0.37
OUTSOURCING_COSTS
0.00
17.94
0.18
17.59
4.85
6.65
13.36
17.61
8.34
9.89
7.46
1.42
15.97
5.11
3.90
1.44
13.97
