NAME : sz-18-prob_type-uniform-prob-0.25-fee_type-inverse_prob-fee-2.8
TYPE : TSP
DIMENSION : 18
EDGE_WEIGHT_TYPE : EUC_2D
NODE_COORD_SECTION
1 0.00 0.00
2 -80.90 20.62
3 -16.67 -9.45
4 54.71 -11.38
5 69.46 -16.65
6 -48.45 40.69
7 -54.60 16.16
8 -37.92 -25.99
9 43.82 60.15
10 40.34 -59.52
11 95.13 12.93
12 48.10 4.34
13 -62.93 4.88
14 88.97 29.56
15 -64.89 -63.88
16 38.98 -85.49
17 -6.61 59.33
18 41.67 55.39
ACCEPTED_PROBABILITIES
0.00
0.25
0.24
0.23
0.21
0.22
0.25
0.24
0.28
0.26
0.22
0.25
0.30
0.28
0.24
0.26
0.23
0.25
OUTSOURCING_COSTS
0.00
8.20
10.11
12.94
16.31
13.20
9.47
10.22
3.89
6.29
14.42
8.79
0.16
4.27
10.19
7.43
13.00
8.90
