NAME : sz-18-prob_type-inverse_dist-prob-0.50-fee_type-inverse_prob-fee-3.4
TYPE : TSP
DIMENSION : 18
EDGE_WEIGHT_TYPE : EUC_2D
NODE_COORD_SECTION
1 0.00 0.00
2 -3.57 87.44
3 -44.65 72.71
4 -20.35 30.83
5 -25.68 8.77
6 54.91 36.18
7 -14.79 94.10
8 54.88 21.73
9 -50.57 -17.31
10 53.40 -73.59
11 61.37 -36.32
12 14.99 84.63
13 90.41 7.48
14 -14.29 26.75
15 -2.37 -10.97
16 -42.87 -86.28
17 -43.02 -20.15
18 -72.43 -36.45
ACCEPTED_PROBABILITIES
0.00
0.50
0.48
0.43
0.36
0.48
0.49
0.52
0.52
0.50
0.51
0.48
0.50
0.66
0.63
0.49
0.54
0.47
OUTSOURCING_COSTS
0.00
10.65
11.98
15.58
19.80
11.91
11.34
9.32
9.41
10.70
9.99
12.15
10.54
0.20
1.79
11.27
8.20
12.77
