NAME : sz-17-prob_type-uniform-prob-0.20-fee_type-direct_prob-fee-3.5
TYPE : TSP
DIMENSION : 17
EDGE_WEIGHT_TYPE : EUC_2D
NODE_COORD_SECTION
1 0.00 0.00
2 53.23 67.37
3 92.59 27.34
4 94.07 27.97
5 46.79 -41.35
6 60.28 73.86
7 -17.54 60.55
8 46.75 44.50
9 43.45 14.95
10 -52.39 31.74
11 -25.88 -61.82
12 56.50 -29.50
13 -50.31 76.71
14 -22.47 -46.48
15 13.16 -71.08
16 -23.79 -53.75
17 70.22 51.17
ACCEPTED_PROBABILITIES
0.00
0.18
0.21
0.23
0.16
0.23
0.18
0.15
0.16
0.17
0.16
0.22
0.20
0.24
0.20
0.22
0.21
OUTSOURCING_COSTS
0.00
6.87
12.78
19.46
1.08
19.73
6.64
0.22
1.67
3.63
0.22
16.50
11.99
21.66
10.44
15.82
12.56
