NAME : sz-16-prob_type-uniform-prob-0.25-fee_type-direct_prob-fee-2.9
TYPE : TSP
DIMENSION : 16
EDGE_WEIGHT_TYPE : EUC_2D
NODE_COORD_SECTION
1 0.00 0.00
2 -3.77 -72.90
3 51.06 -83.71
4 -31.76 -33.05
5 7.79 81.93
6 -20.03 -44.10
7 -14.96 -89.30
8 -53.25 -24.79
9 -5.79 -27.67
10 23.48 81.51
11 42.93 -24.00
12 -11.52 -38.37
13 42.19 32.61
14 -69.50 -29.40
15 -24.98 80.43
16 -67.39 -57.65
ACCEPTED_PROBABILITIES
0.00
0.27
0.27
0.25
0.24
0.26
0.28
0.23
0.30
0.23
0.23
0.24
0.27
0.21
0.27
0.28
OUTSOURCING_COSTS
0.00
12.39
12.21
8.97
7.67
10.89
15.64
5.26
19.14
5.62
5.13
6.10
12.66
0.19
12.76
16.02
