NAME : sz-19-prob_type-uniform-prob-0.60-fee_type-inverse_prob-fee-3.3
TYPE : TSP
DIMENSION : 19
EDGE_WEIGHT_TYPE : EUC_2D
NODE_COORD_SECTION
1 0.00 0.00
2 76.75 -43.14
3 -27.62 -17.39
4 95.97 -2.11
5 72.81 27.70
6 -68.88 25.21
7 4.49 -54.00
8 82.78 -18.58
9 -32.51 31.32
10 80.58 -12.06
11 65.05 -65.65
12 -68.28 -64.03
13 15.60 30.45
14 -32.92 -20.97
15 49.53 -19.69
16 -55.62 -16.15
17 93.30 -1.48
18 -18.07 -46.94
19 -42.45 35.65
ACCEPTED_PROBABILITIES
0.00
0.59
0.57
0.60
0.58
0.63
0.60
0.62
0.61
0.64
0.64
0.60
0.60
0.57
0.55
0.64
0.58
0.65
0.59
OUTSOURCING_COSTS
0.00
11.09
15.52
8.60
13.57
4.25
9.43
5.30
6.81
1.76
0.99
9.17
9.34
15.82
18.15
1.87
13.79
0.18
12.03
