NAME : sz-17-prob_type-uniform-prob-0.40-fee_type-direct_prob-fee-3.2
TYPE : TSP
DIMENSION : 17
EDGE_WEIGHT_TYPE : EUC_2D
NODE_COORD_SECTION
1 0.00 0.00
2 -77.02 -36.25
3 -24.57 91.20
4 -0.94 -16.42
5 -7.53 -13.14
6 86.42 15.60
7 -59.63 55.44
8 -76.41 13.89
9 88.09 31.71
10 18.28 53.98
11 55.05 -75.07
12 -87.90 -29.92
13 64.95 63.62
14 23.21 79.64
15 -64.34 75.69
16 -71.93 53.28
17 -61.13 -23.89
ACCEPTED_PROBABILITIES
0.00
0.44
0.43
0.38
0.44
0.37
0.41
0.43
0.38
0.44
0.37
0.36
0.41
0.43
0.39
0.43
0.42
OUTSOURCING_COSTS
0.00
19.80
16.53
4.79
19.71
1.52
12.46
16.85
5.08
19.80
2.75
0.20
11.04
16.45
6.76
15.36
15.25
