NAME : sz-16-prob_type-uniform-prob-0.05-fee_type-direct_prob-fee-3.1
TYPE : TSP
DIMENSION : 16
EDGE_WEIGHT_TYPE : EUC_2D
NODE_COORD_SECTION
1 0.00 0.00
2 -26.82 -70.15
3 -27.23 66.39
4 3.12 18.47
5 87.72 43.51
6 -55.57 66.74
7 -46.78 -37.32
8 -0.41 36.99
9 -58.10 -75.89
10 50.66 -66.79
11 -34.26 -34.91
12 66.73 -70.39
13 -10.91 -48.70
14 -43.46 26.07
15 20.79 14.86
16 33.23 50.57
ACCEPTED_PROBABILITIES
0.00
0.05
0.07
0.01
0.06
0.09
0.06
0.03
0.02
0.06
0.07
0.01
0.10
0.01
0.05
0.02
OUTSOURCING_COSTS
0.00
10.68
15.74
1.72
12.36
20.22
12.30
5.35
2.57
11.86
14.52
0.21
20.46
0.59
10.53
2.90
