NAME : sz-14-prob_type-uniform-prob-0.30-fee_type-inverse_prob-fee-3.3
TYPE : TSP
DIMENSION : 14
EDGE_WEIGHT_TYPE : EUC_2D
NODE_COORD_SECTION
1 0.00 0.00
2 -59.67 -23.79
3 89.34 -41.78
4 -76.72 -16.70
5 13.14 20.18
6 28.12 -48.46
7 -33.27 30.67
8 -37.15 -62.79
9 73.81 -56.93
10 63.05 7.70
11 84.52 33.87
12 24.19 -51.67
13 21.11 32.44
14 -65.32 39.64
ACCEPTED_PROBABILITIES
0.00
0.26
0.32
0.25
0.25
0.31
0.28
0.28
0.34
0.30
0.27
0.34
0.25
0.29
OUTSOURCING_COSTS
0.00
23.78
5.01
24.61
24.91
7.09
17.17
18.43
0.76
12.19
18.92
0.25
25.13
13.16
