NAME : sz-15-prob_type-uniform-prob-0.35-fee_type-direct_prob-fee-3.5
TYPE : TSP
DIMENSION : 15
EDGE_WEIGHT_TYPE : EUC_2D
NODE_COORD_SECTION
1 0.00 0.00
2 -22.46 92.37
3 -3.94 11.60
4 -20.43 21.99
5 -58.72 27.01
6 76.67 -16.08
7 -35.49 -83.06
8 4.32 75.90
9 -54.94 5.44
10 -18.66 -41.35
11 -62.34 -63.04
12 -13.12 -10.74
13 83.21 -3.46
14 -56.43 -30.03
15 28.36 10.57
ACCEPTED_PROBABILITIES
0.00
0.37
0.35
0.39
0.38
0.36
0.34
0.35
0.38
0.32
0.35
0.37
0.31
0.34
0.39
OUTSOURCING_COSTS
0.00
16.37
11.48
24.75
19.94
13.75
7.15
10.65
22.13
1.91
12.32
18.22
0.25
8.78
24.34
