NAME : sz-16-prob_type-uniform-prob-0.10-fee_type-inverse_prob-fee-2.6
TYPE : TSP
DIMENSION : 16
EDGE_WEIGHT_TYPE : EUC_2D
NODE_COORD_SECTION
1 0.00 0.00
2 -57.78 1.73
3 -57.67 77.44
4 -31.31 72.23
5 12.06 -15.93
6 41.55 60.96
7 -35.17 4.47
8 -13.82 20.92
9 35.11 37.86
10 -4.77 59.32
11 73.03 -29.57
12 -28.90 -37.19
13 29.57 90.21
14 -10.38 -68.56
15 -16.56 -28.63
16 19.29 -57.24
ACCEPTED_PROBABILITIES
0.00
0.15
0.09
0.13
0.09
0.09
0.07
0.10
0.11
0.09
0.05
0.12
0.12
0.08
0.13
0.12
OUTSOURCING_COSTS
0.00
0.17
11.31
2.68
10.21
11.06
13.68
8.15
7.71
11.09
17.16
5.57
5.34
12.65
2.43
5.71
