NAME : sz-16-prob_type-uniform-prob-0.10-fee_type-direct_prob
TYPE : TSP
DIMENSION : 16
EDGE_WEIGHT_TYPE : EUC_2D
NODE_COORD_SECTION
1 0.00 0.00
2 52.09 -38.00
3 35.39 75.49
4 61.19 78.55
5 -8.94 -72.47
6 -72.04 -32.14
7 -92.14 -3.36
8 48.22 -9.65
9 -11.66 -28.77
10 59.07 -68.37
11 -3.11 -22.16
12 -37.35 7.36
13 3.20 99.46
14 -43.14 -1.82
15 53.22 12.00
16 16.09 61.40
ACCEPTED_PROBABILITIES
0.00
0.12
0.11
0.11
0.05
0.09
0.05
0.11
0.11
0.08
0.13
0.13
0.10
0.13
0.09
0.12
OUTSOURCING_COSTS
0.00
17.61
16.04
13.92
0.20
10.36
0.20
15.50
15.89
8.70
19.80
19.18
12.59
19.80
8.80
16.31
