NAME : sz-17-prob_type-uniform-prob-0.45-fee_type-direct_prob
TYPE : TSP
DIMENSION : 17
EDGE_WEIGHT_TYPE : EUC_2D
NODE_COORD_SECTION
1 0.00 0.00
2 -26.14 -3.36
3 -13.57 4.74
4 64.65 15.51
5 27.57 -59.07
6 62.51 33.94
7 55.58 -43.14
8 -15.04 81.68
9 -14.14 -61.10
10 20.11 41.35
11 -59.98 62.76
12 -5.99 51.88
13 31.23 31.55
14 32.14 -36.09
15 -24.69 -14.20
16 29.98 -75.25
17 23.31 72.11
ACCEPTED_PROBABILITIES
0.00
0.41
0.47
0.41
0.42
0.43
0.43
0.49
0.46
0.40
0.45
0.46
0.50
0.50
0.48
0.49
0.45
OUTSOURCING_COSTS
0.00
1.68
13.96
1.64
3.22
4.49
4.67
17.05
11.44
0.19
9.32
10.88
18.47
18.56
14.75
16.86
9.78
