NAME : sz-14-prob_type-direct_dist-prob-0.50-fee_type-direct_prob-fee-3.4
TYPE : TSP
DIMENSION : 14
EDGE_WEIGHT_TYPE : EUC_2D
NODE_COORD_SECTION
1 0.00 0.00
2 36.90 -15.00
3 -33.56 20.19
4 -47.80 -43.18
5 31.00 -93.88
6 -3.11 87.25
7 26.16 -6.33
8 -52.75 65.15
9 -4.94 60.77
10 21.97 97.34
11 -86.60 33.08
12 -65.60 -29.35
13 77.27 25.82
14 -4.76 31.48
ACCEPTED_PROBABILITIES
0.00
0.57
0.51
0.38
0.71
0.40
0.44
0.44
0.37
0.32
0.58
0.57
0.48
0.42
OUTSOURCING_COSTS
0.00
16.87
12.97
4.01
25.89
5.69
8.12
8.05
3.42
0.26
17.27
16.75
10.60
6.85
