NAME : sz-15-prob_type-uniform-prob-0.20-fee_type-direct_prob-fee-3.1
TYPE : TSP
DIMENSION : 15
EDGE_WEIGHT_TYPE : EUC_2D
NODE_COORD_SECTION
1 0.00 0.00
2 57.53 -62.99
3 -30.86 -72.13
4 -56.14 -22.18
5 -2.10 -39.54
6 -34.41 20.41
7 -57.39 3.80
8 72.14 65.40
9 -4.15 96.42
10 -59.54 43.54
11 18.15 14.90
12 61.09 -5.14
13 39.48 -80.23
14 54.75 46.48
15 -18.04 42.10
ACCEPTED_PROBABILITIES
0.00
0.24
0.17
0.23
0.17
0.22
0.19
0.20
0.20
0.17
0.15
0.22
0.19
0.18
0.19
OUTSOURCING_COSTS
0.00
21.92
4.24
18.19
2.59
15.49
9.51
10.49
11.63
4.37
0.22
15.57
9.39
6.03
9.42
