NAME : sz-14-prob_type-uniform-prob-0.15-fee_type-inverse_prob-fee-2.9
TYPE : TSP
DIMENSION : 14
EDGE_WEIGHT_TYPE : EUC_2D
NODE_COORD_SECTION
1 0.00 0.00
2 60.82 13.50
3 -13.53 62.81
4 -29.46 -89.24
5 -13.74 72.05
6 -64.46 -39.45
7 -10.64 -11.69
8 14.38 -16.03
9 -7.04 61.07
10 -7.51 -26.33
11 1.77 41.25
12 48.14 51.58
13 -83.60 -23.11
14 61.27 18.40
ACCEPTED_PROBABILITIES
0.00
0.12
0.14
0.19
0.13
0.12
0.19
0.17
0.13
0.16
0.19
0.16
0.17
0.20
OUTSOURCING_COSTS
0.00
22.05
17.50
1.97
18.46
22.08
1.24
7.85
19.69
10.38
3.94
10.05
7.74
0.22
