NAME : sz-18-prob_type-inverse_dist-prob-0.50-fee_type-direct_prob-fee-3.1
TYPE : TSP
DIMENSION : 18
EDGE_WEIGHT_TYPE : EUC_2D
NODE_COORD_SECTION
1 0.00 0.00
2 59.38 -59.76
3 -16.39 37.20
4 -42.72 -14.72
5 30.34 -4.07
6 -22.03 -61.96
7 -38.96 85.41
8 -57.38 -51.07
9 11.75 49.85
10 48.96 -85.58
11 -35.79 47.59
12 -40.31 -60.12
13 76.84 53.77
14 -74.98 -1.75
15 34.97 66.01
16 57.15 4.26
17 -28.64 82.87
18 -90.92 29.83
ACCEPTED_PROBABILITIES
0.00
0.47
0.60
0.42
0.43
0.51
0.50
0.50
0.44
0.50
0.57
0.44
0.49
0.54
0.56
0.50
0.51
0.49
OUTSOURCING_COSTS
0.00
5.85
18.05
0.18
1.42
9.76
8.45
8.77
2.69
8.30
15.49
1.97
7.75
12.43
14.45
8.50
9.32
7.81
