NAME : sz-18-prob_type-uniform-prob-0.20-fee_type-direct_prob
TYPE : TSP
DIMENSION : 18
EDGE_WEIGHT_TYPE : EUC_2D
NODE_COORD_SECTION
1 0.00 0.00
2 83.90 -49.01
3 -67.22 52.21
4 52.99 76.84
5 60.82 -13.14
6 -3.81 -74.02
7 2.07 94.34
8 -4.27 -88.92
9 22.18 94.92
10 86.25 -0.93
11 19.90 -89.75
12 4.58 -44.16
13 -38.45 29.12
14 74.55 26.63
15 -38.54 23.07
16 12.96 -98.01
17 9.79 -86.79
18 65.51 -11.31
ACCEPTED_PROBABILITIES
0.00
0.25
0.23
0.23
0.17
0.25
0.21
0.21
0.17
0.16
0.17
0.20
0.17
0.15
0.16
0.22
0.23
0.18
OUTSOURCING_COSTS
0.00
17.45
14.62
14.48
2.50
17.47
11.06
11.63
3.73
1.84
3.37
8.01
3.76
0.18
1.33
11.86
14.89
5.92
