NAME : sz-18-prob_type-uniform-prob-0.30-fee_type-direct_prob-fee-3.4
TYPE : TSP
DIMENSION : 18
EDGE_WEIGHT_TYPE : EUC_2D
NODE_COORD_SECTION
1 0.00 0.00
2 64.89 -67.33
3 -86.79 42.14
4 -44.41 -68.76
5 -1.33 18.07
6 -67.09 -57.83
7 0.56 39.78
8 78.00 -4.43
9 10.00 -11.89
10 -69.93 42.35
11 25.41 -53.89
12 70.36 -34.98
13 -15.94 -45.92
14 77.28 62.31
15 51.90 -16.79
16 33.17 5.57
17 -82.86 -13.10
18 29.34 -65.91
ACCEPTED_PROBABILITIES
0.00
0.33
0.26
0.29
0.30
0.31
0.29
0.33
0.35
0.34
0.30
0.35
0.35
0.29
0.34
0.34
0.29
0.33
OUTSOURCING_COSTS
0.00
14.91
0.20
5.52
7.22
11.62
5.87
16.51
19.30
17.74
9.21
19.80
19.80
5.19
16.88
17.76
6.02
14.50
