NAME : sz-16-prob_type-uniform-prob-0.50-fee_type-direct_prob-fee-3.1
TYPE : TSP
DIMENSION : 16
EDGE_WEIGHT_TYPE : EUC_2D
NODE_COORD_SECTION
1 0.00 0.00
2 70.06 34.60
3 8.14 7.47
4 24.39 -23.78
5 26.84 74.71
6 41.64 77.51
7 -72.36 36.17
8 -19.47 96.94
9 3.23 -88.92
10 43.43 -66.84
11 -52.07 -47.15
12 38.36 29.63
13 3.01 -28.11
14 -38.22 14.89
15 -31.90 63.12
16 -44.71 -81.14
ACCEPTED_PROBABILITIES
0.00
0.55
0.50
0.49
0.51
0.55
0.46
0.46
0.51
0.51
0.48
0.50
0.47
0.52
0.52
0.52
OUTSOURCING_COSTS
0.00
20.46
9.75
7.87
11.76
20.08
0.21
1.91
12.03
12.82
5.46
9.40
2.15
13.81
14.47
13.61
