NAME : sz-18-prob_type-uniform-prob-0.25-fee_type-direct_prob
TYPE : TSP
DIMENSION : 18
EDGE_WEIGHT_TYPE : EUC_2D
NODE_COORD_SECTION
1 0.00 0.00
2 -56.17 32.23
3 44.54 8.36
4 46.54 4.48
5 5.05 40.10
6 55.48 -58.52
7 13.85 -1.05
8 -3.67 64.44
9 -1.91 -13.24
10 -42.72 50.01
11 46.71 30.29
12 -15.24 -25.90
13 -19.52 -53.77
14 48.23 75.48
15 83.68 -15.32
16 -35.47 16.13
17 23.62 -72.86
18 -20.36 -47.90
ACCEPTED_PROBABILITIES
0.00
0.27
0.30
0.22
0.26
0.28
0.28
0.23
0.25
0.24
0.25
0.27
0.27
0.27
0.29
0.29
0.27
0.27
OUTSOURCING_COSTS
0.00
10.40
17.47
0.18
10.07
13.67
13.42
0.18
7.04
3.79
5.09
11.77
10.18
11.63
15.82
15.45
10.92
12.61
