NAME : sz-18-prob_type-inverse_dist-prob-0.50-fee_type-inverse_prob-fee-2.5
TYPE : TSP
DIMENSION : 18
EDGE_WEIGHT_TYPE : EUC_2D
NODE_COORD_SECTION
1 0.00 0.00
2 59.27 -62.91
3 52.74 25.49
4 20.89 89.01
5 -39.75 -78.90
6 43.34 -74.45
7 58.70 1.26
8 23.20 -34.39
9 -68.86 -56.16
10 -77.77 43.51
11 79.18 10.23
12 -30.00 -92.91
13 -19.44 -10.77
14 15.20 -43.81
15 60.10 8.43
16 19.23 17.53
17 68.37 48.07
18 81.23 7.31
ACCEPTED_PROBABILITIES
0.00
0.48
0.46
0.49
0.50
0.52
0.53
0.54
0.52
0.49
0.49
0.50
0.57
0.48
0.50
0.64
0.49
0.52
OUTSOURCING_COSTS
0.00
13.12
14.56
12.37
11.21
10.13
9.34
8.22
10.16
12.19
12.07
11.26
5.69
13.32
11.88
0.15
12.56
9.72
