NAME : sz-14-prob_type-uniform-prob-0.40-fee_type-direct_prob-fee-3.1
TYPE : TSP
DIMENSION : 14
EDGE_WEIGHT_TYPE : EUC_2D
NODE_COORD_SECTION
1 0.00 0.00
2 -70.80 -66.47
3 -80.18 -19.95
4 -23.51 90.98
5 -45.62 72.21
6 10.66 26.35
7 20.00 -49.63
8 -13.79 77.57
9 -10.97 29.03
10 -40.49 80.45
11 50.25 38.70
12 -33.59 9.80
13 11.32 -96.27
14 -30.41 20.71
ACCEPTED_PROBABILITIES
0.00
0.41
0.42
0.36
0.39
0.42
0.43
0.37
0.35
0.35
0.41
0.44
0.44
0.39
OUTSOURCING_COSTS
0.00
16.67
19.65
0.98
11.33
20.08
22.60
5.94
0.24
0.66
16.62
23.61
23.52
10.14
