NAME : sz-17-prob_type-uniform-prob-0.55-fee_type-direct_prob-fee-3.5
TYPE : TSP
DIMENSION : 17
EDGE_WEIGHT_TYPE : EUC_2D
NODE_COORD_SECTION
1 0.00 0.00
2 -26.81 51.46
3 87.60 36.94
4 -35.02 5.29
5 1.62 69.56
6 41.18 84.54
7 -13.94 95.58
8 28.98 -91.80
9 -1.59 -59.42
10 -75.09 23.07
11 -39.63 -33.97
12 -15.50 -74.77
13 38.19 -77.58
14 36.10 59.38
15 40.19 46.27
16 -76.01 -8.35
17 4.47 56.99
ACCEPTED_PROBABILITIES
0.00
0.56
0.50
0.53
0.55
0.58
0.54
0.55
0.59
0.59
0.53
0.56
0.52
0.60
0.60
0.58
0.56
OUTSOURCING_COSTS
0.00
13.88
0.22
5.69
10.98
17.17
8.62
10.01
20.57
20.39
5.71
13.74
4.61
21.66
21.66
17.59
13.27
