NAME : sz-15-prob_type-uniform-prob-0.50-fee_type-inverse_prob-fee-2.5
TYPE : TSP
DIMENSION : 15
EDGE_WEIGHT_TYPE : EUC_2D
NODE_COORD_SECTION
1 0.00 0.00
2 22.00 94.00
3 -52.48 -17.31
4 -19.27 -88.02
5 -23.07 -73.38
6 -31.47 -57.69
7 -99.72 -6.98
8 -54.14 63.46
9 51.55 6.48
10 1.15 -72.85
11 -8.93 -94.23
12 30.96 -79.32
13 -81.80 -35.38
14 -91.30 7.61
15 17.35 75.32
ACCEPTED_PROBABILITIES
0.00
0.50
0.52
0.47
0.51
0.46
0.46
0.54
0.47
0.46
0.48
0.46
0.46
0.47
0.50
OUTSOURCING_COSTS
0.00
7.59
3.22
14.59
5.61
16.34
17.34
0.18
15.53
16.53
12.64
16.02
17.68
14.70
7.47
