NAME : sz-16-prob_type-uniform-prob-0.40-fee_type-inverse_prob-fee-3.5
TYPE : TSP
DIMENSION : 16
EDGE_WEIGHT_TYPE : EUC_2D
NODE_COORD_SECTION
1 0.00 0.00
2 -33.38 -43.45
3 -93.86 21.52
4 19.58 -47.52
5 -41.73 84.62
6 58.03 36.24
7 19.07 -12.05
8 -88.97 22.86
9 43.90 67.02
10 37.81 45.56
11 -41.64 81.55
12 -8.00 33.68
13 47.65 14.55
14 -89.37 -37.42
15 -50.48 82.76
16 61.09 -38.47
ACCEPTED_PROBABILITIES
0.00
0.41
0.35
0.39
0.44
0.40
0.40
0.40
0.44
0.42
0.42
0.40
0.44
0.41
0.37
0.43
OUTSOURCING_COSTS
0.00
8.93
23.10
14.43
1.28
11.67
11.09
10.79
0.23
6.17
5.01
10.70
1.17
9.54
17.95
2.41
