NAME : sz-14-prob_type-uniform-prob-0.60-fee_type-direct_prob-fee-2.8
TYPE : TSP
DIMENSION : 14
EDGE_WEIGHT_TYPE : EUC_2D
NODE_COORD_SECTION
1 0.00 0.00
2 -78.48 -15.18
3 3.48 -32.82
4 -87.15 -18.91
5 43.66 -73.93
6 -1.66 -0.58
7 -18.75 -65.92
8 -46.07 -0.79
9 -71.64 -11.86
10 -43.57 -51.10
11 3.96 -55.36
12 -42.45 47.04
13 -42.19 84.94
14 -51.80 -20.81
ACCEPTED_PROBABILITIES
0.00
0.63
0.55
0.57
0.63
0.58
0.58
0.59
0.62
0.61
0.63
0.62
0.59
0.62
OUTSOURCING_COSTS
0.00
19.61
0.22
5.56
21.32
6.58
8.15
10.97
19.11
15.95
21.27
18.81
9.30
17.51
