NAME : sz-17-prob_type-uniform-prob-0.35-fee_type-inverse_prob-fee-3.5
TYPE : TSP
DIMENSION : 17
EDGE_WEIGHT_TYPE : EUC_2D
NODE_COORD_SECTION
1 0.00 0.00
2 66.35 -20.63
3 -56.76 32.38
4 58.87 50.89
5 -71.16 25.45
6 62.65 -66.33
7 -5.38 -4.48
8 -28.77 93.90
9 -65.66 -10.50
10 -4.12 -76.37
11 57.63 79.31
12 82.76 6.84
13 42.87 24.81
14 -9.77 11.67
15 -12.08 -82.65
16 0.12 25.48
17 -49.32 -71.24
ACCEPTED_PROBABILITIES
0.00
0.31
0.35
0.34
0.31
0.30
0.31
0.39
0.36
0.40
0.38
0.33
0.35
0.33
0.34
0.33
0.39
OUTSOURCING_COSTS
0.00
19.35
11.81
13.69
21.48
21.66
20.78
2.44
9.35
0.22
4.49
15.92
9.77
16.47
12.79
15.12
1.12
