NAME : sz-18-prob_type-uniform-prob-0.45-fee_type-direct_prob-fee-2.7
TYPE : TSP
DIMENSION : 18
EDGE_WEIGHT_TYPE : EUC_2D
NODE_COORD_SECTION
1 0.00 0.00
2 82.96 37.44
3 58.79 10.75
4 -42.22 -82.41
5 2.50 -80.36
6 -1.63 -83.73
7 48.45 6.01
8 -69.76 45.66
9 -74.50 -12.29
10 82.58 -25.85
11 -22.93 -53.12
12 44.54 83.44
13 -76.82 55.97
14 71.36 -33.28
15 66.71 22.20
16 0.05 16.82
17 57.52 -69.10
18 47.39 -26.42
ACCEPTED_PROBABILITIES
0.00
0.41
0.48
0.40
0.48
0.48
0.41
0.49
0.42
0.41
0.47
0.45
0.42
0.47
0.46
0.42
0.48
0.42
OUTSOURCING_COSTS
0.00
1.94
14.52
0.16
15.11
14.64
2.13
15.72
3.79
1.45
12.24
8.32
2.40
13.24
11.19
2.23
14.05
2.58
