NAME : sz-17-prob_type-uniform-prob-0.25-fee_type-direct_prob-fee-2.6
TYPE : TSP
DIMENSION : 17
EDGE_WEIGHT_TYPE : EUC_2D
NODE_COORD_SECTION
1 0.00 0.00
2 -66.84 54.61
3 21.88 -12.85
4 -54.22 -34.52
5 -29.65 -87.57
6 -29.10 -49.49
7 35.02 68.28
8 29.00 39.72
9 -43.51 -70.31
10 58.50 73.61
11 -15.89 -74.44
12 -65.26 -52.42
13 47.55 53.76
14 84.26 20.71
15 41.33 24.81
16 -95.95 13.22
17 10.71 -31.63
ACCEPTED_PROBABILITIES
0.00
0.26
0.27
0.25
0.27
0.25
0.20
0.23
0.24
0.24
0.22
0.23
0.20
0.28
0.23
0.20
0.22
OUTSOURCING_COSTS
0.00
11.10
13.84
9.08
14.03
9.08
0.16
5.94
8.38
6.86
3.63
5.36
0.33
16.09
5.47
0.16
3.62
