NAME : sz-14-prob_type-uniform-prob-0.25-fee_type-inverse_prob-fee-3.5
TYPE : TSP
DIMENSION : 14
EDGE_WEIGHT_TYPE : EUC_2D
NODE_COORD_SECTION
1 0.00 0.00
2 -4.09 52.48
3 -11.10 98.23
4 -95.57 -5.95
5 41.09 39.38
6 72.63 -31.88
7 28.03 44.55
8 3.48 -35.41
9 72.10 -63.87
10 57.57 30.45
11 -10.58 76.09
12 -32.94 -24.08
13 -71.70 -27.60
14 44.46 -63.11
ACCEPTED_PROBABILITIES
0.00
0.30
0.22
0.24
0.26
0.24
0.20
0.30
0.28
0.29
0.23
0.27
0.28
0.29
OUTSOURCING_COSTS
0.00
0.27
21.70
15.67
11.03
17.13
26.65
0.74
6.50
2.38
18.17
8.39
4.75
3.09
