NAME : sz-14-prob_type-direct_dist-prob-0.50-fee_type-inverse_prob-fee-3.2
TYPE : TSP
DIMENSION : 14
EDGE_WEIGHT_TYPE : EUC_2D
NODE_COORD_SECTION
1 0.00 0.00
2 90.29 16.65
3 71.30 57.79
4 48.07 66.32
5 56.40 67.21
6 67.45 57.63
7 73.63 -19.14
8 68.34 16.27
9 -22.41 -58.84
10 37.47 67.01
11 66.52 44.93
12 -37.26 86.00
13 -70.19 60.69
14 -28.66 -40.47
ACCEPTED_PROBABILITIES
0.00
0.71
0.73
0.63
0.48
0.49
0.43
0.53
0.57
0.40
0.61
0.58
0.38
0.53
OUTSOURCING_COSTS
0.00
1.39
0.25
6.87
17.78
16.79
21.39
13.81
11.46
23.49
8.36
10.34
24.37
14.15
