NAME : sz-17-prob_type-uniform-prob-0.20-fee_type-direct_prob-fee-3.3
TYPE : TSP
DIMENSION : 17
EDGE_WEIGHT_TYPE : EUC_2D
NODE_COORD_SECTION
1 0.00 0.00
2 94.84 -25.99
3 78.54 37.97
4 -74.08 -38.69
5 7.65 -55.92
6 12.38 87.36
7 38.55 -18.52
8 74.28 22.59
9 8.01 17.04
10 17.33 59.84
11 -69.70 -2.56
12 -56.66 -16.76
13 31.07 -35.05
14 -33.59 -26.71
15 -82.33 36.65
16 -24.64 -85.61
17 19.43 -90.84
ACCEPTED_PROBABILITIES
0.00
0.21
0.19
0.18
0.18
0.22
0.18
0.23
0.18
0.16
0.18
0.22
0.22
0.21
0.17
0.17
0.17
OUTSOURCING_COSTS
0.00
12.99
9.07
6.60
5.53
16.70
4.34
20.42
5.35
0.21
5.41
16.15
17.55
13.79
1.76
3.26
3.48
