NAME : sz-17-prob_type-uniform-prob-0.35-fee_type-inverse_prob-fee-2.9
TYPE : TSP
DIMENSION : 17
EDGE_WEIGHT_TYPE : EUC_2D
NODE_COORD_SECTION
1 0.00 0.00
2 -76.34 -33.20
3 -91.19 -26.98
4 22.35 -42.77
5 -18.17 -42.12
6 -29.34 -81.66
7 58.06 46.81
8 -9.85 56.18
9 -85.33 -17.24
10 -72.47 17.53
11 -58.08 -46.64
12 -20.04 37.95
13 1.63 -45.81
14 -77.45 -25.09
15 -50.54 -71.06
16 28.58 -60.22
17 -56.59 -75.90
ACCEPTED_PROBABILITIES
0.00
0.35
0.31
0.34
0.31
0.40
0.36
0.36
0.33
0.36
0.37
0.30
0.34
0.38
0.33
0.37
0.31
OUTSOURCING_COSTS
0.00
10.18
17.59
11.51
17.39
0.18
7.14
6.49
13.47
7.53
5.41
17.94
11.16
3.21
13.35
5.05
17.32
