NAME : sz-15-prob_type-inverse_dist-prob-0.50-fee_type-direct_prob-fee-2.6
TYPE : TSP
DIMENSION : 15
EDGE_WEIGHT_TYPE : EUC_2D
NODE_COORD_SECTION
1 0.00 0.00
2 21.92 36.80
3 -9.66 -29.68
4 -45.91 -71.35
5 -63.55 31.52
6 -87.05 19.70
7 -38.11 26.47
8 -7.21 -35.19
9 55.39 -18.50
10 -44.36 -85.18
11 64.54 -19.97
12 17.77 -9.15
13 -14.63 -82.92
14 53.30 -13.86
15 40.89 -70.38
ACCEPTED_PROBABILITIES
0.00
0.63
0.67
0.48
0.43
0.52
0.40
0.45
0.48
0.50
0.57
0.47
0.49
0.53
0.48
OUTSOURCING_COSTS
0.00
16.09
18.39
5.37
2.38
8.02
0.19
3.64
5.43
7.29
11.57
5.06
6.47
8.98
5.86
