NAME : sz-16-prob_type-direct_dist-prob-0.25-fee_type-direct_prob-fee-2.7
TYPE : TSP
DIMENSION : 16
EDGE_WEIGHT_TYPE : EUC_2D
NODE_COORD_SECTION
1 0.00 0.00
2 17.89 91.68
3 -6.95 82.42
4 -62.98 -59.47
5 -44.97 13.98
6 90.09 22.66
7 85.39 36.73
8 -86.27 14.81
9 65.41 75.40
10 4.64 18.81
11 19.61 -59.12
12 5.19 5.01
13 27.36 -85.28
14 -42.64 69.48
15 33.64 -62.53
16 -4.89 -77.08
ACCEPTED_PROBABILITIES
0.00
0.48
0.10
0.17
0.35
0.15
0.07
0.27
0.32
0.25
0.17
0.23
0.44
0.06
0.21
0.12
OUTSOURCING_COSTS
0.00
17.82
1.78
4.42
12.44
3.59
0.18
8.96
11.08
7.99
4.48
7.42
16.33
0.18
6.23
2.50
