NAME : sz-18-prob_type-inverse_dist-prob-0.25-fee_type-direct_prob-fee-3.2
TYPE : TSP
DIMENSION : 18
EDGE_WEIGHT_TYPE : EUC_2D
NODE_COORD_SECTION
1 0.00 0.00
2 -79.60 2.34
3 -74.43 -20.02
4 56.08 23.45
5 -23.80 -8.66
6 -27.73 -80.26
7 -73.58 43.75
8 -66.29 33.93
9 -3.70 -40.14
10 90.70 5.27
11 -16.78 1.32
12 19.91 -93.58
13 74.35 -2.85
14 16.31 -50.96
15 -11.41 -58.67
16 -38.76 -45.27
17 69.74 42.99
18 77.58 4.41
ACCEPTED_PROBABILITIES
0.00
0.22
0.29
0.34
0.24
0.27
0.28
0.30
0.40
0.24
0.27
0.26
0.31
0.30
0.16
0.26
0.21
0.29
OUTSOURCING_COSTS
0.00
4.60
10.48
14.04
6.16
8.30
9.78
11.28
18.64
6.28
8.47
7.70
11.51
11.38
0.19
7.87
4.13
10.57
