NAME : sz-19-prob_type-direct_dist-prob-0.50-fee_type-direct_prob-fee-2.9
TYPE : TSP
DIMENSION : 19
EDGE_WEIGHT_TYPE : EUC_2D
NODE_COORD_SECTION
1 0.00 0.00
2 51.86 83.53
3 12.34 -6.30
4 50.17 13.41
5 25.93 8.82
6 -20.40 -82.75
7 18.02 60.16
8 43.03 -11.20
9 -30.54 40.89
10 0.78 -5.69
11 68.28 -29.55
12 37.53 -88.45
13 -43.86 75.80
14 17.56 -20.64
15 -12.47 -61.29
16 -21.73 -36.26
17 9.36 -48.98
18 75.64 49.21
19 18.81 30.94
ACCEPTED_PROBABILITIES
0.00
0.38
0.48
0.42
0.54
0.53
0.42
0.51
0.45
0.49
0.40
0.62
0.36
0.56
0.66
0.54
0.52
0.46
0.56
OUTSOURCING_COSTS
0.00
1.23
6.51
3.34
9.61
9.41
3.43
8.18
4.78
7.21
2.11
14.38
0.16
10.71
15.95
9.78
8.55
5.51
11.02
