NAME : sz-17-prob_type-uniform-prob-0.30-fee_type-direct_prob
TYPE : TSP
DIMENSION : 17
EDGE_WEIGHT_TYPE : EUC_2D
NODE_COORD_SECTION
1 0.00 0.00
2 56.68 -13.89
3 75.87 7.35
4 -4.31 38.04
5 -35.69 28.53
6 -28.36 49.83
7 47.57 -21.75
8 15.82 65.46
9 -87.84 6.55
10 23.45 29.86
11 57.75 2.95
12 42.09 -56.25
13 -33.74 21.56
14 51.62 77.48
15 -65.35 -19.79
16 -22.29 -90.78
17 19.63 -55.09
ACCEPTED_PROBABILITIES
0.00
0.29
0.29
0.29
0.26
0.34
0.33
0.26
0.28
0.30
0.34
0.34
0.31
0.27
0.32
0.28
0.33
OUTSOURCING_COSTS
0.00
7.11
7.27
7.01
1.42
17.00
15.94
0.19
5.90
9.36
18.56
16.97
11.01
2.81
14.15
5.34
16.35
