NAME : sz-16-prob_type-uniform-prob-0.35-fee_type-inverse_prob-fee-3.4
TYPE : TSP
DIMENSION : 16
EDGE_WEIGHT_TYPE : EUC_2D
NODE_COORD_SECTION
1 0.00 0.00
2 0.37 -92.82
3 2.15 98.98
4 59.38 70.69
5 -59.02 43.72
6 -18.17 -94.40
7 1.44 -54.75
8 -40.46 -9.81
9 65.17 -9.25
10 9.61 -21.35
11 2.92 -63.29
12 23.03 72.72
13 51.37 41.78
14 56.98 73.47
15 -82.94 32.96
16 3.44 -14.08
ACCEPTED_PROBABILITIES
0.00
0.33
0.40
0.35
0.34
0.38
0.31
0.34
0.35
0.32
0.38
0.40
0.38
0.38
0.37
0.31
OUTSOURCING_COSTS
0.00
17.46
0.23
11.15
15.07
5.31
22.44
14.78
11.32
20.35
5.13
0.23
3.56
4.97
5.80
22.06
