NAME : sz-14-prob_type-uniform-prob-0.05-fee_type-direct_prob-fee-2.6
TYPE : TSP
DIMENSION : 14
EDGE_WEIGHT_TYPE : EUC_2D
NODE_COORD_SECTION
1 0.00 0.00
2 -18.06 6.39
3 -82.99 -13.94
4 -37.01 20.06
5 48.93 -40.57
6 -45.41 -12.57
7 74.49 25.72
8 33.07 57.87
9 66.47 -54.46
10 -77.01 -58.23
11 47.45 -45.89
12 -9.28 -48.80
13 60.20 -39.05
14 2.25 8.18
ACCEPTED_PROBABILITIES
0.00
0.04
0.03
0.05
0.01
0.05
0.02
0.04
0.01
0.05
0.05
0.05
0.00
0.10
OUTSOURCING_COSTS
0.00
8.23
6.13
10.78
2.84
9.80
4.07
7.24
1.44
9.37
9.37
11.01
0.20
19.80
