NAME : sz-19-prob_type-inverse_dist-prob-0.50-fee_type-direct_prob-fee-2.6
TYPE : TSP
DIMENSION : 19
EDGE_WEIGHT_TYPE : EUC_2D
NODE_COORD_SECTION
1 0.00 0.00
2 60.14 19.47
3 22.55 -20.96
4 38.34 -71.11
5 -52.91 22.07
6 31.32 -60.43
7 82.87 -53.40
8 -70.86 61.29
9 3.55 84.43
10 23.89 -37.16
11 32.27 19.18
12 -68.04 -70.72
13 -71.02 -2.55
14 77.65 14.49
15 -8.22 6.05
16 -24.91 -24.19
17 -91.20 3.33
18 80.87 29.82
19 6.84 -49.30
ACCEPTED_PROBABILITIES
0.00
0.54
0.34
0.53
0.53
0.44
0.50
0.51
0.52
0.39
0.54
0.50
0.53
0.48
0.63
0.52
0.49
0.52
0.61
OUTSOURCING_COSTS
0.00
10.07
0.14
9.42
9.57
4.79
7.83
8.59
9.01
2.23
9.85
8.04
9.47
6.97
14.30
8.79
7.22
8.64
13.35
