NAME : sz-16-prob_type-uniform-prob-0.35-fee_type-direct_prob-fee-3.5
TYPE : TSP
DIMENSION : 16
EDGE_WEIGHT_TYPE : EUC_2D
NODE_COORD_SECTION
1 0.00 0.00
2 39.81 78.48
3 1.74 49.61
4 12.86 71.96
5 35.91 22.59
6 -33.34 77.85
7 61.28 59.01
8 20.83 -59.84
9 -50.22 47.52
10 -45.29 -77.91
11 11.38 82.97
12 -6.66 70.38
13 58.79 -74.04
14 55.53 -78.19
15 -15.44 -21.36
16 -64.38 -37.16
ACCEPTED_PROBABILITIES
0.00
0.35
0.31
0.32
0.35
0.33
0.31
0.36
0.34
0.34
0.39
0.38
0.33
0.31
0.35
0.39
OUTSOURCING_COSTS
0.00
11.43
0.23
3.96
12.10
5.31
0.35
15.43
10.38
8.96
23.10
21.30
7.87
2.25
10.89
21.60
