NAME : sz-14-prob_type-uniform-prob-0.15-fee_type-direct_prob-fee-3.4
TYPE : TSP
DIMENSION : 14
EDGE_WEIGHT_TYPE : EUC_2D
NODE_COORD_SECTION
1 0.00 0.00
2 -7.87 59.59
3 -65.78 57.63
4 -76.80 -38.81
5 60.28 11.63
6 15.86 86.24
7 -32.20 20.30
8 26.47 -87.58
9 -46.28 80.19
10 -11.86 -72.50
11 7.19 0.97
12 -50.31 81.58
13 -29.61 56.91
14 21.50 -23.53
ACCEPTED_PROBABILITIES
0.00
0.17
0.14
0.14
0.12
0.15
0.11
0.10
0.13
0.16
0.16
0.18
0.10
0.12
OUTSOURCING_COSTS
0.00
22.01
13.50
10.92
4.11
14.06
3.98
0.26
7.68
17.93
19.56
25.89
0.34
4.79
