NAME : sz-19-prob_type-inverse_dist-prob-0.50-fee_type-inverse_prob-fee-3.4
TYPE : TSP
DIMENSION : 19
EDGE_WEIGHT_TYPE : EUC_2D
NODE_COORD_SECTION
1 0.00 0.00
2 -71.22 25.66
3 49.07 -85.24
4 66.15 -2.43
5 -21.17 -19.10
6 -7.29 31.38
7 -41.52 -85.46
8 -40.44 -51.25
9 -24.67 76.09
10 79.24 -24.88
11 50.17 -9.51
12 8.10 -98.07
13 -3.60 -93.01
14 56.83 67.62
15 -71.81 -60.42
16 -80.29 -37.18
17 9.82 -71.92
18 -28.26 62.97
19 -4.18 77.44
ACCEPTED_PROBABILITIES
0.00
0.52
0.50
0.44
0.40
0.62
0.51
0.44
0.54
0.49
0.55
0.50
0.50
0.48
0.50
0.52
0.44
0.56
0.50
OUTSOURCING_COSTS
0.00
8.18
9.98
15.11
18.70
0.19
9.15
15.34
6.45
10.82
6.25
10.13
9.85
11.66
9.93
8.42
15.29
5.44
10.31
