NAME : sz-16-prob_type-inverse_dist-prob-0.25-fee_type-inverse_prob-fee-3.2
TYPE : TSP
DIMENSION : 16
EDGE_WEIGHT_TYPE : EUC_2D
NODE_COORD_SECTION
1 0.00 0.00
2 -33.57 -17.04
3 -32.09 92.86
4 -66.99 -51.51
5 86.48 8.75
6 -25.55 -2.50
7 45.92 56.20
8 -53.57 -29.20
9 66.50 -31.98
10 71.87 44.45
11 -61.16 76.48
12 -54.04 -14.96
13 -39.77 69.33
14 27.79 -74.45
15 -87.37 -29.52
16 -4.58 -58.01
ACCEPTED_PROBABILITIES
0.00
0.15
0.25
0.26
0.26
0.10
0.23
0.30
0.20
0.26
0.25
0.28
0.23
0.23
0.24
0.25
OUTSOURCING_COSTS
0.00
15.36
5.59
4.11
4.81
21.12
7.95
0.21
10.62
4.70
5.41
2.42
7.10
7.46
6.64
5.08
