NAME : sz-19-prob_type-uniform-prob-0.20-fee_type-direct_prob-fee-2.9
TYPE : TSP
DIMENSION : 19
EDGE_WEIGHT_TYPE : EUC_2D
NODE_COORD_SECTION
1 0.00 0.00
2 59.24 36.59
3 4.73 14.72
4 -13.70 -72.68
5 39.25 59.77
6 -22.16 77.16
7 -11.32 -47.34
8 35.61 87.19
9 -61.88 -38.86
10 -36.67 86.68
11 -42.93 5.25
12 -19.93 74.80
13 -1.75 -13.08
14 10.23 -44.79
15 -9.64 -98.27
16 22.79 -93.57
17 -89.98 29.39
18 -29.80 88.11
19 -42.79 -45.47
ACCEPTED_PROBABILITIES
0.00
0.24
0.23
0.19
0.17
0.17
0.19
0.21
0.24
0.20
0.20
0.20
0.23
0.24
0.24
0.16
0.20
0.21
0.18
OUTSOURCING_COSTS
0.00
15.95
14.03
7.06
3.38
3.36
6.43
9.87
15.27
8.00
8.43
7.56
13.98
15.15
15.29
0.16
8.24
10.61
3.78
