NAME : sz-18-prob_type-uniform-prob-0.50-fee_type-direct_prob-fee-3.1
TYPE : TSP
DIMENSION : 18
EDGE_WEIGHT_TYPE : EUC_2D
NODE_COORD_SECTION
1 0.00 0.00
2 -91.09 4.83
3 -15.45 -67.80
4 4.32 -33.20
5 62.01 22.55
6 -30.05 -74.80
7 -47.93 -26.03
8 -88.21 -35.03
9 48.49 -36.17
10 39.56 -3.92
11 20.22 73.36
12 65.41 -21.70
13 -25.77 -35.04
14 -84.22 12.03
15 74.29 -30.06
16 -24.49 19.66
17 -65.85 -73.67
18 -51.68 48.61
ACCEPTED_PROBABILITIES
0.00
0.47
0.55
0.46
0.54
0.46
0.50
0.54
0.48
0.54
0.46
0.51
0.47
0.47
0.54
0.49
0.47
0.52
OUTSOURCING_COSTS
0.00
3.12
18.05
0.18
16.84
0.18
8.97
15.96
4.04
17.33
0.95
10.23
3.17
2.69
16.54
7.02
2.00
12.22
