NAME : sz-16-prob_type-uniform-prob-0.20-fee_type-inverse_prob
TYPE : TSP
DIMENSION : 16
EDGE_WEIGHT_TYPE : EUC_2D
NODE_COORD_SECTION
1 0.00 0.00
2 30.42 72.31
3 -0.83 1.47
4 38.02 -57.97
5 16.49 94.93
6 -26.64 92.19
7 7.10 -75.45
8 -3.82 27.03
9 -37.32 64.14
10 8.00 65.29
11 -41.59 25.46
12 -53.70 -20.55
13 70.95 -33.75
14 -58.01 18.79
15 -81.80 52.26
16 -82.69 -18.06
ACCEPTED_PROBABILITIES
0.00
0.20
0.18
0.24
0.20
0.18
0.21
0.15
0.16
0.18
0.16
0.19
0.16
0.25
0.24
0.24
OUTSOURCING_COSTS
0.00
10.49
14.52
2.03
10.07
13.93
8.56
19.80
17.67
14.93
17.68
11.26
18.95
0.20
2.80
2.57
