NAME : sz-16-prob_type-uniform-prob-0.55-fee_type-inverse_prob
TYPE : TSP
DIMENSION : 16
EDGE_WEIGHT_TYPE : EUC_2D
NODE_COORD_SECTION
1 0.00 0.00
2 -17.65 36.65
3 33.50 87.08
4 -17.43 2.41
5 -94.08 -3.50
6 86.73 3.78
7 -2.75 58.04
8 50.46 -45.86
9 -10.96 45.47
10 -1.53 82.60
11 -26.15 29.91
12 30.47 77.67
13 -0.15 12.56
14 44.98 15.32
15 78.69 13.70
16 -69.80 -11.35
ACCEPTED_PROBABILITIES
0.00
0.56
0.55
0.55
0.53
0.52
0.58
0.57
0.52
0.54
0.58
0.54
0.56
0.57
0.51
0.57
OUTSOURCING_COSTS
0.00
6.23
9.94
9.27
13.98
16.49
0.20
4.79
17.52
11.01
2.38
11.60
6.34
3.29
19.80
4.89
