NAME : sz-15-prob_type-uniform-prob-0.25-fee_type-inverse_prob-fee-3.3
TYPE : TSP
DIMENSION : 15
EDGE_WEIGHT_TYPE : EUC_2D
NODE_COORD_SECTION
1 0.00 0.00
2 20.98 58.13
3 -33.72 59.05
4 -58.59 72.54
5 41.09 -84.59
6 60.97 30.63
7 34.78 65.31
8 83.02 -2.93
9 -66.52 9.68
10 52.13 -3.99
11 -84.77 -30.49
12 9.47 3.09
13 90.72 -0.54
14 -44.29 -67.46
15 1.89 55.70
ACCEPTED_PROBABILITIES
0.00
0.28
0.22
0.22
0.27
0.24
0.25
0.26
0.29
0.24
0.27
0.28
0.25
0.29
0.21
OUTSOURCING_COSTS
0.00
2.53
18.74
20.09
5.71
13.42
11.61
8.13
1.12
15.39
5.70
3.87
12.66
0.24
23.34
