NAME : sz-17-prob_type-uniform-prob-0.55-fee_type-inverse_prob
TYPE : TSP
DIMENSION : 17
EDGE_WEIGHT_TYPE : EUC_2D
NODE_COORD_SECTION
1 0.00 0.00
2 61.57 18.40
3 -7.22 -62.25
4 14.70 -77.19
5 9.44 -95.22
6 31.29 -6.04
7 -46.10 85.29
8 -39.12 13.76
9 -59.22 -9.46
10 -47.69 45.01
11 -90.11 -17.88
12 5.94 -65.44
13 -36.29 -72.88
14 89.50 2.76
15 -90.37 -1.02
16 25.74 -73.50
17 24.36 -38.13
ACCEPTED_PROBABILITIES
0.00
0.51
0.51
0.51
0.50
0.51
0.60
0.54
0.53
0.59
0.50
0.58
0.58
0.54
0.54
0.53
0.53
OUTSOURCING_COSTS
0.00
16.47
16.81
16.51
18.56
17.80
0.19
10.73
12.62
0.41
18.38
3.63
3.00
11.18
10.67
12.47
13.20
