NAME : sz-18-prob_type-inverse_dist-prob-0.50-fee_type-inverse_prob-fee-2.6
TYPE : TSP
DIMENSION : 18
EDGE_WEIGHT_TYPE : EUC_2D
NODE_COORD_SECTION
1 0.00 0.00
2 64.66 10.35
3 35.68 9.00
4 27.90 -63.34
5 56.86 -14.97
6 -67.51 41.79
7 -67.05 51.17
8 30.61 -82.48
9 -43.48 14.84
10 86.84 -46.97
11 -28.70 35.72
12 63.03 60.57
13 -0.41 97.79
14 4.18 83.03
15 -16.90 52.89
16 42.11 -2.58
17 23.88 -61.07
18 22.26 -84.89
ACCEPTED_PROBABILITIES
0.00
0.52
0.57
0.48
0.48
0.46
0.52
0.51
0.54
0.50
0.37
0.49
0.50
0.48
0.57
0.51
0.54
0.52
OUTSOURCING_COSTS
0.00
3.58
0.15
6.74
7.19
8.21
3.81
4.81
2.39
5.13
15.14
5.87
5.33
7.04
0.24
4.54
2.54
3.62
