NAME : sz-16-prob_type-uniform-prob-0.40-fee_type-inverse_prob-fee-3.3
TYPE : TSP
DIMENSION : 16
EDGE_WEIGHT_TYPE : EUC_2D
NODE_COORD_SECTION
1 0.00 0.00
2 -81.51 54.86
3 -22.70 54.35
4 12.77 25.23
5 4.12 40.25
6 -22.38 -0.92
7 1.67 75.02
8 14.30 -95.23
9 50.62 67.57
10 50.45 67.02
11 48.08 43.82
12 -15.72 -23.90
13 76.88 -4.56
14 51.81 63.26
15 -76.00 31.18
16 2.00 -89.24
ACCEPTED_PROBABILITIES
0.00
0.41
0.36
0.38
0.45
0.39
0.37
0.38
0.42
0.41
0.40
0.37
0.43
0.39
0.42
0.42
OUTSOURCING_COSTS
0.00
10.65
21.78
18.49
0.22
14.91
19.43
17.12
7.62
11.36
11.81
19.32
3.79
14.32
8.46
6.31
