NAME : sz-14-prob_type-inverse_dist-prob-0.25-fee_type-direct_prob-fee-2.9
TYPE : TSP
DIMENSION : 14
EDGE_WEIGHT_TYPE : EUC_2D
NODE_COORD_SECTION
1 0.00 0.00
2 -88.83 1.15
3 -15.07 -37.17
4 67.07 15.38
5 83.33 48.70
6 -42.66 -27.36
7 -90.60 37.60
8 -66.88 41.17
9 -94.73 -31.05
10 38.75 -91.17
11 1.34 -69.05
12 -49.80 60.07
13 17.67 -66.32
14 -39.54 91.62
ACCEPTED_PROBABILITIES
0.00
0.23
0.12
0.28
0.25
0.34
0.25
0.29
0.25
0.25
0.17
0.28
0.29
0.25
OUTSOURCING_COSTS
0.00
11.17
0.22
16.65
12.70
22.08
12.91
17.02
13.21
12.95
5.06
16.68
17.24
13.16
