NAME : sz-17-prob_type-uniform-prob-0.10-fee_type-inverse_prob-fee-2.8
TYPE : TSP
DIMENSION : 17
EDGE_WEIGHT_TYPE : EUC_2D
NODE_COORD_SECTION
1 0.00 0.00
2 -41.44 60.84
3 62.96 -45.08
4 32.07 57.59
5 -0.77 87.14
6 -38.12 66.97
7 -50.21 24.14
8 14.06 -8.87
9 -69.20 -18.79
10 34.61 -37.08
11 5.85 73.58
12 61.94 42.82
13 -88.83 -24.29
14 -15.42 -57.68
15 24.90 -87.96
16 35.19 19.94
17 57.38 53.10
ACCEPTED_PROBABILITIES
0.00
0.07
0.14
0.13
0.15
0.06
0.13
0.15
0.09
0.09
0.11
0.15
0.14
0.06
0.05
0.15
0.12
OUTSOURCING_COSTS
0.00
15.40
2.62
3.92
0.18
16.73
3.80
0.18
10.51
11.47
7.31
0.68
2.38
17.32
17.32
0.18
4.79
