NAME : sz-15-prob_type-direct_dist-prob-0.25-fee_type-direct_prob-fee-3.2
TYPE : TSP
DIMENSION : 15
EDGE_WEIGHT_TYPE : EUC_2D
NODE_COORD_SECTION
1 0.00 0.00
2 -25.33 38.97
3 74.45 49.69
4 2.29 40.32
5 59.01 28.79
6 -25.50 -26.47
7 4.17 83.87
8 -77.17 -36.09
9 15.07 92.02
10 38.23 13.78
11 88.05 24.98
12 2.64 -32.60
13 -33.11 -48.58
14 -47.39 -46.57
15 -75.49 25.99
ACCEPTED_PROBABILITIES
0.00
0.35
0.42
0.20
0.22
0.32
0.46
0.44
0.02
0.22
0.12
0.29
0.29
0.31
0.22
OUTSOURCING_COSTS
0.00
17.48
20.66
9.14
10.30
15.85
22.63
21.79
0.23
10.60
5.23
13.82
13.98
15.07
10.64
