NAME : sz-19-prob_type-uniform-prob-0.45-fee_type-direct_prob-fee-3.1
TYPE : TSP
DIMENSION : 19
EDGE_WEIGHT_TYPE : EUC_2D
NODE_COORD_SECTION
1 0.00 0.00
2 77.10 -30.85
3 -94.77 1.33
4 -24.33 12.97
5 12.29 -62.50
6 0.35 25.79
7 39.91 -82.42
8 -74.78 -5.75
9 9.89 93.84
10 -19.51 48.76
11 -32.44 50.49
12 -56.94 5.10
13 45.90 86.59
14 72.42 49.38
15 -39.03 45.77
16 17.58 91.14
17 48.91 -34.11
18 -65.93 -20.23
19 61.80 -77.35
ACCEPTED_PROBABILITIES
0.00
0.47
0.45
0.43
0.48
0.40
0.42
0.47
0.41
0.44
0.44
0.46
0.44
0.42
0.40
0.40
0.43
0.47
0.46
OUTSOURCING_COSTS
0.00
13.12
9.12
4.74
17.05
0.17
2.63
15.18
2.17
7.68
8.63
12.11
6.89
3.30
0.17
0.17
5.39
14.47
11.12
