NAME : sz-16-prob_type-inverse_dist-prob-0.25-fee_type-direct_prob-fee-2.6
TYPE : TSP
DIMENSION : 16
EDGE_WEIGHT_TYPE : EUC_2D
NODE_COORD_SECTION
1 0.00 0.00
2 79.18 47.26
3 -33.79 -20.23
4 -71.74 -11.00
5 48.68 -65.51
6 12.72 97.05
7 73.35 56.24
8 12.60 -7.17
9 -55.92 -57.23
10 -65.84 -73.11
11 34.39 -9.17
12 59.55 -26.02
13 5.24 -46.75
14 -93.96 -11.04
15 -62.96 64.77
16 13.12 75.50
ACCEPTED_PROBABILITIES
0.00
0.26
0.13
0.20
0.28
0.25
0.27
0.36
0.24
0.25
0.37
0.20
0.27
0.24
0.27
0.24
OUTSOURCING_COSTS
0.00
9.25
0.17
5.21
10.53
8.35
9.89
16.80
8.11
8.43
17.16
4.67
9.95
8.12
10.05
7.58
