NAME : sz-15-prob_type-inverse_dist-prob-0.25-fee_type-direct_prob-fee-3.2
TYPE : TSP
DIMENSION : 15
EDGE_WEIGHT_TYPE : EUC_2D
NODE_COORD_SECTION
1 0.00 0.00
2 78.66 -8.42
3 -23.34 -69.03
4 44.23 -82.48
5 -38.94 -12.90
6 -18.19 87.08
7 12.82 78.47
8 39.41 76.86
9 38.23 91.76
10 8.65 -78.91
11 67.13 21.89
12 -49.04 -68.55
13 25.49 -90.09
14 56.47 70.77
15 -20.49 -36.15
ACCEPTED_PROBABILITIES
0.00
0.22
0.23
0.25
0.13
0.24
0.26
0.22
0.25
0.30
0.31
0.23
0.25
0.24
0.37
OUTSOURCING_COSTS
0.00
8.47
9.83
11.87
0.23
10.68
12.78
8.45
11.64
15.93
16.92
9.87
11.76
10.28
22.63
