NAME : sz-14-prob_type-uniform-prob-0.35-fee_type-direct_prob-fee-3.2
TYPE : TSP
DIMENSION : 14
EDGE_WEIGHT_TYPE : EUC_2D
NODE_COORD_SECTION
1 0.00 0.00
2 47.54 61.48
3 -16.96 -84.02
4 77.26 -47.33
5 0.70 6.74
6 -30.35 39.49
7 69.60 -49.38
8 0.11 81.34
9 -11.56 64.09
10 -11.93 73.66
11 -6.30 -79.47
12 -43.71 26.71
13 50.59 -9.55
14 11.63 10.49
ACCEPTED_PROBABILITIES
0.00
0.38
0.31
0.34
0.38
0.31
0.39
0.35
0.30
0.40
0.30
0.32
0.37
0.33
OUTSOURCING_COSTS
0.00
21.02
2.76
9.34
19.53
2.97
22.43
11.58
1.20
24.37
0.25
6.27
18.48
8.07
