NAME : sz-19-prob_type-inverse_dist-prob-0.50-fee_type-direct_prob-fee-3.1
TYPE : TSP
DIMENSION : 19
EDGE_WEIGHT_TYPE : EUC_2D
NODE_COORD_SECTION
1 0.00 0.00
2 77.83 51.32
3 -39.40 56.84
4 -32.81 -58.72
5 86.18 45.75
6 -31.59 44.32
7 -9.26 -29.36
8 17.60 65.86
9 -12.70 0.53
10 -74.90 -51.26
11 -61.73 23.65
12 -65.84 25.14
13 93.48 0.99
14 -11.88 25.08
15 65.97 -1.18
16 9.84 -38.84
17 -39.67 4.43
18 -58.13 -40.51
19 35.03 -28.99
ACCEPTED_PROBABILITIES
0.00
0.50
0.48
0.51
0.50
0.54
0.35
0.49
0.33
0.52
0.49
0.48
0.49
0.38
0.53
0.61
0.36
0.54
0.59
OUTSOURCING_COSTS
0.00
10.33
8.98
10.83
10.11
12.92
1.46
9.53
0.17
11.37
10.07
9.16
10.01
2.98
12.09
17.05
2.08
12.97
16.17
