NAME : sz-18-prob_type-inverse_dist-prob-0.25-fee_type-inverse_prob-fee-2.8
TYPE : TSP
DIMENSION : 18
EDGE_WEIGHT_TYPE : EUC_2D
NODE_COORD_SECTION
1 0.00 0.00
2 -23.92 2.37
3 65.47 -17.95
4 87.93 8.76
5 29.46 -37.83
6 -59.12 -60.42
7 -58.81 -48.76
8 -96.40 -5.39
9 -6.13 84.72
10 -15.39 -82.61
11 11.02 3.21
12 43.08 85.34
13 72.61 -13.63
14 -46.36 -76.62
15 -16.79 63.01
16 84.40 -42.07
17 -0.20 2.40
18 1.34 -58.73
ACCEPTED_PROBABILITIES
0.00
0.16
0.20
0.24
0.17
0.22
0.20
0.26
0.26
0.23
0.35
0.24
0.28
0.27
0.22
0.24
0.43
0.26
OUTSOURCING_COSTS
0.00
16.31
14.26
11.45
16.10
13.10
13.98
10.69
10.50
12.37
5.11
11.68
8.90
10.08
12.66
11.70
0.16
10.69
