NAME : sz-17-prob_type-uniform-prob-0.50-fee_type-direct_prob-fee-3.1
TYPE : TSP
DIMENSION : 17
EDGE_WEIGHT_TYPE : EUC_2D
NODE_COORD_SECTION
1 0.00 0.00
2 27.64 -31.51
3 -94.11 8.20
4 83.29 38.02
5 51.30 -69.58
6 38.07 -53.31
7 39.71 69.29
8 51.59 -82.89
9 -58.28 -3.14
10 -61.82 12.77
11 -24.76 9.46
12 69.78 39.12
13 -52.05 75.68
14 87.80 -19.83
15 21.70 86.84
16 -2.19 88.68
17 74.94 61.55
ACCEPTED_PROBABILITIES
0.00
0.49
0.48
0.46
0.49
0.47
0.53
0.47
0.52
0.50
0.46
0.47
0.46
0.49
0.45
0.46
0.46
OUTSOURCING_COSTS
0.00
8.97
5.85
1.46
10.19
4.03
19.18
3.76
16.13
11.13
2.30
5.32
2.32
10.30
0.19
2.54
1.63
