NAME : sz-14-prob_type-uniform-prob-0.25-fee_type-direct_prob-fee-2.9
TYPE : TSP
DIMENSION : 14
EDGE_WEIGHT_TYPE : EUC_2D
NODE_COORD_SECTION
1 0.00 0.00
2 -8.93 -98.78
3 46.45 32.15
4 26.73 6.42
5 -35.33 -5.26
6 84.83 -30.73
7 15.08 78.85
8 -22.51 -50.64
9 55.48 -31.75
10 -51.55 77.04
11 -81.93 -1.67
12 -45.59 37.50
13 -96.33 26.20
14 -13.94 -8.07
ACCEPTED_PROBABILITIES
0.00
0.27
0.29
0.21
0.23
0.23
0.30
0.25
0.24
0.29
0.23
0.24
0.26
0.30
OUTSOURCING_COSTS
0.00
16.16
20.31
0.22
4.59
6.00
22.08
9.23
7.74
19.62
5.79
6.81
12.40
22.08
