NAME : sz-16-prob_type-uniform-prob-0.45-fee_type-direct_prob-fee-3.3
TYPE : TSP
DIMENSION : 16
EDGE_WEIGHT_TYPE : EUC_2D
NODE_COORD_SECTION
1 0.00 0.00
2 43.64 -18.76
3 -19.23 18.04
4 28.69 -55.63
5 -11.37 -45.86
6 -33.13 78.61
7 86.55 40.40
8 0.11 -59.68
9 31.14 -83.61
10 -23.20 -1.89
11 34.34 -16.92
12 29.88 27.80
13 71.29 51.77
14 -8.18 -91.27
15 -38.96 90.43
16 -73.85 -4.00
ACCEPTED_PROBABILITIES
0.00
0.41
0.41
0.44
0.44
0.49
0.43
0.42
0.46
0.41
0.48
0.44
0.47
0.50
0.47
0.44
OUTSOURCING_COSTS
0.00
1.12
0.22
8.08
8.78
19.24
5.49
2.12
12.09
1.32
17.85
7.39
15.45
21.78
14.40
8.23
