NAME : sz-16-prob_type-uniform-prob-0.45-fee_type-inverse_prob-fee-3.3
TYPE : TSP
DIMENSION : 16
EDGE_WEIGHT_TYPE : EUC_2D
NODE_COORD_SECTION
1 0.00 0.00
2 -40.20 -57.64
3 32.32 21.41
4 80.89 -53.00
5 48.33 -48.21
6 -25.25 -83.22
7 -12.66 -22.01
8 34.98 16.56
9 -34.91 -52.23
10 -21.04 -58.15
11 23.14 34.60
12 75.46 36.37
13 56.02 -39.17
14 -74.91 55.00
15 8.59 97.25
16 -7.39 50.45
ACCEPTED_PROBABILITIES
0.00
0.48
0.45
0.42
0.42
0.46
0.40
0.49
0.44
0.46
0.50
0.41
0.48
0.42
0.49
0.43
OUTSOURCING_COSTS
0.00
5.11
9.97
18.36
17.83
8.36
21.78
2.05
12.96
9.23
0.22
19.93
3.34
16.78
1.77
15.87
