NAME : sz-18-prob_type-uniform-prob-0.55-fee_type-inverse_prob
TYPE : TSP
DIMENSION : 18
EDGE_WEIGHT_TYPE : EUC_2D
NODE_COORD_SECTION
1 0.00 0.00
2 71.12 68.30
3 5.99 -62.57
4 -15.82 36.42
5 -52.33 7.54
6 20.83 1.47
7 14.50 -47.85
8 -79.71 44.74
9 86.99 29.45
10 19.23 -76.07
11 69.82 40.42
12 -10.07 -59.59
13 14.33 7.74
14 -27.92 29.67
15 28.56 38.53
16 -63.08 42.14
17 81.86 -53.76
18 89.29 -43.91
ACCEPTED_PROBABILITIES
0.00
0.59
0.51
0.58
0.55
0.56
0.52
0.57
0.58
0.53
0.51
0.54
0.58
0.59
0.55
0.57
0.59
0.52
OUTSOURCING_COSTS
0.00
0.40
17.19
3.69
8.16
7.67
16.05
5.35
2.30
13.28
17.47
11.45
3.01
0.71
9.19
4.46
0.18
14.87
