NAME : sz-17-prob_type-direct_dist-prob-0.50-fee_type-inverse_prob-fee-3.4
TYPE : TSP
DIMENSION : 17
EDGE_WEIGHT_TYPE : EUC_2D
NODE_COORD_SECTION
1 0.00 0.00
2 -77.32 -40.00
3 -57.40 -62.67
4 10.43 66.64
5 -64.75 6.37
6 44.56 9.81
7 -34.90 30.28
8 -0.12 47.87
9 -30.77 -1.93
10 -17.79 35.99
11 -49.65 -5.64
12 -1.57 -34.98
13 -10.07 79.30
14 -73.06 -7.66
15 -1.02 -44.21
16 -14.91 -53.07
17 -18.73 75.27
ACCEPTED_PROBABILITIES
0.00
0.68
0.71
0.52
0.63
0.52
0.55
0.42
0.54
0.43
0.38
0.52
0.56
0.54
0.41
0.50
0.58
OUTSOURCING_COSTS
0.00
2.07
0.21
12.18
5.24
12.06
10.37
18.25
10.43
17.93
21.04
12.15
9.66
10.79
18.89
13.22
8.37
