NAME : sz-14-prob_type-uniform-prob-0.30-fee_type-inverse_prob-fee-2.8
TYPE : TSP
DIMENSION : 14
EDGE_WEIGHT_TYPE : EUC_2D
NODE_COORD_SECTION
1 0.00 0.00
2 36.63 19.61
3 22.03 16.70
4 -7.87 -69.87
5 81.93 -24.57
6 15.45 -48.61
7 -1.14 -7.96
8 6.20 69.11
9 -49.57 -39.72
10 35.08 -59.42
11 73.60 -18.56
12 -25.43 1.85
13 58.61 -75.61
14 -36.57 29.71
ACCEPTED_PROBABILITIES
0.00
0.32
0.31
0.28
0.32
0.31
0.27
0.34
0.33
0.26
0.31
0.29
0.25
0.33
OUTSOURCING_COSTS
0.00
4.46
5.69
14.00
4.41
6.09
17.01
0.22
0.43
19.76
5.55
10.52
21.32
2.25
