NAME : sz-16-prob_type-inverse_dist-prob-0.50-fee_type-inverse_prob-fee-3.2
TYPE : TSP
DIMENSION : 16
EDGE_WEIGHT_TYPE : EUC_2D
NODE_COORD_SECTION
1 0.00 0.00
2 -70.85 -2.12
3 69.23 -38.02
4 5.76 -5.05
5 68.14 -66.94
6 48.60 1.98
7 48.57 -0.96
8 -11.06 -92.00
9 67.99 -31.11
10 -95.18 2.82
11 16.26 5.55
12 36.61 -77.16
13 -3.66 83.33
14 -81.02 -48.17
15 14.99 -1.50
16 63.50 18.70
ACCEPTED_PROBABILITIES
0.00
0.44
0.47
0.37
0.51
0.39
0.61
0.51
0.46
0.49
0.50
0.47
0.50
0.50
0.47
0.57
OUTSOURCING_COSTS
0.00
15.66
12.36
21.12
9.06
19.99
0.21
9.15
13.94
10.54
10.21
12.91
9.49
10.37
12.94
3.23
