NAME : sz-19-prob_type-uniform-prob-0.10-fee_type-direct_prob-fee-2.5
TYPE : TSP
DIMENSION : 19
EDGE_WEIGHT_TYPE : EUC_2D
NODE_COORD_SECTION
1 0.00 0.00
2 38.26 77.28
3 83.45 15.12
4 33.38 15.87
5 -64.63 40.05
6 69.31 -37.63
7 -22.15 68.34
8 50.04 1.37
9 1.61 85.38
10 -89.39 -41.70
11 -52.70 63.68
12 -43.48 -30.75
13 32.03 -10.02
14 47.35 23.85
15 -5.54 -28.42
16 47.40 87.00
17 -41.68 5.52
18 -72.65 25.35
19 31.12 94.67
ACCEPTED_PROBABILITIES
0.00
0.07
0.14
0.05
0.10
0.09
0.06
0.11
0.06
0.12
0.10
0.12
0.07
0.14
0.12
0.13
0.10
0.05
0.07
OUTSOURCING_COSTS
0.00
2.25
13.04
0.14
7.40
6.14
1.65
8.65
1.63
10.47
7.63
10.53
2.33
13.75
9.70
11.41
6.38
0.14
3.24
