NAME : sz-17-prob_type-uniform-prob-0.35-fee_type-direct_prob-fee-2.6
TYPE : TSP
DIMENSION : 17
EDGE_WEIGHT_TYPE : EUC_2D
NODE_COORD_SECTION
1 0.00 0.00
2 -48.86 -14.16
3 -88.60 28.86
4 -39.96 -82.68
5 35.36 -36.12
6 -25.40 75.71
7 59.80 -34.23
8 -72.77 -6.16
9 -84.12 -44.16
10 2.57 2.21
11 -82.61 -30.26
12 -10.99 46.57
13 -38.06 51.51
14 68.28 -40.20
15 4.30 -58.94
16 33.96 49.96
17 -12.68 61.57
ACCEPTED_PROBABILITIES
0.00
0.37
0.31
0.40
0.39
0.38
0.38
0.38
0.36
0.40
0.30
0.37
0.36
0.34
0.32
0.38
0.33
OUTSOURCING_COSTS
0.00
10.82
2.03
16.09
14.36
13.54
13.64
12.72
9.78
16.09
0.16
11.03
10.63
7.38
3.78
12.83
4.68
