NAME : sz-16-prob_type-uniform-prob-0.10-fee_type-direct_prob-fee-2.7
TYPE : TSP
DIMENSION : 16
EDGE_WEIGHT_TYPE : EUC_2D
NODE_COORD_SECTION
1 0.00 0.00
2 0.26 -4.13
3 -7.87 28.22
4 49.43 82.90
5 45.83 3.26
6 48.81 9.69
7 -31.07 -7.66
8 -15.17 -50.47
9 -36.00 -88.85
10 53.58 -51.01
11 -84.97 40.37
12 -23.32 56.36
13 -32.96 -44.49
14 -11.71 83.50
15 66.26 59.79
16 -63.77 -13.21
ACCEPTED_PROBABILITIES
0.00
0.06
0.12
0.12
0.07
0.12
0.09
0.14
0.06
0.09
0.09
0.11
0.13
0.14
0.07
0.06
OUTSOURCING_COSTS
0.00
0.45
12.37
13.56
3.29
13.34
6.66
17.82
0.18
6.33
7.35
11.90
15.28
17.78
2.04
0.45
