NAME : sz-14-prob_type-uniform-prob-0.30-fee_type-inverse_prob-fee-3.5
TYPE : TSP
DIMENSION : 14
EDGE_WEIGHT_TYPE : EUC_2D
NODE_COORD_SECTION
1 0.00 0.00
2 39.77 -11.46
3 42.63 -35.48
4 14.74 -89.75
5 66.26 53.59
6 68.86 -68.36
7 78.19 -1.81
8 18.26 10.21
9 22.83 -9.00
10 -22.20 -43.19
11 13.65 92.73
12 44.60 -11.59
13 -9.64 85.10
14 -60.96 -52.21
ACCEPTED_PROBABILITIES
0.00
0.34
0.32
0.32
0.31
0.35
0.29
0.33
0.30
0.30
0.30
0.33
0.32
0.31
OUTSOURCING_COSTS
0.00
4.02
12.38
13.30
19.28
0.27
26.65
6.61
21.38
23.13
25.26
9.70
12.10
20.45
