NAME : sz-16-prob_type-uniform-prob-0.60-fee_type-inverse_prob-fee-2.8
TYPE : TSP
DIMENSION : 16
EDGE_WEIGHT_TYPE : EUC_2D
NODE_COORD_SECTION
1 0.00 0.00
2 -9.02 -96.10
3 92.00 -9.42
4 5.82 -9.82
5 -76.06 30.85
6 -18.51 28.76
7 23.82 31.75
8 11.90 16.44
9 -23.34 -74.10
10 63.26 51.03
11 -18.09 15.37
12 -10.37 49.38
13 40.35 -65.05
14 88.99 -44.54
15 89.55 10.46
16 -65.83 59.86
ACCEPTED_PROBABILITIES
0.00
0.60
0.62
0.62
0.58
0.63
0.60
0.57
0.56
0.57
0.55
0.64
0.57
0.59
0.56
0.60
OUTSOURCING_COSTS
0.00
9.08
3.63
2.68
11.79
0.65
8.35
15.07
17.90
13.93
18.48
0.19
15.73
11.46
16.16
7.90
