NAME : sz-18-prob_type-uniform-prob-0.10-fee_type-direct_prob-fee-2.9
TYPE : TSP
DIMENSION : 18
EDGE_WEIGHT_TYPE : EUC_2D
NODE_COORD_SECTION
1 0.00 0.00
2 4.07 -73.64
3 -42.15 -66.15
4 -83.20 -23.68
5 -49.82 -31.81
6 3.89 -52.60
7 15.02 -2.16
8 21.75 -94.42
9 -6.33 54.39
10 -30.38 86.03
11 40.57 80.77
12 42.22 -39.36
13 96.26 19.28
14 -44.52 -83.59
15 -99.17 -6.13
16 -48.42 -54.28
17 -19.36 -84.75
18 -12.45 -18.28
ACCEPTED_PROBABILITIES
0.00
0.12
0.14
0.05
0.10
0.06
0.09
0.08
0.11
0.13
0.11
0.11
0.14
0.10
0.06
0.07
0.12
0.10
OUTSOURCING_COSTS
0.00
12.97
16.89
0.17
9.84
2.06
7.79
6.12
11.40
14.18
11.84
11.03
15.89
8.29
1.64
3.21
12.85
9.91
