NAME : sz-17-prob_type-inverse_dist-prob-0.25-fee_type-direct_prob
TYPE : TSP
DIMENSION : 17
EDGE_WEIGHT_TYPE : EUC_2D
NODE_COORD_SECTION
1 0.00 0.00
2 -11.49 -76.43
3 48.21 36.91
4 60.53 25.22
5 -60.95 -0.85
6 -89.85 -4.19
7 -34.60 4.21
8 -13.04 87.65
9 -15.06 -76.52
10 2.05 90.74
11 -5.63 -3.78
12 15.10 -1.17
13 11.68 -48.85
14 -92.02 -4.78
15 -6.16 50.37
16 -21.55 52.40
17 77.93 36.24
ACCEPTED_PROBABILITIES
0.00
0.21
0.23
0.26
0.22
0.25
0.36
0.25
0.27
0.27
0.22
0.12
0.22
0.24
0.13
0.35
0.25
OUTSOURCING_COSTS
0.00
7.22
8.94
11.31
7.56
9.96
18.56
9.93
12.06
11.89
8.12
0.19
8.13
9.43
0.92
17.83
10.11
