NAME : sz-18-prob_type-uniform-prob-0.30-fee_type-inverse_prob-fee-3.5
TYPE : TSP
DIMENSION : 18
EDGE_WEIGHT_TYPE : EUC_2D
NODE_COORD_SECTION
1 0.00 0.00
2 -75.52 -45.75
3 -1.97 43.87
4 -1.57 75.56
5 -2.26 -87.03
6 -45.62 73.97
7 -32.01 50.94
8 -15.00 38.95
9 79.66 17.58
10 44.99 -50.46
11 -73.82 -38.76
12 -75.15 34.75
13 -69.73 -52.95
14 21.88 -77.91
15 -49.67 23.52
16 12.04 -94.42
17 13.65 -68.30
18 39.36 34.77
ACCEPTED_PROBABILITIES
0.00
0.30
0.30
0.28
0.26
0.27
0.35
0.30
0.27
0.29
0.33
0.28
0.25
0.31
0.34
0.31
0.31
0.32
OUTSOURCING_COSTS
0.00
9.09
10.12
13.23
18.64
16.30
0.21
9.33
17.55
12.88
3.08
14.35
20.38
8.65
2.21
6.77
8.86
5.38
