NAME : sz-17-prob_type-uniform-prob-0.25-fee_type-inverse_prob-fee-3.4
TYPE : TSP
DIMENSION : 17
EDGE_WEIGHT_TYPE : EUC_2D
NODE_COORD_SECTION
1 0.00 0.00
2 23.48 -93.80
3 -52.99 25.50
4 28.41 -67.45
5 30.85 -90.81
6 3.56 -3.55
7 41.36 30.33
8 62.95 55.57
9 -66.73 73.11
10 32.49 -51.25
11 -25.36 -71.10
12 70.24 -47.64
13 -58.96 -75.98
14 18.29 -71.41
15 45.94 64.83
16 79.35 -23.13
17 -10.10 -87.40
ACCEPTED_PROBABILITIES
0.00
0.28
0.27
0.20
0.21
0.24
0.24
0.29
0.26
0.28
0.29
0.22
0.21
0.24
0.28
0.26
0.24
OUTSOURCING_COSTS
0.00
2.29
4.96
21.04
18.49
11.57
13.51
0.21
8.26
3.71
1.28
17.34
18.57
13.56
3.58
7.71
12.60
