NAME : sz-19-prob_type-uniform-prob-0.15-fee_type-direct_prob-fee-3.3
TYPE : TSP
DIMENSION : 19
EDGE_WEIGHT_TYPE : EUC_2D
NODE_COORD_SECTION
1 0.00 0.00
2 24.49 55.84
3 -75.68 37.27
4 22.26 14.29
5 2.09 -68.96
6 22.90 -4.23
7 -9.56 44.14
8 33.75 68.98
9 -12.54 -25.04
10 -78.41 12.99
11 62.30 -59.64
12 -25.93 48.44
13 63.52 -41.38
14 -14.72 75.84
15 -96.89 7.62
16 -36.82 75.90
17 12.40 69.73
18 3.55 3.18
19 -39.74 -6.54
ACCEPTED_PROBABILITIES
0.00
0.16
0.19
0.20
0.13
0.16
0.18
0.20
0.17
0.12
0.12
0.18
0.12
0.15
0.13
0.15
0.20
0.17
0.11
OUTSOURCING_COSTS
0.00
9.74
17.63
18.15
5.04
9.99
14.61
18.15
13.61
1.80
2.03
14.85
2.04
9.36
5.20
8.26
18.15
11.72
0.18
