NAME : sz-16-prob_type-uniform-prob-0.55-fee_type-direct_prob-fee-2.9
TYPE : TSP
DIMENSION : 16
EDGE_WEIGHT_TYPE : EUC_2D
NODE_COORD_SECTION
1 0.00 0.00
2 19.16 -59.71
3 -15.53 50.49
4 21.49 20.29
5 -41.16 74.93
6 -66.47 70.64
7 11.28 -3.47
8 -84.17 16.70
9 -44.97 16.59
10 65.19 54.73
11 21.89 -25.64
12 -44.06 -60.10
13 1.28 -60.34
14 57.23 -17.87
15 28.64 -88.50
16 -48.64 -79.07
ACCEPTED_PROBABILITIES
0.00
0.54
0.53
0.59
0.56
0.55
0.57
0.57
0.57
0.60
0.53
0.60
0.53
0.53
0.58
0.51
OUTSOURCING_COSTS
0.00
6.03
3.45
17.10
11.67
9.01
14.02
14.04
12.43
18.92
4.67
19.14
4.57
3.30
14.21
0.19
