NAME : sz-18-prob_type-uniform-prob-0.05-fee_type-inverse_prob-fee-3.5
TYPE : TSP
DIMENSION : 18
EDGE_WEIGHT_TYPE : EUC_2D
NODE_COORD_SECTION
1 0.00 0.00
2 67.72 73.10
3 -39.22 -78.93
4 -32.00 54.79
5 -30.34 26.52
6 3.45 -8.50
7 -20.23 59.32
8 -58.86 -20.79
9 11.43 -50.12
10 53.87 17.26
11 59.06 -0.37
12 51.46 0.01
13 25.29 -22.81
14 -28.84 -58.60
15 -77.93 43.79
16 -13.63 -60.42
17 -33.27 -41.47
18 -32.93 -20.16
ACCEPTED_PROBABILITIES
0.00
0.06
0.03
0.05
0.08
0.04
0.02
0.01
0.09
0.07
0.06
0.03
0.05
0.08
0.00
0.01
0.06
0.01
OUTSOURCING_COSTS
0.00
8.05
14.52
8.28
3.47
12.56
16.98
18.46
0.21
4.71
7.04
14.05
10.15
2.36
20.38
17.82
7.30
19.56
