NAME : sz-14-prob_type-inverse_dist-prob-0.25-fee_type-inverse_prob-fee-2.8
TYPE : TSP
DIMENSION : 14
EDGE_WEIGHT_TYPE : EUC_2D
NODE_COORD_SECTION
1 0.00 0.00
2 -2.99 -11.75
3 -41.00 44.44
4 -16.69 -51.06
5 -25.99 -81.20
6 52.17 -24.19
7 -21.63 -47.74
8 74.18 -11.55
9 6.42 68.64
10 -87.64 -25.29
11 -24.77 27.24
12 18.49 -68.83
13 51.29 72.57
14 -36.88 8.06
ACCEPTED_PROBABILITIES
0.00
0.32
0.19
0.18
0.21
0.16
0.36
0.27
0.25
0.25
0.40
0.20
0.24
0.32
OUTSOURCING_COSTS
0.00
7.45
19.04
19.44
16.66
21.32
4.16
11.41
13.38
13.31
0.22
17.97
14.63
7.19
