NAME : sz-19-prob_type-uniform-prob-0.15-fee_type-inverse_prob-fee-2.7
TYPE : TSP
DIMENSION : 19
EDGE_WEIGHT_TYPE : EUC_2D
NODE_COORD_SECTION
1 0.00 0.00
2 -17.52 11.13
3 -39.91 55.12
4 79.16 2.11
5 34.09 38.87
6 18.01 20.39
7 -15.77 -59.63
8 -54.95 -19.40
9 76.90 11.12
10 -23.10 65.46
11 1.52 20.79
12 -74.08 35.05
13 -44.55 41.00
14 -21.42 23.27
15 32.17 -9.44
16 30.80 -40.46
17 15.15 71.77
18 -18.04 60.72
19 -57.40 38.90
ACCEPTED_PROBABILITIES
0.00
0.18
0.12
0.13
0.14
0.14
0.11
0.17
0.12
0.20
0.13
0.11
0.15
0.12
0.18
0.13
0.12
0.11
0.17
OUTSOURCING_COSTS
0.00
2.11
12.91
10.53
8.73
8.59
14.85
4.77
12.18
0.15
10.33
14.10
8.46
13.40
2.04
11.58
12.91
14.57
4.21
