NAME : sz-14-prob_type-uniform-prob-0.55-fee_type-direct_prob-fee-3.5
TYPE : TSP
DIMENSION : 14
EDGE_WEIGHT_TYPE : EUC_2D
NODE_COORD_SECTION
1 0.00 0.00
2 83.75 -13.23
3 16.43 -9.10
4 -70.61 -16.42
5 -78.54 -14.43
6 47.21 16.92
7 -49.88 -63.53
8 38.73 -25.16
9 27.91 -50.03
10 82.13 48.61
11 36.10 -16.49
12 50.86 -6.12
13 10.38 -32.38
14 88.80 -12.88
ACCEPTED_PROBABILITIES
0.00
0.50
0.52
0.58
0.54
0.55
0.51
0.57
0.54
0.53
0.54
0.53
0.57
0.54
OUTSOURCING_COSTS
0.00
0.27
5.07
26.65
11.18
15.52
2.10
22.72
13.05
10.13
12.46
8.80
22.61
11.01
