NAME : sz-16-prob_type-uniform-prob-0.15-fee_type-direct_prob-fee-2.7
TYPE : TSP
DIMENSION : 16
EDGE_WEIGHT_TYPE : EUC_2D
NODE_COORD_SECTION
1 0.00 0.00
2 -66.72 -72.24
3 6.49 89.20
4 22.31 45.20
5 14.99 -1.00
6 -44.43 -89.46
7 -59.56 17.14
8 -79.10 -47.87
9 -45.24 0.98
10 -51.91 69.83
11 -32.28 -46.89
12 28.84 -55.43
13 39.37 68.00
14 -67.06 -19.64
15 -26.94 -82.78
16 -12.94 -97.45
ACCEPTED_PROBABILITIES
0.00
0.12
0.10
0.20
0.16
0.17
0.19
0.13
0.19
0.17
0.14
0.14
0.20
0.14
0.16
0.16
OUTSOURCING_COSTS
0.00
3.61
0.18
17.82
9.90
12.22
16.61
4.76
16.93
12.92
5.83
6.38
17.82
6.69
10.22
10.48
