NAME : sz-14-prob_type-direct_dist-prob-0.25-fee_type-direct_prob-fee-3.2
TYPE : TSP
DIMENSION : 14
EDGE_WEIGHT_TYPE : EUC_2D
NODE_COORD_SECTION
1 0.00 0.00
2 -62.01 -59.19
3 -19.53 -55.24
4 -21.81 7.53
5 -69.03 18.09
6 -71.88 32.04
7 -54.33 62.39
8 44.48 2.17
9 13.64 61.27
10 -61.26 76.03
11 64.16 22.26
12 -20.52 -60.80
13 82.83 -41.33
14 7.04 -57.01
ACCEPTED_PROBABILITIES
0.00
0.07
0.27
0.19
0.33
0.27
0.12
0.29
0.20
0.39
0.34
0.40
0.16
0.11
OUTSOURCING_COSTS
0.00
0.25
15.04
9.18
19.24
14.67
3.78
16.16
9.65
23.68
19.94
24.37
6.61
3.23
