NAME : sz-14-prob_type-uniform-prob-0.45-fee_type-inverse_prob-fee-2.8
TYPE : TSP
DIMENSION : 14
EDGE_WEIGHT_TYPE : EUC_2D
NODE_COORD_SECTION
1 0.00 0.00
2 46.13 14.31
3 28.30 -15.90
4 1.24 65.25
5 48.91 13.95
6 49.82 21.30
7 -8.52 -83.13
8 41.81 -32.77
9 -46.28 33.43
10 87.27 -6.22
11 65.45 47.62
12 -44.02 -21.72
13 33.64 -11.30
14 24.69 -67.83
ACCEPTED_PROBABILITIES
0.00
0.44
0.42
0.46
0.49
0.41
0.45
0.48
0.40
0.46
0.48
0.43
0.49
0.42
OUTSOURCING_COSTS
0.00
12.37
17.69
8.46
1.88
21.04
10.28
3.68
21.32
8.79
3.24
15.96
0.22
17.79
