NAME : sz-19-prob_type-uniform-prob-0.20-fee_type-inverse_prob-fee-3.2
TYPE : TSP
DIMENSION : 19
EDGE_WEIGHT_TYPE : EUC_2D
NODE_COORD_SECTION
1 0.00 0.00
2 43.96 58.97
3 -43.39 -48.23
4 17.88 7.60
5 88.26 6.99
6 -89.56 -34.12
7 -77.84 12.60
8 61.56 -29.31
9 25.73 -37.00
10 -45.12 -20.24
11 -68.67 -16.20
12 -68.25 -60.50
13 49.00 38.27
14 55.71 49.77
15 -15.41 87.65
16 62.52 -4.86
17 -40.20 -80.40
18 -18.18 -38.76
19 -35.41 -55.73
ACCEPTED_PROBABILITIES
0.00
0.16
0.22
0.24
0.23
0.18
0.21
0.21
0.24
0.21
0.19
0.19
0.20
0.20
0.19
0.17
0.17
0.21
0.22
OUTSOURCING_COSTS
0.00
17.60
5.25
0.18
2.36
13.12
6.96
6.99
0.70
5.87
11.26
10.84
9.51
8.21
10.62
13.94
15.27
5.93
3.59
