NAME : sz-17-prob_type-direct_dist-prob-0.25-fee_type-inverse_prob-fee-2.9
TYPE : TSP
DIMENSION : 17
EDGE_WEIGHT_TYPE : EUC_2D
NODE_COORD_SECTION
1 0.00 0.00
2 40.76 12.29
3 10.32 90.28
4 -41.36 -25.79
5 -17.27 -12.85
6 50.87 34.68
7 5.34 38.73
8 -33.56 -75.33
9 32.92 -2.89
10 70.77 -62.40
11 59.19 -78.16
12 17.36 -21.29
13 -57.00 16.67
14 22.66 -5.93
15 -21.66 65.23
16 28.66 70.62
17 49.12 -8.61
ACCEPTED_PROBABILITIES
0.00
0.31
0.17
0.28
0.20
0.12
0.34
0.28
0.26
0.40
0.41
0.31
0.34
0.29
0.32
0.35
0.29
OUTSOURCING_COSTS
0.00
6.04
14.93
7.88
13.26
17.94
4.46
7.86
9.29
0.31
0.18
5.88
4.43
7.15
5.79
3.74
7.62
