NAME : sz-14-prob_type-uniform-prob-0.15-fee_type-inverse_prob-fee-3.1
TYPE : TSP
DIMENSION : 14
EDGE_WEIGHT_TYPE : EUC_2D
NODE_COORD_SECTION
1 0.00 0.00
2 83.86 49.35
3 -55.90 -18.64
4 -58.03 -49.86
5 -69.75 -40.71
6 -41.38 50.79
7 57.41 -11.61
8 -61.45 63.49
9 9.44 44.66
10 31.01 -73.72
11 35.71 29.32
12 21.08 86.92
13 1.54 -61.34
14 -31.37 41.46
ACCEPTED_PROBABILITIES
0.00
0.17
0.19
0.11
0.14
0.13
0.13
0.19
0.19
0.19
0.11
0.16
0.11
0.16
OUTSOURCING_COSTS
0.00
5.45
0.39
22.61
15.13
17.89
17.08
0.24
0.24
0.24
23.30
7.45
23.61
8.06
