NAME : sz-16-prob_type-uniform-prob-0.45-fee_type-direct_prob
TYPE : TSP
DIMENSION : 16
EDGE_WEIGHT_TYPE : EUC_2D
NODE_COORD_SECTION
1 0.00 0.00
2 -39.85 -89.57
3 -41.13 -27.87
4 -50.80 -72.63
5 -49.52 56.66
6 -69.72 60.66
7 -25.53 88.99
8 46.47 29.80
9 83.61 49.92
10 25.54 59.87
11 63.99 59.44
12 6.84 40.87
13 -4.06 -7.15
14 60.89 -5.82
15 2.46 83.33
16 15.18 -39.64
ACCEPTED_PROBABILITIES
0.00
0.47
0.43
0.48
0.46
0.46
0.40
0.49
0.44
0.42
0.45
0.41
0.46
0.48
0.48
0.49
OUTSOURCING_COSTS
0.00
13.73
5.66
16.16
12.67
11.60
0.20
19.80
7.93
3.47
10.40
1.40
12.46
17.19
17.25
18.21
