NAME : sz-15-prob_type-uniform-prob-0.50-fee_type-direct_prob-fee-2.9
TYPE : TSP
DIMENSION : 15
EDGE_WEIGHT_TYPE : EUC_2D
NODE_COORD_SECTION
1 0.00 0.00
2 -10.43 -77.06
3 -28.68 -5.17
4 -36.28 -62.71
5 -59.37 78.42
6 10.49 47.81
7 43.60 67.60
8 63.25 41.22
9 7.82 9.49
10 -47.52 72.39
11 35.74 -82.79
12 4.29 21.45
13 13.93 5.89
14 57.10 53.56
15 34.06 -80.86
ACCEPTED_PROBABILITIES
0.00
0.50
0.52
0.53
0.52
0.51
0.51
0.52
0.49
0.48
0.50
0.50
0.46
0.48
0.50
OUTSOURCING_COSTS
0.00
13.33
17.73
20.51
19.41
15.87
15.23
19.74
9.56
7.31
12.94
11.89
0.21
7.34
13.12
