NAME : sz-17-prob_type-uniform-prob-0.50-fee_type-direct_prob-fee-3.5
TYPE : TSP
DIMENSION : 17
EDGE_WEIGHT_TYPE : EUC_2D
NODE_COORD_SECTION
1 0.00 0.00
2 -34.36 -60.44
3 -30.36 -2.26
4 56.07 36.95
5 -32.85 -90.87
6 16.95 34.59
7 -3.93 90.28
8 60.12 -30.04
9 26.64 -10.52
10 39.13 -87.35
11 -10.72 -8.66
12 -36.31 -13.79
13 93.58 18.35
14 -17.76 6.71
15 -62.01 -47.23
16 -21.71 57.62
17 62.64 54.45
ACCEPTED_PROBABILITIES
0.00
0.51
0.46
0.46
0.54
0.51
0.51
0.47
0.50
0.53
0.45
0.49
0.47
0.48
0.48
0.48
0.53
OUTSOURCING_COSTS
0.00
13.63
1.33
2.46
21.66
15.32
13.92
4.89
11.97
18.99
0.22
9.25
4.65
7.62
6.15
6.17
18.40
