NAME : sz-14-prob_type-uniform-prob-0.30-fee_type-direct_prob-fee-2.5
TYPE : TSP
DIMENSION : 14
EDGE_WEIGHT_TYPE : EUC_2D
NODE_COORD_SECTION
1 0.00 0.00
2 -22.70 -63.03
3 -82.72 -53.73
4 60.65 -8.58
5 -83.75 -30.71
6 41.67 -16.87
7 -21.01 66.20
8 -33.95 68.22
9 -87.25 37.98
10 -66.08 -57.07
11 -70.71 6.59
12 -16.50 -0.22
13 -23.33 -36.80
14 -56.80 54.47
ACCEPTED_PROBABILITIES
0.00
0.26
0.28
0.34
0.26
0.34
0.35
0.30
0.30
0.26
0.30
0.29
0.25
0.29
OUTSOURCING_COSTS
0.00
1.64
5.65
18.20
2.83
17.35
19.04
9.58
9.95
2.05
8.84
7.09
0.19
6.86
