NAME : sz-15-prob_type-inverse_dist-prob-0.50-fee_type-direct_prob-fee-2.9
TYPE : TSP
DIMENSION : 15
EDGE_WEIGHT_TYPE : EUC_2D
NODE_COORD_SECTION
1 0.00 0.00
2 68.59 -4.62
3 45.22 59.46
4 -63.76 18.74
5 17.29 -44.48
6 55.43 44.67
7 -56.41 3.11
8 51.96 45.19
9 -61.43 -58.01
10 52.04 74.76
11 60.96 32.66
12 48.73 26.53
13 16.56 85.10
14 70.63 57.90
15 66.33 60.33
ACCEPTED_PROBABILITIES
0.00
0.53
0.51
0.49
0.54
0.52
0.53
0.50
0.51
0.50
0.44
0.60
0.47
0.51
0.52
OUTSOURCING_COSTS
0.00
11.87
9.09
7.25
13.21
10.14
12.15
7.78
9.27
7.57
0.21
20.51
4.30
9.80
11.30
