NAME : sz-14-prob_type-uniform-prob-0.10-fee_type-direct_prob-fee-3.2
TYPE : TSP
DIMENSION : 14
EDGE_WEIGHT_TYPE : EUC_2D
NODE_COORD_SECTION
1 0.00 0.00
2 -9.41 10.84
3 -47.11 -67.83
4 -2.09 -72.30
5 20.04 -12.71
6 87.49 -11.15
7 -0.94 6.40
8 16.31 -94.73
9 42.45 -36.30
10 -19.70 51.62
11 81.98 -29.50
12 98.30 -8.03
13 5.83 -71.18
14 -40.19 -76.63
ACCEPTED_PROBABILITIES
0.00
0.12
0.10
0.10
0.11
0.06
0.11
0.09
0.08
0.09
0.13
0.09
0.07
0.13
OUTSOURCING_COSTS
0.00
19.83
13.06
13.27
18.00
0.25
15.33
8.80
7.65
10.27
24.37
11.42
2.91
22.61
