NAME : sz-18-prob_type-uniform-prob-0.20-fee_type-direct_prob-fee-3.4
TYPE : TSP
DIMENSION : 18
EDGE_WEIGHT_TYPE : EUC_2D
NODE_COORD_SECTION
1 0.00 0.00
2 48.31 75.93
3 -4.01 49.02
4 -27.46 37.72
5 -38.39 29.38
6 -68.78 10.36
7 -48.69 -43.05
8 -42.37 15.55
9 64.00 42.23
10 40.13 64.59
11 9.34 56.34
12 -79.58 55.09
13 41.76 -2.32
14 -19.47 -27.90
15 -11.41 -84.80
16 1.00 -5.09
17 63.03 -62.51
18 12.33 84.48
ACCEPTED_PROBABILITIES
0.00
0.19
0.16
0.18
0.21
0.21
0.16
0.15
0.18
0.18
0.20
0.19
0.16
0.24
0.17
0.25
0.23
0.22
OUTSOURCING_COSTS
0.00
8.04
0.73
5.15
13.07
11.55
1.60
0.20
5.09
4.91
10.17
7.03
0.77
17.64
3.82
19.80
15.55
13.94
