NAME : sz-19-prob_type-uniform-prob-0.10-fee_type-direct_prob-fee-2.8
TYPE : TSP
DIMENSION : 19
EDGE_WEIGHT_TYPE : EUC_2D
NODE_COORD_SECTION
1 0.00 0.00
2 -86.91 21.95
3 97.23 9.16
4 57.30 -25.64
5 -85.16 -51.85
6 22.62 82.35
7 -20.57 -29.35
8 -95.96 -1.22
9 36.31 -2.08
10 5.35 -71.39
11 5.14 -19.38
12 -29.17 5.63
13 44.70 -41.66
14 59.56 -12.79
15 75.57 26.76
16 8.36 68.36
17 -18.04 -28.67
18 -31.28 51.79
19 30.58 -56.72
ACCEPTED_PROBABILITIES
0.00
0.10
0.07
0.15
0.09
0.07
0.06
0.07
0.11
0.08
0.05
0.13
0.13
0.12
0.08
0.05
0.13
0.11
0.09
OUTSOURCING_COSTS
0.00
8.49
2.48
15.40
5.84
2.97
1.39
3.21
9.11
5.07
0.16
12.22
12.55
10.89
4.32
0.16
12.62
10.11
7.16
