NAME : sz-16-prob_type-uniform-prob-0.60-fee_type-direct_prob-fee-3.1
TYPE : TSP
DIMENSION : 16
EDGE_WEIGHT_TYPE : EUC_2D
NODE_COORD_SECTION
1 0.00 0.00
2 -7.15 -49.87
3 -11.21 78.63
4 14.96 -88.37
5 -42.24 10.36
6 -13.99 80.78
7 25.82 85.87
8 -43.88 -19.24
9 -60.94 10.73
10 -21.87 64.97
11 64.53 -48.87
12 35.03 -87.26
13 -96.35 -24.26
14 -31.16 -60.82
15 55.26 -19.54
16 20.95 -85.92
ACCEPTED_PROBABILITIES
0.00
0.60
0.60
0.61
0.57
0.57
0.62
0.63
0.63
0.60
0.58
0.59
0.55
0.63
0.60
0.55
OUTSOURCING_COSTS
0.00
11.82
12.99
14.05
4.13
4.62
17.52
19.36
18.75
11.32
6.33
8.25
0.21
20.46
10.82
0.27
