NAME : sz-14-prob_type-inverse_dist-prob-0.50-fee_type-direct_prob-fee-3.5
TYPE : TSP
DIMENSION : 14
EDGE_WEIGHT_TYPE : EUC_2D
NODE_COORD_SECTION
1 0.00 0.00
2 74.52 -58.21
3 6.63 -2.45
4 -57.94 -35.84
5 -70.59 26.28
6 29.80 17.53
7 -56.12 -65.82
8 -53.72 -3.38
9 62.92 -58.32
10 -78.20 -57.22
11 70.83 -43.59
12 18.18 23.40
13 32.55 64.36
14 85.94 -50.56
ACCEPTED_PROBABILITIES
0.00
0.50
0.42
0.57
0.47
0.47
0.52
0.51
0.53
0.50
0.52
0.40
0.51
0.50
OUTSOURCING_COSTS
0.00
15.68
3.41
26.65
11.58
10.31
19.54
17.65
21.28
15.98
19.47
0.27
17.68
15.73
