NAME : sz-15-prob_type-uniform-prob-0.35-fee_type-direct_prob-fee-2.9
TYPE : TSP
DIMENSION : 15
EDGE_WEIGHT_TYPE : EUC_2D
NODE_COORD_SECTION
1 0.00 0.00
2 82.17 -45.76
3 45.44 59.00
4 -31.38 15.85
5 -42.87 -70.19
6 15.83 -91.35
7 -57.47 -22.47
8 95.48 7.09
9 -40.38 42.97
10 -95.13 -21.54
11 -58.28 22.33
12 9.29 -19.40
13 -12.57 40.73
14 -45.14 46.55
15 14.46 51.56
ACCEPTED_PROBABILITIES
0.00
0.30
0.35
0.37
0.33
0.34
0.32
0.33
0.39
0.31
0.30
0.35
0.33
0.34
0.31
OUTSOURCING_COSTS
0.00
0.57
12.89
16.90
7.86
8.84
5.12
6.17
20.51
2.66
0.21
12.96
6.39
9.56
3.03
