NAME : sz-15-prob_type-uniform-prob-0.10-fee_type-direct_prob-fee-3.1
TYPE : TSP
DIMENSION : 15
EDGE_WEIGHT_TYPE : EUC_2D
NODE_COORD_SECTION
1 0.00 0.00
2 -15.14 -47.52
3 7.37 82.65
4 22.38 68.10
5 -85.11 35.43
6 26.39 -30.44
7 -95.57 -2.91
8 -63.49 -76.64
9 46.86 -54.09
10 -65.21 46.17
11 -2.40 14.21
12 49.20 -46.90
13 -87.89 47.47
14 -24.39 56.19
15 -34.66 -70.61
ACCEPTED_PROBABILITIES
0.00
0.13
0.12
0.11
0.07
0.12
0.13
0.13
0.07
0.12
0.13
0.06
0.13
0.08
0.09
OUTSOURCING_COSTS
0.00
21.92
18.24
15.03
1.61
17.66
21.67
20.64
3.85
16.68
21.92
0.22
21.04
4.58
8.20
