NAME : sz-17-prob_type-uniform-prob-0.30-fee_type-inverse_prob
TYPE : TSP
DIMENSION : 17
EDGE_WEIGHT_TYPE : EUC_2D
NODE_COORD_SECTION
1 0.00 0.00
2 70.38 -44.21
3 50.39 56.31
4 -58.62 -51.65
5 -12.49 8.03
6 28.81 28.48
7 12.29 -40.15
8 23.66 61.95
9 -12.29 26.01
10 15.41 5.20
11 56.52 1.18
12 33.41 32.50
13 50.22 44.53
14 -36.59 15.94
15 -34.55 36.68
16 14.27 -83.54
17 -61.17 39.96
ACCEPTED_PROBABILITIES
0.00
0.28
0.26
0.35
0.34
0.27
0.32
0.27
0.26
0.34
0.31
0.29
0.27
0.29
0.27
0.32
0.26
OUTSOURCING_COSTS
0.00
14.89
18.56
0.19
1.53
16.83
5.47
15.73
17.61
2.63
8.52
12.67
15.59
12.01
17.17
6.33
18.36
