NAME : sz-15-prob_type-uniform-prob-0.15-fee_type-direct_prob-fee-3.5
TYPE : TSP
DIMENSION : 15
EDGE_WEIGHT_TYPE : EUC_2D
NODE_COORD_SECTION
1 0.00 0.00
2 55.01 51.06
3 11.67 -4.03
4 82.39 -5.64
5 77.54 26.94
6 -25.13 22.07
7 92.18 22.28
8 42.05 -78.35
9 5.27 -89.75
10 79.20 -8.91
11 -4.55 47.86
12 95.91 24.07
13 -39.15 39.14
14 18.33 13.83
15 65.98 3.83
ACCEPTED_PROBABILITIES
0.00
0.18
0.18
0.19
0.18
0.18
0.15
0.13
0.16
0.14
0.20
0.11
0.11
0.10
0.14
OUTSOURCING_COSTS
0.00
20.89
20.49
22.09
21.49
21.71
12.20
7.74
16.38
11.12
24.75
1.68
2.84
0.25
9.96
