NAME : sz-14-prob_type-uniform-prob-0.20-fee_type-direct_prob-fee-3.4
TYPE : TSP
DIMENSION : 14
EDGE_WEIGHT_TYPE : EUC_2D
NODE_COORD_SECTION
1 0.00 0.00
2 33.82 -60.73
3 78.15 -32.99
4 17.80 93.82
5 -80.29 -45.09
6 -96.91 -15.94
7 44.32 -41.55
8 35.01 -37.44
9 -47.39 -4.93
10 27.53 4.13
11 2.35 35.45
12 67.27 -37.51
13 -24.90 62.94
14 -35.47 -29.94
ACCEPTED_PROBABILITIES
0.00
0.24
0.16
0.22
0.24
0.24
0.21
0.17
0.24
0.24
0.19
0.25
0.21
0.17
OUTSOURCING_COSTS
0.00
23.94
0.26
19.57
22.79
25.55
15.65
2.72
24.26
24.78
8.81
25.89
15.20
2.54
