NAME : sz-18-prob_type-direct_dist-prob-0.50-fee_type-direct_prob-fee-3.1
TYPE : TSP
DIMENSION : 18
EDGE_WEIGHT_TYPE : EUC_2D
NODE_COORD_SECTION
1 0.00 0.00
2 93.79 7.09
3 -65.04 45.45
4 78.17 -1.57
5 20.29 60.98
6 65.54 19.91
7 74.01 -58.88
8 -85.79 47.56
9 -66.35 61.62
10 -22.49 3.52
11 -2.79 7.33
12 19.39 -43.29
13 -21.32 -34.75
14 -71.77 -38.19
15 -38.42 -3.14
16 47.78 -78.55
17 73.79 13.18
18 -48.27 10.95
ACCEPTED_PROBABILITIES
0.00
0.33
0.57
0.50
0.38
0.37
0.67
0.61
0.57
0.54
0.49
0.61
0.55
0.47
0.54
0.64
0.34
0.55
OUTSOURCING_COSTS
0.00
0.18
12.64
9.15
2.93
1.99
18.05
14.87
12.78
11.24
8.54
14.79
11.55
7.71
11.05
16.52
0.45
11.89
