NAME : sz-17-prob_type-uniform-prob-0.60-fee_type-direct_prob-fee-2.8
TYPE : TSP
DIMENSION : 17
EDGE_WEIGHT_TYPE : EUC_2D
NODE_COORD_SECTION
1 0.00 0.00
2 59.12 56.09
3 -50.69 -14.35
4 -71.89 -48.66
5 -23.37 -74.50
6 10.50 -16.10
7 -19.55 -0.48
8 -32.39 -26.37
9 11.90 77.62
10 -93.60 26.32
11 63.48 31.04
12 -68.82 -7.46
13 85.30 -42.05
14 28.58 6.49
15 12.17 9.97
16 20.67 76.20
17 -64.17 52.65
ACCEPTED_PROBABILITIES
0.00
0.63
0.63
0.57
0.57
0.62
0.62
0.60
0.56
0.58
0.56
0.57
0.63
0.56
0.55
0.64
0.60
OUTSOURCING_COSTS
0.00
14.45
16.01
3.26
3.54
12.98
13.72
8.41
1.16
4.35
1.06
2.29
15.52
2.11
0.18
17.32
9.06
