NAME : sz-16-prob_type-uniform-prob-0.30-fee_type-inverse_prob-fee-2.9
TYPE : TSP
DIMENSION : 16
EDGE_WEIGHT_TYPE : EUC_2D
NODE_COORD_SECTION
1 0.00 0.00
2 73.01 -9.54
3 -80.75 -44.31
4 -31.98 24.04
5 -63.45 61.66
6 -85.50 51.10
7 19.62 -76.59
8 -39.26 -46.64
9 38.09 49.02
10 -54.53 -74.90
11 -38.49 23.48
12 24.44 -4.32
13 -6.53 -52.51
14 62.17 17.08
15 -22.41 70.53
16 31.28 -60.82
ACCEPTED_PROBABILITIES
0.00
0.35
0.35
0.29
0.31
0.27
0.31
0.33
0.28
0.26
0.29
0.32
0.26
0.26
0.29
0.27
OUTSOURCING_COSTS
0.00
0.19
0.97
13.72
7.90
18.12
9.05
4.02
14.72
19.03
12.88
6.23
18.54
19.14
12.50
16.64
