NAME : sz-14-prob_type-uniform-prob-0.45-fee_type-inverse_prob-fee-2.9
TYPE : TSP
DIMENSION : 14
EDGE_WEIGHT_TYPE : EUC_2D
NODE_COORD_SECTION
1 0.00 0.00
2 -47.74 -69.07
3 56.88 -30.68
4 35.89 -4.32
5 -40.66 -89.35
6 -40.95 -66.81
7 75.29 15.46
8 -14.33 -9.87
9 -6.39 -62.91
10 65.65 22.43
11 44.72 38.43
12 54.45 -33.59
13 17.07 22.11
14 28.24 71.26
ACCEPTED_PROBABILITIES
0.00
0.50
0.48
0.50
0.46
0.44
0.47
0.46
0.43
0.48
0.47
0.49
0.43
0.50
OUTSOURCING_COSTS
0.00
1.17
6.22
0.22
11.53
19.72
9.70
11.69
22.08
6.76
10.33
3.47
22.08
0.26
