NAME : sz-19-prob_type-inverse_dist-prob-0.25-fee_type-direct_prob-fee-3.1
TYPE : TSP
DIMENSION : 19
EDGE_WEIGHT_TYPE : EUC_2D
NODE_COORD_SECTION
1 0.00 0.00
2 3.72 88.01
3 80.08 -5.60
4 -40.09 30.46
5 36.43 83.52
6 1.25 -45.76
7 89.34 21.42
8 -92.36 -36.79
9 -35.95 -67.41
10 27.59 40.46
11 83.51 -11.75
12 18.15 20.71
13 -26.60 -48.96
14 11.17 -49.94
15 -4.98 67.20
16 -60.41 -28.55
17 -24.29 -49.35
18 83.54 -30.23
19 45.04 53.66
ACCEPTED_PROBABILITIES
0.00
0.28
0.21
0.20
0.24
0.35
0.25
0.25
0.26
0.12
0.27
0.35
0.28
0.26
0.25
0.24
0.15
0.22
0.21
OUTSOURCING_COSTS
0.00
11.58
6.51
5.70
9.07
16.86
9.13
9.39
10.43
0.17
11.36
17.05
12.01
10.52
9.40
9.04
1.66
7.43
6.78
