NAME : sz-17-prob_type-uniform-prob-0.10-fee_type-inverse_prob-fee-3.2
TYPE : TSP
DIMENSION : 17
EDGE_WEIGHT_TYPE : EUC_2D
NODE_COORD_SECTION
1 0.00 0.00
2 40.43 -11.94
3 56.56 70.06
4 43.70 -75.58
5 -23.03 53.79
6 -1.61 -92.43
7 -7.58 45.86
8 32.42 22.52
9 -7.32 -59.86
10 -54.79 -12.15
11 -66.62 -44.65
12 79.72 32.16
13 -62.51 -70.98
14 13.80 3.10
15 -73.17 -35.29
16 14.71 -19.13
17 -3.23 -96.11
ACCEPTED_PROBABILITIES
0.00
0.09
0.14
0.14
0.12
0.13
0.14
0.07
0.08
0.09
0.15
0.07
0.14
0.06
0.09
0.07
0.07
OUTSOURCING_COSTS
0.00
13.75
0.59
0.96
6.52
3.65
2.01
16.52
15.23
11.68
0.20
17.61
0.43
19.80
11.85
18.45
18.38
