NAME : sz-19-prob_type-direct_dist-prob-0.25-fee_type-direct_prob-fee-2.9
TYPE : TSP
DIMENSION : 19
EDGE_WEIGHT_TYPE : EUC_2D
NODE_COORD_SECTION
1 0.00 0.00
2 4.52 58.94
3 -59.51 -69.40
4 75.23 37.28
5 -7.48 81.93
6 98.20 -12.72
7 67.93 -60.21
8 71.59 38.43
9 -36.28 -76.15
10 -54.91 -18.44
11 65.45 -44.50
12 -60.47 29.50
13 -53.96 -29.87
14 68.04 -41.71
15 -71.43 31.43
16 1.83 -22.85
17 -62.64 30.21
18 -31.85 62.93
19 -37.25 63.38
ACCEPTED_PROBABILITIES
0.00
0.11
0.46
0.16
0.37
0.49
0.42
0.09
0.26
0.11
0.43
0.10
0.11
0.36
0.12
0.22
0.27
0.24
0.24
OUTSOURCING_COSTS
0.00
0.47
14.78
2.57
11.16
15.95
13.21
0.16
6.56
0.84
13.66
0.31
0.70
10.72
0.88
5.10
7.11
5.91
5.82
