NAME : sz-16-prob_type-inverse_dist-prob-0.50-fee_type-direct_prob-fee-3.2
TYPE : TSP
DIMENSION : 16
EDGE_WEIGHT_TYPE : EUC_2D
NODE_COORD_SECTION
1 0.00 0.00
2 37.57 -47.70
3 33.26 15.10
4 -95.77 -3.63
5 -63.69 24.80
6 -60.66 -78.86
7 5.85 -3.51
8 3.73 -70.97
9 36.45 -3.63
10 71.11 -33.29
11 41.42 44.25
12 44.17 -86.86
13 -15.78 54.37
14 -52.62 -56.66
15 89.78 10.01
16 19.81 69.78
ACCEPTED_PROBABILITIES
0.00
0.55
0.36
0.51
0.50
0.50
0.52
0.44
0.46
0.50
0.49
0.51
0.58
0.48
0.51
0.47
OUTSOURCING_COSTS
0.00
18.20
0.21
14.31
13.62
13.40
15.63
8.34
9.69
13.73
12.46
14.00
21.12
11.86
14.21
10.89
