NAME : sz-16-prob_type-uniform-prob-0.35-fee_type-inverse_prob-fee-2.9
TYPE : TSP
DIMENSION : 16
EDGE_WEIGHT_TYPE : EUC_2D
NODE_COORD_SECTION
1 0.00 0.00
2 -85.26 -40.70
3 -23.57 11.12
4 15.34 -93.06
5 -70.60 -15.22
6 -28.53 -60.94
7 25.54 -22.63
8 -81.60 44.43
9 0.53 -10.20
10 -12.08 -45.03
11 -54.24 55.15
12 39.01 21.91
13 89.24 9.20
14 89.25 6.36
15 85.45 -22.40
16 41.58 -68.03
ACCEPTED_PROBABILITIES
0.00
0.37
0.33
0.31
0.38
0.34
0.38
0.38
0.34
0.30
0.33
0.31
0.30
0.39
0.30
0.30
OUTSOURCING_COSTS
0.00
3.31
12.91
18.37
2.52
9.68
1.68
2.50
10.33
18.81
12.17
17.99
18.53
0.19
19.05
19.14
