NAME : sz-18-prob_type-direct_dist-prob-0.50-fee_type-direct_prob-fee-2.6
TYPE : TSP
DIMENSION : 18
EDGE_WEIGHT_TYPE : EUC_2D
NODE_COORD_SECTION
1 0.00 0.00
2 -64.54 -47.41
3 -45.25 65.15
4 25.67 -62.54
5 -0.53 73.24
6 -85.72 33.78
7 81.59 1.72
8 -96.51 -7.54
9 -68.75 16.95
10 -21.29 -65.12
11 60.02 -24.75
12 -68.57 71.39
13 78.83 -35.93
14 77.77 58.36
15 11.77 7.72
16 -26.49 45.41
17 89.05 41.25
18 -27.39 20.15
ACCEPTED_PROBABILITIES
0.00
0.54
0.61
0.59
0.40
0.54
0.58
0.52
0.50
0.56
0.34
0.45
0.43
0.50
0.49
0.39
0.48
0.56
OUTSOURCING_COSTS
0.00
11.27
15.14
14.25
3.22
11.49
13.45
10.05
9.26
12.72
0.15
6.12
5.37
9.11
8.40
3.11
8.22
12.71
