NAME : sz-19-prob_type-uniform-prob-0.25-fee_type-inverse_prob-fee-3.5
TYPE : TSP
DIMENSION : 19
EDGE_WEIGHT_TYPE : EUC_2D
NODE_COORD_SECTION
1 0.00 0.00
2 -56.80 52.99
3 31.70 -3.38
4 43.26 -70.13
5 -3.04 57.00
6 -87.07 -38.09
7 23.85 59.45
8 15.67 33.71
9 24.41 -87.68
10 0.40 49.90
11 81.50 7.22
12 32.30 25.52
13 -47.60 32.55
14 -2.64 20.19
15 8.84 9.32
16 -2.32 66.90
17 57.83 12.75
18 -27.06 -27.89
19 -78.00 51.25
ACCEPTED_PROBABILITIES
0.00
0.24
0.23
0.28
0.28
0.24
0.28
0.27
0.26
0.22
0.23
0.24
0.29
0.24
0.22
0.23
0.24
0.25
0.28
OUTSOURCING_COSTS
0.00
13.71
16.82
2.66
2.26
14.36
3.66
5.77
8.37
19.25
17.22
14.07
0.19
13.20
19.25
15.91
12.41
9.84
3.98
