NAME : sz-19-prob_type-uniform-prob-0.35-fee_type-inverse_prob-fee-2.7
TYPE : TSP
DIMENSION : 19
EDGE_WEIGHT_TYPE : EUC_2D
NODE_COORD_SECTION
1 0.00 0.00
2 76.25 -46.93
3 52.13 -72.14
4 81.62 36.16
5 -1.41 -68.44
6 -83.58 1.40
7 -57.11 -75.83
8 -41.92 -6.99
9 30.37 8.97
10 7.91 27.62
11 -42.20 11.70
12 70.53 24.26
13 37.37 68.43
14 49.10 -79.42
15 68.30 -25.41
16 33.51 57.46
17 -39.74 21.27
18 -84.62 22.84
19 -4.03 -87.14
ACCEPTED_PROBABILITIES
0.00
0.38
0.39
0.31
0.33
0.32
0.39
0.35
0.32
0.38
0.31
0.34
0.35
0.39
0.37
0.32
0.32
0.39
0.37
OUTSOURCING_COSTS
0.00
2.86
1.10
14.85
11.90
12.34
0.72
8.12
13.50
2.08
14.47
9.38
7.32
0.37
4.40
13.58
12.40
0.15
3.69
