NAME : sz-14-prob_type-uniform-prob-0.60-fee_type-direct_prob-fee-3.4
TYPE : TSP
DIMENSION : 14
EDGE_WEIGHT_TYPE : EUC_2D
NODE_COORD_SECTION
1 0.00 0.00
2 85.28 -39.92
3 -39.04 -13.46
4 -69.44 -49.61
5 13.14 70.95
6 -70.60 -63.57
7 -41.82 -36.52
8 -81.18 -17.67
9 33.49 -76.65
10 -71.01 3.78
11 71.55 31.41
12 22.63 -0.65
13 55.01 67.90
14 -27.48 -92.65
ACCEPTED_PROBABILITIES
0.00
0.61
0.63
0.57
0.59
0.56
0.56
0.64
0.60
0.60
0.63
0.58
0.60
0.61
OUTSOURCING_COSTS
0.00
16.50
24.81
3.07
10.38
0.26
1.56
25.89
15.28
15.26
22.40
5.96
14.46
18.38
