NAME : sz-15-prob_type-uniform-prob-0.50-fee_type-inverse_prob-fee-2.6
TYPE : TSP
DIMENSION : 15
EDGE_WEIGHT_TYPE : EUC_2D
NODE_COORD_SECTION
1 0.00 0.00
2 -28.53 -75.36
3 -3.66 30.61
4 -56.16 8.07
5 9.07 -34.77
6 -2.43 -24.07
7 1.78 -84.16
8 0.45 44.64
9 -36.83 -15.42
10 -80.71 -46.74
11 -56.23 65.00
12 77.79 41.92
13 -64.21 72.07
14 -0.27 90.54
15 17.25 57.47
ACCEPTED_PROBABILITIES
0.00
0.47
0.54
0.52
0.53
0.46
0.46
0.46
0.47
0.47
0.54
0.48
0.51
0.50
0.48
OUTSOURCING_COSTS
0.00
15.47
0.74
4.35
3.05
17.22
17.28
18.39
16.92
15.18
0.19
13.63
6.20
9.32
14.54
