NAME : sz-18-prob_type-uniform-prob-0.15-fee_type-inverse_prob-fee-3.1
TYPE : TSP
DIMENSION : 18
EDGE_WEIGHT_TYPE : EUC_2D
NODE_COORD_SECTION
1 0.00 0.00
2 78.67 -12.93
3 -8.94 35.19
4 -0.63 -59.68
5 17.83 -20.93
6 86.06 -31.22
7 -5.79 -1.75
8 73.30 -48.46
9 -64.83 -19.13
10 47.25 -61.99
11 -77.80 8.39
12 83.14 33.06
13 -18.18 -55.88
14 27.79 -5.00
15 15.23 54.94
16 -46.41 -2.62
17 1.41 86.55
18 77.41 -51.12
ACCEPTED_PROBABILITIES
0.00
0.19
0.11
0.19
0.13
0.13
0.12
0.16
0.16
0.14
0.18
0.11
0.12
0.18
0.12
0.17
0.17
0.11
OUTSOURCING_COSTS
0.00
0.18
17.89
0.25
13.16
13.82
15.31
7.39
7.78
10.81
2.22
18.05
14.36
3.39
15.88
4.66
4.34
17.70
