NAME : sz-16-prob_type-uniform-prob-0.45-fee_type-inverse_prob-fee-2.6
TYPE : TSP
DIMENSION : 16
EDGE_WEIGHT_TYPE : EUC_2D
NODE_COORD_SECTION
1 0.00 0.00
2 24.57 -28.06
3 -57.86 43.02
4 -19.11 12.46
5 58.05 -11.32
6 31.54 18.88
7 70.13 20.79
8 -60.89 6.58
9 -1.58 -17.10
10 12.26 18.90
11 26.06 -47.08
12 90.37 21.55
13 76.91 43.48
14 25.51 37.09
15 -49.39 13.73
16 -78.07 -33.69
ACCEPTED_PROBABILITIES
0.00
0.49
0.49
0.42
0.47
0.41
0.46
0.43
0.48
0.48
0.46
0.46
0.42
0.42
0.41
0.46
OUTSOURCING_COSTS
0.00
0.46
0.17
13.72
5.27
17.16
7.02
12.31
3.29
2.41
7.26
7.64
13.49
14.84
16.90
6.16
