NAME : sz-15-prob_type-inverse_dist-prob-0.25-fee_type-inverse_prob-fee-3.2
TYPE : TSP
DIMENSION : 15
EDGE_WEIGHT_TYPE : EUC_2D
NODE_COORD_SECTION
1 0.00 0.00
2 -51.75 -8.22
3 -63.68 12.96
4 92.46 -17.84
5 -49.32 -57.40
6 97.99 12.72
7 63.31 39.03
8 29.76 -7.90
9 -32.32 93.59
10 5.99 32.36
11 10.99 73.24
12 -30.91 -10.02
13 47.15 -80.93
14 -89.77 29.06
15 -14.39 96.80
ACCEPTED_PROBABILITIES
0.00
0.15
0.29
0.26
0.28
0.25
0.21
0.24
0.25
0.12
0.29
0.09
0.26
0.26
0.25
OUTSOURCING_COSTS
0.00
15.34
0.27
3.05
1.30
4.43
9.13
5.99
4.12
19.26
0.23
22.63
3.47
2.88
4.46
