NAME : sz-14-prob_type-uniform-prob-0.40-fee_type-direct_prob
TYPE : TSP
DIMENSION : 14
EDGE_WEIGHT_TYPE : EUC_2D
NODE_COORD_SECTION
1 0.00 0.00
2 -59.54 -22.16
3 87.29 38.74
4 -31.29 48.36
5 -38.92 -53.67
6 -70.65 -8.38
7 -33.16 6.75
8 -57.59 -25.61
9 -49.41 1.89
10 95.67 -4.49
11 -23.59 -72.51
12 37.69 -11.04
13 -7.57 2.60
14 -58.98 -5.71
ACCEPTED_PROBABILITIES
0.00
0.44
0.43
0.40
0.40
0.39
0.36
0.43
0.42
0.37
0.42
0.35
0.43
0.44
OUTSOURCING_COSTS
0.00
22.85
21.40
13.66
12.31
9.22
3.31
19.40
16.81
4.41
18.85
0.23
20.11
21.94
