NAME : sz-15-prob_type-uniform-prob-0.35-fee_type-direct_prob
TYPE : TSP
DIMENSION : 15
EDGE_WEIGHT_TYPE : EUC_2D
NODE_COORD_SECTION
1 0.00 0.00
2 40.61 35.29
3 12.59 -74.02
4 21.91 16.89
5 89.48 -6.42
6 46.10 -77.83
7 -78.56 29.68
8 58.56 -62.93
9 27.27 0.08
10 -38.54 36.12
11 -76.33 5.57
12 -15.67 -80.68
13 47.50 60.14
14 72.50 48.67
15 51.66 6.55
ACCEPTED_PROBABILITIES
0.00
0.35
0.39
0.36
0.31
0.34
0.39
0.30
0.35
0.34
0.32
0.38
0.36
0.31
0.32
OUTSOURCING_COSTS
0.00
11.81
21.21
13.50
2.06
8.70
21.21
0.21
10.09
9.89
3.49
17.79
12.96
2.58
4.12
