NAME : sz-15-prob_type-uniform-prob-0.10-fee_type-direct_prob-fee-2.9
TYPE : TSP
DIMENSION : 15
EDGE_WEIGHT_TYPE : EUC_2D
NODE_COORD_SECTION
1 0.00 0.00
2 11.40 87.78
3 9.17 -89.61
4 -29.28 27.21
5 -14.94 28.56
6 -26.12 -58.07
7 12.87 23.10
8 -60.43 -24.97
9 84.87 32.16
10 11.42 -41.16
11 46.13 24.44
12 -57.21 7.25
13 -82.43 -10.16
14 -29.85 38.50
15 -67.51 57.30
ACCEPTED_PROBABILITIES
0.00
0.09
0.07
0.12
0.08
0.10
0.11
0.08
0.05
0.09
0.08
0.10
0.11
0.09
0.10
OUTSOURCING_COSTS
0.00
11.07
6.00
20.51
9.26
13.91
16.48
9.14
0.21
11.86
8.66
14.44
17.09
11.65
14.24
