NAME : sz-15-prob_type-uniform-prob-0.55-fee_type-direct_prob-fee-2.7
TYPE : TSP
DIMENSION : 15
EDGE_WEIGHT_TYPE : EUC_2D
NODE_COORD_SECTION
1 0.00 0.00
2 45.75 49.87
3 51.11 78.90
4 90.97 31.55
5 -81.52 -22.65
6 59.82 -61.19
7 -14.99 15.76
8 -2.17 98.11
9 63.09 -76.76
10 -30.83 -9.35
11 -15.87 -45.87
12 -15.02 -72.22
13 -68.83 -3.48
14 -3.78 -4.84
15 30.40 -24.53
ACCEPTED_PROBABILITIES
0.00
0.51
0.53
0.52
0.52
0.51
0.51
0.52
0.57
0.57
0.53
0.51
0.52
0.58
0.52
OUTSOURCING_COSTS
0.00
0.19
5.79
3.09
2.03
0.36
0.71
2.37
16.53
18.64
7.33
0.19
3.10
19.09
4.16
