NAME : sz-19-prob_type-uniform-prob-0.50-fee_type-inverse_prob-fee-3.4
TYPE : TSP
DIMENSION : 19
EDGE_WEIGHT_TYPE : EUC_2D
NODE_COORD_SECTION
1 0.00 0.00
2 71.59 17.35
3 -28.16 -29.17
4 80.69 -47.23
5 -27.81 -85.17
6 -88.05 26.07
7 52.33 70.41
8 2.57 39.23
9 41.50 35.88
10 93.53 30.55
11 44.34 13.96
12 -97.60 11.06
13 88.00 -21.86
14 3.63 -53.93
15 -29.06 59.58
16 -78.47 35.75
17 7.61 -98.76
18 -13.10 -23.69
19 -31.60 -23.76
ACCEPTED_PROBABILITIES
0.00
0.46
0.53
0.50
0.47
0.54
0.49
0.53
0.45
0.51
0.47
0.50
0.52
0.54
0.51
0.53
0.54
0.49
0.49
OUTSOURCING_COSTS
0.00
16.88
2.23
8.95
15.15
0.19
11.17
3.64
18.70
6.72
16.08
9.86
4.86
0.19
6.72
1.80
0.32
10.56
11.68
