NAME : sz-19-prob_type-direct_dist-prob-0.50-fee_type-inverse_prob-fee-2.6
TYPE : TSP
DIMENSION : 19
EDGE_WEIGHT_TYPE : EUC_2D
NODE_COORD_SECTION
1 0.00 0.00
2 22.86 26.22
3 -20.52 3.84
4 78.89 9.81
5 -49.89 13.69
6 75.82 15.83
7 -40.76 -78.95
8 -36.67 -42.56
9 8.23 -26.55
10 55.97 81.37
11 72.87 43.97
12 70.87 47.08
13 10.47 -13.03
14 -11.55 -87.12
15 74.59 15.43
16 30.25 44.74
17 83.40 44.57
18 -13.52 -21.53
19 67.44 31.97
ACCEPTED_PROBABILITIES
0.00
0.43
0.50
0.38
0.61
0.42
0.65
0.43
0.44
0.62
0.48
0.67
0.54
0.64
0.56
0.51
0.64
0.48
0.49
OUTSOURCING_COSTS
0.00
12.17
8.50
14.30
3.07
12.45
1.02
12.06
11.68
2.83
9.39
0.14
6.80
1.65
5.41
8.26
1.77
9.49
9.11
