NAME : sz-17-prob_type-uniform-prob-0.35-fee_type-inverse_prob
TYPE : TSP
DIMENSION : 17
EDGE_WEIGHT_TYPE : EUC_2D
NODE_COORD_SECTION
1 0.00 0.00
2 -37.61 64.56
3 -25.51 1.81
4 35.16 -0.41
5 -62.40 23.43
6 -54.35 -69.01
7 51.56 21.68
8 -27.60 -73.25
9 25.49 -93.86
10 66.77 -42.05
11 -59.58 -60.66
12 -73.47 12.37
13 -70.82 -0.06
14 28.63 24.36
15 47.51 40.01
16 -81.10 -4.81
17 -65.48 69.03
ACCEPTED_PROBABILITIES
0.00
0.37
0.33
0.34
0.34
0.38
0.31
0.34
0.33
0.37
0.40
0.31
0.30
0.32
0.37
0.32
0.40
OUTSOURCING_COSTS
0.00
4.82
14.00
10.59
11.97
2.69
17.73
11.70
12.71
4.59
0.21
17.17
18.56
15.65
6.28
16.01
0.19
