NAME : sz-17-prob_type-direct_dist-prob-0.50-fee_type-direct_prob-fee-2.8
TYPE : TSP
DIMENSION : 17
EDGE_WEIGHT_TYPE : EUC_2D
NODE_COORD_SECTION
1 0.00 0.00
2 12.28 93.90
3 -83.61 51.37
4 27.13 -48.07
5 -24.11 58.83
6 26.28 57.41
7 25.92 62.50
8 -12.19 -28.67
9 30.49 -50.63
10 37.12 -66.86
11 -67.93 -58.18
12 16.46 -24.40
13 28.71 -14.10
14 -53.00 31.80
15 13.12 -84.04
16 -45.12 25.11
17 -26.30 -33.92
ACCEPTED_PROBABILITIES
0.00
0.62
0.32
0.51
0.63
0.38
0.39
0.56
0.54
0.34
0.43
0.54
0.55
0.52
0.47
0.61
0.43
OUTSOURCING_COSTS
0.00
16.95
0.18
10.42
17.32
3.12
3.65
13.44
12.14
0.99
5.89
12.17
13.06
11.12
8.11
16.02
6.35
