NAME : sz-14-prob_type-inverse_dist-prob-0.50-fee_type-direct_prob-fee-2.9
TYPE : TSP
DIMENSION : 14
EDGE_WEIGHT_TYPE : EUC_2D
NODE_COORD_SECTION
1 0.00 0.00
2 14.11 -66.70
3 25.90 68.04
4 61.10 77.07
5 66.48 66.93
6 -74.70 50.79
7 5.28 14.30
8 -35.12 87.71
9 -38.08 -51.70
10 -95.06 -6.93
11 -62.19 53.01
12 31.49 21.56
13 34.42 14.42
14 30.57 -60.54
ACCEPTED_PROBABILITIES
0.00
0.54
0.49
0.50
0.49
0.49
0.36
0.51
0.43
0.49
0.51
0.53
0.52
0.43
OUTSOURCING_COSTS
0.00
22.08
16.16
17.96
16.26
16.16
0.22
18.97
9.06
16.63
18.87
21.69
20.79
9.54
