NAME : sz-19-prob_type-inverse_dist-prob-0.50-fee_type-direct_prob-fee-3.5
TYPE : TSP
DIMENSION : 19
EDGE_WEIGHT_TYPE : EUC_2D
NODE_COORD_SECTION
1 0.00 0.00
2 -17.63 60.77
3 9.50 38.06
4 11.58 -11.29
5 -3.25 -59.70
6 -38.88 -57.52
7 -25.41 79.24
8 -35.40 -27.41
9 77.73 40.40
10 41.17 -22.19
11 95.44 22.37
12 -10.39 98.26
13 0.66 23.83
14 -60.14 -1.49
15 39.47 -83.84
16 -0.45 86.24
17 69.35 71.95
18 -14.99 63.26
19 9.63 55.75
ACCEPTED_PROBABILITIES
0.00
0.42
0.42
0.68
0.49
0.47
0.53
0.37
0.47
0.49
0.50
0.50
0.68
0.42
0.51
0.50
0.50
0.54
0.46
OUTSOURCING_COSTS
0.00
3.22
3.14
19.25
7.40
6.41
9.97
0.19
6.10
7.29
7.92
7.99
19.05
2.77
8.46
8.12
8.04
10.37
5.39
