NAME : sz-19-prob_type-uniform-prob-0.55-fee_type-inverse_prob-fee-3.1
TYPE : TSP
DIMENSION : 19
EDGE_WEIGHT_TYPE : EUC_2D
NODE_COORD_SECTION
1 0.00 0.00
2 36.42 55.63
3 -43.33 -8.03
4 46.08 -31.56
5 -66.79 -66.59
6 -63.25 -42.60
7 -11.66 -86.44
8 76.49 51.03
9 7.15 -77.87
10 -35.54 -32.39
11 -29.15 88.92
12 97.55 -8.75
13 -20.27 41.29
14 -64.96 -18.38
15 3.15 -0.67
16 59.53 64.73
17 84.48 -48.49
18 -9.00 -1.43
19 -18.87 -13.18
ACCEPTED_PROBABILITIES
0.00
0.56
0.59
0.57
0.50
0.57
0.54
0.60
0.56
0.57
0.57
0.57
0.51
0.53
0.56
0.51
0.56
0.53
0.52
OUTSOURCING_COSTS
0.00
7.49
1.82
4.21
17.05
3.84
9.72
0.17
6.27
5.64
5.25
4.71
16.29
12.85
5.81
16.32
6.94
11.48
13.82
