NAME : sz-15-prob_type-uniform-prob-0.45-fee_type-direct_prob-fee-2.7
TYPE : TSP
DIMENSION : 15
EDGE_WEIGHT_TYPE : EUC_2D
NODE_COORD_SECTION
1 0.00 0.00
2 -52.86 19.80
3 -1.44 -72.78
4 39.59 4.11
5 -61.25 53.76
6 -58.64 -74.88
7 93.00 6.50
8 49.98 -76.60
9 28.18 -49.87
10 -13.05 -83.75
11 -76.73 -10.53
12 -69.70 48.34
13 -87.19 39.87
14 -14.70 -24.00
15 62.50 -7.94
ACCEPTED_PROBABILITIES
0.00
0.48
0.46
0.46
0.48
0.47
0.48
0.44
0.41
0.44
0.44
0.48
0.42
0.46
0.48
OUTSOURCING_COSTS
0.00
19.09
12.54
13.67
19.09
15.65
17.05
9.04
0.19
8.40
7.41
17.95
3.79
13.57
17.18
