NAME : sz-18-prob_type-uniform-prob-0.40-fee_type-direct_prob-fee-3.4
TYPE : TSP
DIMENSION : 18
EDGE_WEIGHT_TYPE : EUC_2D
NODE_COORD_SECTION
1 0.00 0.00
2 42.16 0.96
3 -39.04 -40.38
4 -8.35 -85.05
5 -89.51 3.32
6 -10.58 64.68
7 80.24 -32.08
8 -50.64 -19.55
9 -79.22 -11.27
10 -43.43 -72.15
11 53.60 52.84
12 5.40 41.16
13 28.53 -91.35
14 40.09 88.55
15 -40.13 -62.10
16 -25.75 -92.55
17 33.96 -25.07
18 80.10 0.52
ACCEPTED_PROBABILITIES
0.00
0.39
0.38
0.44
0.36
0.37
0.37
0.44
0.36
0.42
0.40
0.39
0.38
0.36
0.41
0.45
0.44
0.38
OUTSOURCING_COSTS
0.00
7.43
5.55
17.73
0.25
3.37
2.04
17.40
0.20
12.84
9.27
8.24
5.94
1.55
12.05
19.80
17.71
4.07
