NAME : sz-17-prob_type-uniform-prob-0.45-fee_type-inverse_prob-fee-3.2
TYPE : TSP
DIMENSION : 17
EDGE_WEIGHT_TYPE : EUC_2D
NODE_COORD_SECTION
1 0.00 0.00
2 -30.71 64.88
3 13.07 -14.52
4 -89.82 -1.93
5 -75.21 -24.13
6 36.09 -67.95
7 -16.62 -73.91
8 48.48 -2.13
9 -39.83 87.92
10 -49.86 36.93
11 -51.67 73.62
12 -45.83 -49.58
13 -5.54 -96.35
14 -81.01 16.45
15 -19.91 -71.18
16 25.46 84.92
17 7.03 -88.23
ACCEPTED_PROBABILITIES
0.00
0.47
0.41
0.46
0.49
0.46
0.41
0.41
0.44
0.46
0.42
0.40
0.46
0.48
0.49
0.44
0.41
OUTSOURCING_COSTS
0.00
5.83
17.18
7.88
1.31
6.96
18.44
17.74
11.06
6.60
16.08
19.80
6.65
2.53
0.20
11.10
18.37
