NAME : sz-18-prob_type-uniform-prob-0.60-fee_type-direct_prob-fee-2.9
TYPE : TSP
DIMENSION : 18
EDGE_WEIGHT_TYPE : EUC_2D
NODE_COORD_SECTION
1 0.00 0.00
2 61.93 -68.14
3 25.28 36.15
4 84.38 -12.34
5 21.68 -80.82
6 -13.57 2.31
7 -67.59 48.13
8 -8.19 80.31
9 -75.38 64.02
10 -45.23 -16.79
11 51.10 21.92
12 77.66 50.70
13 -14.21 89.31
14 -82.87 34.20
15 -30.61 78.94
16 9.28 63.81
17 52.17 50.43
18 44.48 8.38
ACCEPTED_PROBABILITIES
0.00
0.59
0.61
0.55
0.62
0.58
0.59
0.59
0.61
0.62
0.62
0.63
0.61
0.62
0.63
0.62
0.58
0.56
OUTSOURCING_COSTS
0.00
7.62
11.62
0.17
13.74
5.53
7.69
7.03
11.29
14.74
13.08
15.04
12.84
13.51
16.89
14.56
5.73
1.86
