NAME : sz-14-prob_type-uniform-prob-0.10-fee_type-inverse_prob-fee-3.4
TYPE : TSP
DIMENSION : 14
EDGE_WEIGHT_TYPE : EUC_2D
NODE_COORD_SECTION
1 0.00 0.00
2 -60.23 -43.88
3 -5.66 -84.73
4 -16.56 20.62
5 -64.17 46.19
6 56.26 -57.29
7 71.76 6.27
8 -73.24 4.50
9 -55.87 -17.21
10 77.39 36.53
11 27.44 68.42
12 -80.60 -2.44
13 -4.72 -1.71
14 -83.35 -55.22
ACCEPTED_PROBABILITIES
0.00
0.09
0.08
0.14
0.06
0.13
0.05
0.08
0.13
0.07
0.07
0.06
0.12
0.09
OUTSOURCING_COSTS
0.00
13.64
18.39
0.26
23.69
3.95
25.89
16.40
1.32
19.29
21.21
24.99
5.74
15.97
