NAME : sz-16-prob_type-uniform-prob-0.55-fee_type-inverse_prob-fee-2.5
TYPE : TSP
DIMENSION : 16
EDGE_WEIGHT_TYPE : EUC_2D
NODE_COORD_SECTION
1 0.00 0.00
2 -78.30 0.55
3 18.94 19.44
4 47.89 13.36
5 -96.82 4.66
6 69.17 -32.57
7 -73.01 25.01
8 -24.37 -19.88
9 -74.78 -62.58
10 46.03 -37.59
11 -67.77 -21.73
12 0.45 96.27
13 29.70 23.21
14 40.52 -41.30
15 3.39 -42.56
16 -72.70 -5.58
ACCEPTED_PROBABILITIES
0.00
0.55
0.55
0.53
0.60
0.60
0.57
0.58
0.56
0.60
0.58
0.57
0.50
0.50
0.52
0.52
OUTSOURCING_COSTS
0.00
7.77
8.08
11.83
0.17
0.17
4.24
3.15
6.44
0.36
4.03
4.19
16.50
16.50
13.82
12.97
