NAME : sz-15-prob_type-uniform-prob-0.30-fee_type-inverse_prob-fee-2.9
TYPE : TSP
DIMENSION : 15
EDGE_WEIGHT_TYPE : EUC_2D
NODE_COORD_SECTION
1 0.00 0.00
2 -5.03 -63.51
3 77.23 22.85
4 -35.82 -72.94
5 -43.87 -31.42
6 -11.09 74.26
7 71.06 4.31
8 15.29 -37.55
9 -66.26 33.16
10 -68.82 45.48
11 -15.44 -79.09
12 71.37 55.20
13 -14.65 -69.26
14 -71.24 -58.56
15 51.67 40.17
ACCEPTED_PROBABILITIES
0.00
0.27
0.26
0.34
0.28
0.29
0.30
0.29
0.35
0.31
0.31
0.32
0.30
0.26
0.29
OUTSOURCING_COSTS
0.00
19.65
20.36
2.65
16.06
14.73
12.13
13.86
0.21
9.05
8.17
5.79
11.84
20.51
14.07
