NAME : sz-16-prob_type-inverse_dist-prob-0.25-fee_type-direct_prob-fee-2.8
TYPE : TSP
DIMENSION : 16
EDGE_WEIGHT_TYPE : EUC_2D
NODE_COORD_SECTION
1 0.00 0.00
2 44.22 37.60
3 5.79 90.63
4 60.40 26.62
5 37.97 4.71
6 53.24 -63.40
7 -86.69 -16.74
8 27.44 -41.76
9 12.12 32.16
10 94.27 0.58
11 15.47 92.72
12 15.10 79.49
13 89.58 -17.75
14 93.06 18.33
15 -23.14 -27.75
16 -66.86 -31.72
ACCEPTED_PROBABILITIES
0.00
0.16
0.27
0.24
0.22
0.28
0.26
0.27
0.30
0.25
0.25
0.28
0.25
0.26
0.12
0.25
OUTSOURCING_COSTS
0.00
4.27
14.96
11.97
9.88
16.34
14.30
14.86
18.48
13.58
13.40
16.36
13.63
13.91
0.19
12.92
