NAME : sz-16-prob_type-uniform-prob-0.20-fee_type-inverse_prob-fee-2.8
TYPE : TSP
DIMENSION : 16
EDGE_WEIGHT_TYPE : EUC_2D
NODE_COORD_SECTION
1 0.00 0.00
2 -7.88 -50.13
3 34.68 60.33
4 29.94 -47.60
5 -25.70 28.65
6 30.95 -63.93
7 48.22 -87.53
8 -9.37 36.21
9 -98.70 15.31
10 1.28 -33.18
11 38.41 85.94
12 -58.64 -14.12
13 11.98 90.30
14 -47.09 -27.86
15 67.95 -28.03
16 17.21 -62.08
ACCEPTED_PROBABILITIES
0.00
0.19
0.17
0.17
0.17
0.19
0.16
0.21
0.21
0.23
0.15
0.22
0.20
0.20
0.19
0.18
OUTSOURCING_COSTS
0.00
9.18
14.46
13.87
15.34
9.29
15.47
4.10
5.77
0.19
18.48
2.24
7.97
6.56
10.17
12.32
