NAME : sz-14-prob_type-uniform-prob-0.30-fee_type-direct_prob-fee-3.5
TYPE : TSP
DIMENSION : 14
EDGE_WEIGHT_TYPE : EUC_2D
NODE_COORD_SECTION
1 0.00 0.00
2 -60.92 -2.27
3 -55.04 -23.01
4 -30.42 94.67
5 0.75 17.10
6 -24.08 -69.75
7 -60.77 -42.93
8 33.40 48.84
9 46.96 15.54
10 5.75 94.15
11 -82.38 6.85
12 -2.69 43.34
13 -63.58 -61.20
14 52.09 43.55
ACCEPTED_PROBABILITIES
0.00
0.33
0.34
0.30
0.29
0.27
0.29
0.27
0.33
0.27
0.33
0.29
0.30
0.28
OUTSOURCING_COSTS
0.00
25.14
26.65
10.84
8.51
0.27
8.13
1.78
24.34
1.63
25.01
7.44
12.96
3.36
