NAME : sz-16-prob_type-inverse_dist-prob-0.25-fee_type-inverse_prob
TYPE : TSP
DIMENSION : 16
EDGE_WEIGHT_TYPE : EUC_2D
NODE_COORD_SECTION
1 0.00 0.00
2 46.12 -4.62
3 55.67 77.66
4 27.79 -19.14
5 36.81 1.24
6 66.19 25.69
7 4.58 51.38
8 -46.95 63.53
9 -31.22 34.11
10 10.99 51.82
11 -17.67 -0.32
12 -54.73 -30.81
13 7.63 -91.68
14 95.79 -0.13
15 48.43 13.87
16 -14.19 -52.85
ACCEPTED_PROBABILITIES
0.00
0.14
0.24
0.14
0.18
0.18
0.25
0.29
0.16
0.23
0.13
0.32
0.27
0.26
0.27
0.15
OUTSOURCING_COSTS
0.00
18.39
7.98
18.89
14.05
14.12
7.03
3.49
16.84
9.51
19.80
0.20
5.33
6.15
4.92
17.70
