NAME : sz-18-prob_type-direct_dist-prob-0.25-fee_type-inverse_prob-fee-2.6
TYPE : TSP
DIMENSION : 18
EDGE_WEIGHT_TYPE : EUC_2D
NODE_COORD_SECTION
1 0.00 0.00
2 -12.60 18.50
3 26.99 82.87
4 1.48 -50.70
5 -47.05 -21.08
6 -92.88 17.98
7 70.38 -46.06
8 -53.09 33.19
9 -37.67 -74.76
10 67.80 -53.47
11 -5.35 -79.13
12 19.99 -50.20
13 41.62 90.55
14 -50.52 5.42
15 -4.68 43.98
16 16.92 -7.92
17 -48.79 74.35
18 -40.40 58.51
ACCEPTED_PROBABILITIES
0.00
0.27
0.36
0.13
0.26
0.30
0.15
0.20
0.10
0.32
0.31
0.19
0.35
0.22
0.17
0.26
0.20
0.27
OUTSOURCING_COSTS
0.00
5.32
0.15
13.31
5.49
3.59
12.07
9.04
15.14
2.28
2.79
9.67
0.19
7.93
10.82
5.72
8.97
5.06
