NAME : sz-19-prob_type-inverse_dist-prob-0.25-fee_type-direct_prob-fee-2.8
TYPE : TSP
DIMENSION : 19
EDGE_WEIGHT_TYPE : EUC_2D
NODE_COORD_SECTION
1 0.00 0.00
2 83.36 2.65
3 43.49 1.60
4 -97.40 -5.53
5 31.59 -93.95
6 7.64 66.07
7 41.74 88.78
8 55.61 58.05
9 15.79 -34.69
10 67.71 -64.73
11 39.93 -15.10
12 86.47 25.59
13 88.20 1.80
14 56.09 -22.34
15 -16.80 25.32
16 -28.18 72.46
17 -1.17 -72.54
18 28.19 15.39
19 91.61 -13.09
ACCEPTED_PROBABILITIES
0.00
0.25
0.29
0.25
0.25
0.19
0.25
0.23
0.40
0.25
0.19
0.25
0.23
0.33
0.36
0.30
0.21
0.25
0.26
OUTSOURCING_COSTS
0.00
4.94
7.65
4.47
4.65
0.16
4.40
3.45
15.40
4.29
0.27
4.86
2.91
10.65
12.59
8.13
1.92
4.47
4.99
