NAME : sz-18-prob_type-uniform-prob-0.45-fee_type-direct_prob-fee-3.2
TYPE : TSP
DIMENSION : 18
EDGE_WEIGHT_TYPE : EUC_2D
NODE_COORD_SECTION
1 0.00 0.00
2 77.03 -41.31
3 69.61 -62.50
4 12.67 96.45
5 -27.68 2.93
6 -19.21 50.09
7 50.13 -32.42
8 22.79 -69.76
9 -5.38 8.17
10 76.61 28.87
11 -29.76 -77.90
12 -41.23 22.63
13 -16.60 -91.04
14 5.56 -45.50
15 -36.16 -69.49
16 78.00 43.27
17 10.99 -28.30
18 -88.37 -30.40
ACCEPTED_PROBABILITIES
0.00
0.49
0.44
0.43
0.42
0.50
0.43
0.45
0.46
0.43
0.49
0.48
0.44
0.46
0.48
0.49
0.47
0.48
OUTSOURCING_COSTS
0.00
16.69
5.93
2.14
0.19
18.64
3.66
6.34
9.68
2.59
16.06
14.82
4.42
10.06
15.13
15.64
11.78
15.02
