NAME : sz-14-prob_type-inverse_dist-prob-0.50-fee_type-direct_prob-fee-2.6
TYPE : TSP
DIMENSION : 14
EDGE_WEIGHT_TYPE : EUC_2D
NODE_COORD_SECTION
1 0.00 0.00
2 33.86 -77.88
3 46.72 37.09
4 39.80 23.11
5 11.26 87.13
6 59.40 63.92
7 -76.41 -56.98
8 8.37 -21.26
9 5.74 89.14
10 -30.43 -34.92
11 76.15 18.76
12 -33.86 63.48
13 -9.93 62.65
14 -65.29 -21.90
ACCEPTED_PROBABILITIES
0.00
0.50
0.48
0.46
0.47
0.52
0.49
0.47
0.53
0.46
0.53
0.52
0.42
0.48
OUTSOURCING_COSTS
0.00
14.64
11.02
6.49
8.96
17.47
12.48
8.89
18.71
6.74
19.80
17.15
0.20
10.16
