NAME : sz-16-prob_type-uniform-prob-0.60-fee_type-inverse_prob
TYPE : TSP
DIMENSION : 16
EDGE_WEIGHT_TYPE : EUC_2D
NODE_COORD_SECTION
1 0.00 0.00
2 -83.78 46.24
3 72.42 -61.50
4 -24.82 -25.48
5 87.53 -46.12
6 -61.32 28.53
7 50.86 56.16
8 64.40 -32.36
9 75.64 3.81
10 -91.66 -30.87
11 -47.76 -87.36
12 -62.08 -8.25
13 -7.08 -62.77
14 -26.61 19.71
15 43.19 -37.89
16 58.47 18.12
ACCEPTED_PROBABILITIES
0.00
0.61
0.64
0.64
0.63
0.58
0.56
0.61
0.57
0.62
0.56
0.59
0.60
0.55
0.60
0.61
OUTSOURCING_COSTS
0.00
6.93
0.49
0.20
1.98
13.38
18.72
8.28
16.69
4.95
17.68
12.31
10.46
19.80
9.95
6.87
