NAME : sz-14-prob_type-inverse_dist-prob-0.50-fee_type-inverse_prob-fee-2.9
TYPE : TSP
DIMENSION : 14
EDGE_WEIGHT_TYPE : EUC_2D
NODE_COORD_SECTION
1 0.00 0.00
2 34.49 -72.25
3 -55.03 -80.11
4 38.49 -15.42
5 -31.66 -46.48
6 -10.16 10.72
7 -31.62 -77.59
8 -46.29 11.08
9 -27.94 -89.89
10 9.47 39.81
11 40.67 55.09
12 51.07 49.08
13 -19.33 -20.31
14 -0.04 -94.79
ACCEPTED_PROBABILITIES
0.00
0.47
0.50
0.59
0.55
0.48
0.49
0.56
0.51
0.47
0.49
0.45
0.54
0.50
OUTSOURCING_COSTS
0.00
19.05
14.83
0.22
6.16
17.36
16.00
4.72
13.43
19.00
15.59
22.08
7.79
14.97
