NAME : sz-19-prob_type-uniform-prob-0.35-fee_type-inverse_prob-fee-2.9
TYPE : TSP
DIMENSION : 19
EDGE_WEIGHT_TYPE : EUC_2D
NODE_COORD_SECTION
1 0.00 0.00
2 56.02 -29.90
3 42.92 -44.77
4 45.91 35.62
5 24.97 84.35
6 -66.35 -46.55
7 7.16 74.59
8 66.18 18.32
9 58.03 -21.25
10 -64.82 -6.02
11 0.50 -65.83
12 36.03 26.82
13 -48.09 -29.18
14 -40.27 -33.74
15 16.10 -95.86
16 -26.17 -4.92
17 52.18 -8.04
18 -49.46 46.81
19 17.37 -65.91
ACCEPTED_PROBABILITIES
0.00
0.33
0.32
0.32
0.36
0.30
0.38
0.37
0.39
0.32
0.38
0.32
0.34
0.32
0.38
0.38
0.31
0.39
0.34
OUTSOURCING_COSTS
0.00
11.11
13.51
12.69
5.34
15.95
2.09
3.25
1.21
13.41
2.88
12.66
8.55
13.31
2.73
2.48
14.86
0.16
9.94
