NAME : sz-16-prob_type-inverse_dist-prob-0.25-fee_type-direct_prob-fee-2.7
TYPE : TSP
DIMENSION : 16
EDGE_WEIGHT_TYPE : EUC_2D
NODE_COORD_SECTION
1 0.00 0.00
2 20.44 65.72
3 -3.86 -64.29
4 -68.75 48.77
5 78.02 -40.22
6 1.07 -64.49
7 1.41 -9.36
8 34.81 -13.03
9 6.25 -45.88
10 -77.37 41.05
11 43.95 -30.18
12 3.17 -26.50
13 14.81 75.82
14 19.59 48.86
15 -58.91 -28.19
16 38.34 61.63
ACCEPTED_PROBABILITIES
0.00
0.23
0.25
0.22
0.27
0.22
0.10
0.40
0.31
0.23
0.20
0.33
0.29
0.28
0.30
0.20
OUTSOURCING_COSTS
0.00
7.90
8.92
6.81
10.15
7.06
0.18
17.82
12.76
7.94
5.77
13.65
11.32
10.51
11.84
6.14
