NAME : sz-18-prob_type-uniform-prob-0.10-fee_type-inverse_prob
TYPE : TSP
DIMENSION : 18
EDGE_WEIGHT_TYPE : EUC_2D
NODE_COORD_SECTION
1 0.00 0.00
2 -59.83 65.49
3 0.10 11.86
4 12.93 -84.89
5 -31.29 -15.68
6 66.15 -70.87
7 -38.32 -34.81
8 57.36 46.86
9 45.40 -77.24
10 12.85 -25.85
11 -22.27 76.35
12 69.47 59.86
13 -55.81 -7.26
14 69.45 42.19
15 -33.47 -57.76
16 -82.22 26.75
17 -81.12 43.54
18 36.23 -25.28
ACCEPTED_PROBABILITIES
0.00
0.07
0.12
0.09
0.13
0.13
0.12
0.13
0.13
0.06
0.13
0.14
0.07
0.14
0.13
0.10
0.07
0.15
OUTSOURCING_COSTS
0.00
15.38
5.72
10.68
3.93
2.85
4.52
3.35
2.39
17.47
3.55
1.40
15.04
1.10
3.52
9.60
14.73
0.18
