NAME : sz-18-prob_type-uniform-prob-0.05-fee_type-inverse_prob-fee-2.6
TYPE : TSP
DIMENSION : 18
EDGE_WEIGHT_TYPE : EUC_2D
NODE_COORD_SECTION
1 0.00 0.00
2 -27.93 -56.28
3 63.27 -47.74
4 76.53 -5.30
5 54.23 -17.81
6 -3.87 -61.38
7 -71.97 6.68
8 46.29 17.48
9 13.33 62.42
10 -34.16 -31.94
11 60.51 23.83
12 22.51 -59.27
13 73.63 8.42
14 3.54 60.26
15 -35.40 -10.57
16 -35.83 38.24
17 2.20 38.30
18 -21.08 -75.71
ACCEPTED_PROBABILITIES
0.00
0.08
0.01
0.09
0.02
0.09
0.09
0.03
0.03
0.05
0.08
0.07
0.01
0.05
0.07
0.06
0.07
0.03
OUTSOURCING_COSTS
0.00
2.79
15.14
0.15
13.90
1.50
0.15
11.20
10.61
8.66
2.53
3.49
15.10
7.65
3.64
5.72
3.94
11.51
