NAME : sz-19-prob_type-inverse_dist-prob-0.50-fee_type-inverse_prob-fee-3.5
TYPE : TSP
DIMENSION : 19
EDGE_WEIGHT_TYPE : EUC_2D
NODE_COORD_SECTION
1 0.00 0.00
2 51.56 49.53
3 27.72 88.85
4 -21.76 25.82
5 71.22 -10.71
6 -75.32 65.37
7 -22.84 33.20
8 68.55 64.27
9 -9.96 -9.05
10 -60.17 43.51
11 -82.33 55.50
12 54.57 19.39
13 96.52 -9.85
14 51.73 29.37
15 64.22 -53.00
16 -59.33 26.72
17 -2.07 -13.20
18 -0.86 89.66
19 70.40 21.65
ACCEPTED_PROBABILITIES
0.00
0.52
0.51
0.63
0.57
0.50
0.35
0.49
0.56
0.51
0.50
0.46
0.50
0.56
0.52
0.58
0.70
0.52
0.52
OUTSOURCING_COSTS
0.00
9.87
10.69
4.24
7.46
11.28
19.25
11.96
7.68
10.71
11.32
13.42
11.16
7.97
10.16
6.76
0.19
10.41
10.18
