NAME : sz-14-prob_type-uniform-prob-0.35-fee_type-inverse_prob-fee-3.2
TYPE : TSP
DIMENSION : 14
EDGE_WEIGHT_TYPE : EUC_2D
NODE_COORD_SECTION
1 0.00 0.00
2 -72.48 64.98
3 -7.15 -7.93
4 20.37 -16.43
5 -51.47 -66.83
6 -88.57 24.95
7 13.77 16.10
8 -53.16 77.99
9 76.42 3.99
10 -72.40 -20.33
11 94.88 -22.84
12 70.63 -44.58
13 16.92 -78.91
14 38.77 44.55
ACCEPTED_PROBABILITIES
0.00
0.36
0.35
0.32
0.39
0.35
0.33
0.37
0.30
0.32
0.34
0.32
0.36
0.33
OUTSOURCING_COSTS
0.00
7.78
12.65
21.28
0.25
11.12
15.79
5.60
24.37
19.77
13.75
20.38
8.72
16.90
