NAME : sz-19-prob_type-inverse_dist-prob-0.50-fee_type-inverse_prob-fee-3.3
TYPE : TSP
DIMENSION : 19
EDGE_WEIGHT_TYPE : EUC_2D
NODE_COORD_SECTION
1 0.00 0.00
2 3.30 39.65
3 -50.85 20.29
4 62.67 -41.61
5 6.18 17.18
6 -38.16 -38.65
7 73.57 41.35
8 -73.79 7.96
9 16.67 -71.28
10 60.85 16.59
11 -47.93 -6.97
12 53.04 5.94
13 -61.36 -40.08
14 15.06 -98.43
15 33.66 -40.82
16 3.88 -4.68
17 2.37 14.75
18 64.67 -49.04
19 38.80 -38.89
ACCEPTED_PROBABILITIES
0.00
0.54
0.47
0.52
0.68
0.44
0.51
0.45
0.53
0.56
0.60
0.46
0.55
0.50
0.47
0.40
0.40
0.55
0.58
OUTSOURCING_COSTS
0.00
8.97
13.71
10.37
0.18
15.84
11.15
15.34
10.04
7.61
5.49
14.19
8.73
11.74
13.57
18.15
18.15
8.71
6.48
