NAME : sz-17-prob_type-uniform-prob-0.05-fee_type-inverse_prob-fee-2.9
TYPE : TSP
DIMENSION : 17
EDGE_WEIGHT_TYPE : EUC_2D
NODE_COORD_SECTION
1 0.00 0.00
2 -55.81 -45.04
3 62.20 -75.36
4 70.28 -36.43
5 -22.19 -67.79
6 1.31 8.98
7 36.06 -0.94
8 48.72 -42.95
9 -1.17 37.05
10 -11.95 -20.24
11 34.61 -57.88
12 -2.27 24.75
13 -35.70 10.58
14 8.21 55.55
15 36.14 30.62
16 29.48 7.58
17 1.32 -23.21
ACCEPTED_PROBABILITIES
0.00
0.04
0.03
0.01
0.07
0.02
0.01
0.05
0.10
0.09
0.01
0.10
0.06
0.04
0.02
0.03
0.02
OUTSOURCING_COSTS
0.00
11.38
13.65
17.14
4.86
15.14
17.94
9.78
0.18
1.60
17.94
0.18
7.89
12.06
16.20
13.90
14.76
