NAME : sz-16-prob_type-uniform-prob-0.55-fee_type-direct_prob-fee-2.8
TYPE : TSP
DIMENSION : 16
EDGE_WEIGHT_TYPE : EUC_2D
NODE_COORD_SECTION
1 0.00 0.00
2 47.54 45.59
3 91.92 -29.62
4 41.26 60.95
5 -0.46 -67.72
6 -25.41 -30.78
7 -68.85 9.48
8 11.49 17.17
9 -65.67 68.15
10 69.81 25.74
11 21.80 -24.38
12 53.15 -0.19
13 42.48 -49.41
14 48.49 52.50
15 58.80 36.98
16 33.69 -28.48
ACCEPTED_PROBABILITIES
0.00
0.55
0.53
0.51
0.59
0.51
0.54
0.53
0.50
0.54
0.53
0.58
0.54
0.52
0.51
0.59
OUTSOURCING_COSTS
0.00
10.34
5.29
1.13
17.96
1.80
7.96
5.16
0.19
6.98
6.38
16.30
8.06
3.51
0.66
18.48
