NAME : sz-18-prob_type-uniform-prob-0.35-fee_type-inverse_prob-fee-3.1
TYPE : TSP
DIMENSION : 18
EDGE_WEIGHT_TYPE : EUC_2D
NODE_COORD_SECTION
1 0.00 0.00
2 -37.68 28.94
3 24.06 -27.32
4 25.05 -82.24
5 -7.73 -60.19
6 98.19 -2.63
7 -15.01 -84.08
8 -41.51 -19.33
9 -61.34 -6.77
10 -58.76 -35.04
11 -31.76 82.65
12 84.18 -53.05
13 12.33 -23.49
14 -63.50 -67.93
15 48.42 60.05
16 32.59 -50.44
17 -81.37 24.78
18 39.37 20.82
ACCEPTED_PROBABILITIES
0.00
0.36
0.32
0.39
0.30
0.37
0.30
0.35
0.39
0.33
0.32
0.32
0.33
0.39
0.31
0.38
0.38
0.35
OUTSOURCING_COSTS
0.00
6.47
14.13
1.75
18.05
4.67
18.05
9.55
0.92
12.55
13.85
15.09
12.34
0.18
15.93
3.37
3.71
8.97
