NAME : sz-17-prob_type-uniform-prob-0.40-fee_type-inverse_prob-fee-2.6
TYPE : TSP
DIMENSION : 17
EDGE_WEIGHT_TYPE : EUC_2D
NODE_COORD_SECTION
1 0.00 0.00
2 36.85 23.43
3 20.98 -64.46
4 45.51 -54.71
5 16.03 -85.28
6 -5.81 21.89
7 -9.65 62.84
8 -76.54 -52.85
9 -30.97 -82.95
10 -24.47 17.52
11 54.85 -28.66
12 2.89 -91.30
13 -31.64 71.64
14 36.01 80.18
15 81.66 -36.86
16 -49.50 58.61
17 75.60 -17.17
ACCEPTED_PROBABILITIES
0.00
0.38
0.41
0.42
0.44
0.43
0.38
0.43
0.40
0.36
0.43
0.38
0.43
0.35
0.41
0.38
0.36
OUTSOURCING_COSTS
0.00
11.66
5.47
3.17
0.16
2.06
11.13
0.99
8.10
15.30
1.65
11.74
1.57
16.09
4.94
11.02
14.53
