NAME : sz-14-prob_type-uniform-prob-0.40-fee_type-inverse_prob-fee-3.4
TYPE : TSP
DIMENSION : 14
EDGE_WEIGHT_TYPE : EUC_2D
NODE_COORD_SECTION
1 0.00 0.00
2 -36.92 15.39
3 28.92 -8.67
4 12.09 33.23
5 2.71 -25.73
6 -80.93 -39.37
7 -21.27 -72.88
8 -15.99 8.62
9 -65.90 -20.81
10 33.18 -35.09
11 -84.99 -39.67
12 -20.82 54.30
13 -7.13 32.26
14 61.66 -26.10
ACCEPTED_PROBABILITIES
0.00
0.39
0.37
0.38
0.45
0.36
0.41
0.41
0.36
0.37
0.42
0.45
0.35
0.40
OUTSOURCING_COSTS
0.00
14.01
21.97
18.19
0.26
23.10
9.70
9.44
23.28
19.74
7.66
0.26
25.89
13.78
