NAME : sz-16-prob_type-direct_dist-prob-0.50-fee_type-direct_prob-fee-3.3
TYPE : TSP
DIMENSION : 16
EDGE_WEIGHT_TYPE : EUC_2D
NODE_COORD_SECTION
1 0.00 0.00
2 -49.50 -54.05
3 82.42 -18.34
4 55.33 -8.58
5 59.77 15.64
6 34.74 32.14
7 17.80 -39.30
8 3.65 -31.81
9 87.90 -19.27
10 15.28 57.76
11 -65.94 -48.00
12 16.64 25.60
13 -69.13 -50.69
14 78.99 0.78
15 88.23 -29.35
16 -38.12 7.73
ACCEPTED_PROBABILITIES
0.00
0.61
0.53
0.59
0.64
0.40
0.46
0.51
0.69
0.59
0.43
0.48
0.35
0.57
0.41
0.53
OUTSOURCING_COSTS
0.00
16.62
11.94
15.70
18.50
3.00
7.19
10.31
21.78
15.72
5.16
8.37
0.22
14.05
3.60
11.37
