NAME : sz-18-prob_type-uniform-prob-0.55-fee_type-direct_prob-fee-2.6
TYPE : TSP
DIMENSION : 18
EDGE_WEIGHT_TYPE : EUC_2D
NODE_COORD_SECTION
1 0.00 0.00
2 19.27 -8.24
3 3.52 -42.02
4 -13.26 -9.88
5 9.52 33.35
6 76.83 -42.41
7 -68.80 56.85
8 -11.24 -5.88
9 -14.51 63.49
10 -9.49 -78.53
11 -39.35 43.35
12 5.76 66.20
13 63.58 65.93
14 -31.97 -23.89
15 67.32 20.20
16 11.45 7.44
17 34.37 18.65
18 -4.46 -94.07
ACCEPTED_PROBABILITIES
0.00
0.60
0.57
0.56
0.52
0.58
0.51
0.56
0.57
0.50
0.54
0.56
0.51
0.56
0.51
0.55
0.54
0.53
OUTSOURCING_COSTS
0.00
15.14
11.62
9.42
2.89
12.46
1.22
9.95
10.97
0.15
5.94
10.33
1.78
9.88
2.12
7.53
6.03
5.46
