NAME : sz-17-prob_type-direct_dist-prob-0.50-fee_type-inverse_prob-fee-3.1
TYPE : TSP
DIMENSION : 17
EDGE_WEIGHT_TYPE : EUC_2D
NODE_COORD_SECTION
1 0.00 0.00
2 10.10 57.49
3 89.27 44.30
4 -8.19 28.22
5 84.46 6.02
6 20.55 -5.09
7 -35.11 61.97
8 -94.02 19.22
9 -75.42 60.91
10 -52.43 -58.08
11 36.12 79.58
12 -8.78 -21.78
13 74.77 10.82
14 55.27 53.83
15 57.64 46.22
16 -35.17 -39.26
17 -72.71 -37.76
ACCEPTED_PROBABILITIES
0.00
0.49
0.32
0.51
0.53
0.50
0.41
0.27
0.43
0.58
0.33
0.56
0.49
0.51
0.36
0.61
0.65
OUTSOURCING_COSTS
0.00
8.10
16.67
6.95
6.12
7.63
12.10
19.18
10.88
3.47
16.30
4.73
8.30
7.27
14.72
2.13
0.19
