NAME : sz-16-prob_type-uniform-prob-0.35-fee_type-direct_prob-fee-3.3
TYPE : TSP
DIMENSION : 16
EDGE_WEIGHT_TYPE : EUC_2D
NODE_COORD_SECTION
1 0.00 0.00
2 -50.06 -21.12
3 13.84 40.22
4 -11.51 -9.84
5 -20.29 2.62
6 9.13 34.98
7 20.35 -76.58
8 -45.57 -55.55
9 30.56 72.82
10 70.15 54.28
11 93.39 -5.42
12 -14.50 69.41
13 -69.95 -18.56
14 -83.26 -3.01
15 55.29 39.05
16 88.18 13.85
ACCEPTED_PROBABILITIES
0.00
0.39
0.36
0.33
0.35
0.40
0.34
0.39
0.33
0.32
0.39
0.33
0.32
0.32
0.31
0.30
OUTSOURCING_COSTS
0.00
20.31
14.31
5.94
11.14
21.78
8.34
21.01
6.29
4.53
19.18
6.38
4.54
4.34
1.45
0.22
