NAME : sz-18-prob_type-uniform-prob-0.10-fee_type-direct_prob-fee-2.7
TYPE : TSP
DIMENSION : 18
EDGE_WEIGHT_TYPE : EUC_2D
NODE_COORD_SECTION
1 0.00 0.00
2 46.01 52.38
3 68.52 -51.40
4 -53.34 -53.82
5 3.35 99.84
6 16.16 4.59
7 -24.38 -83.91
8 84.91 -36.88
9 3.78 44.89
10 -1.31 -49.67
11 -28.48 -28.84
12 69.03 -59.19
13 62.52 10.10
14 67.20 -8.04
15 38.58 29.40
16 -94.49 5.84
17 -76.36 -58.76
18 34.70 41.35
ACCEPTED_PROBABILITIES
0.00
0.06
0.13
0.12
0.06
0.15
0.14
0.09
0.14
0.07
0.10
0.09
0.06
0.06
0.08
0.10
0.06
0.07
OUTSOURCING_COSTS
0.00
0.16
12.34
11.73
0.16
15.72
14.75
6.78
14.22
2.87
7.36
6.25
0.89
0.84
4.11
6.86
0.35
1.56
