NAME : sz-15-prob_type-uniform-prob-0.10-fee_type-inverse_prob-fee-3.3
TYPE : TSP
DIMENSION : 15
EDGE_WEIGHT_TYPE : EUC_2D
NODE_COORD_SECTION
1 0.00 0.00
2 -57.37 -67.96
3 12.68 27.03
4 -78.57 18.56
5 -47.69 -68.48
6 83.90 -2.25
7 -18.37 29.44
8 -14.20 12.83
9 -35.31 -52.94
10 -7.05 97.09
11 3.76 2.98
12 31.24 27.28
13 -24.60 -33.60
14 -64.52 32.76
15 -61.65 -27.34
ACCEPTED_PROBABILITIES
0.00
0.07
0.06
0.12
0.08
0.14
0.09
0.13
0.14
0.13
0.11
0.13
0.14
0.09
0.11
OUTSOURCING_COSTS
0.00
20.59
23.34
6.67
18.31
0.24
15.09
2.30
0.85
2.86
9.43
4.91
2.18
14.69
10.15
