NAME : sz-19-prob_type-uniform-prob-0.10-fee_type-inverse_prob-fee-3.3
TYPE : TSP
DIMENSION : 19
EDGE_WEIGHT_TYPE : EUC_2D
NODE_COORD_SECTION
1 0.00 0.00
2 25.74 91.09
3 -13.35 87.07
4 73.06 -0.13
5 88.42 39.86
6 9.09 -61.79
7 30.66 -82.10
8 4.87 10.39
9 21.04 22.41
10 -73.35 33.33
11 -25.23 0.50
12 -4.56 -63.85
13 -42.46 39.14
14 19.73 38.27
15 2.14 -92.96
16 2.10 -90.41
17 24.57 42.28
18 1.74 87.25
19 -43.65 -80.43
ACCEPTED_PROBABILITIES
0.00
0.14
0.05
0.13
0.14
0.13
0.08
0.09
0.10
0.09
0.10
0.09
0.07
0.14
0.14
0.09
0.11
0.11
0.06
OUTSOURCING_COSTS
0.00
0.18
18.15
2.09
0.50
3.51
12.29
10.76
8.15
10.61
9.71
11.59
15.07
0.18
0.96
10.21
7.09
5.76
17.32
