NAME : sz-14-prob_type-direct_dist-prob-0.50-fee_type-direct_prob-fee-3.2
TYPE : TSP
DIMENSION : 14
EDGE_WEIGHT_TYPE : EUC_2D
NODE_COORD_SECTION
1 0.00 0.00
2 26.86 33.03
3 53.97 14.69
4 -53.74 -82.93
5 -25.68 -93.21
6 42.95 -6.26
7 -49.57 73.92
8 -13.17 -72.63
9 -76.41 18.16
10 -54.55 45.17
11 39.78 -66.66
12 56.65 49.05
13 75.61 -59.07
14 11.56 91.05
ACCEPTED_PROBABILITIES
0.00
0.53
0.54
0.62
0.68
0.46
0.34
0.32
0.40
0.44
0.35
0.55
0.48
0.39
OUTSOURCING_COSTS
0.00
14.24
15.01
20.52
24.37
9.59
1.46
0.25
5.32
8.07
2.31
15.76
10.65
5.11
