NAME : sz-16-prob_type-uniform-prob-0.40-fee_type-direct_prob-fee-2.8
TYPE : TSP
DIMENSION : 16
EDGE_WEIGHT_TYPE : EUC_2D
NODE_COORD_SECTION
1 0.00 0.00
2 19.66 -37.08
3 -51.77 51.94
4 73.53 -67.03
5 45.56 -76.09
6 81.13 34.56
7 34.69 -51.40
8 4.88 -73.08
9 -4.58 33.55
10 50.96 12.40
11 16.23 -32.93
12 -13.36 83.38
13 23.24 -1.71
14 -51.45 83.88
15 -36.42 68.18
16 98.83 15.07
ACCEPTED_PROBABILITIES
0.00
0.36
0.39
0.36
0.42
0.39
0.44
0.40
0.42
0.41
0.43
0.38
0.41
0.42
0.44
0.38
OUTSOURCING_COSTS
0.00
0.19
6.54
0.19
14.04
7.76
18.33
10.06
15.06
13.12
16.56
5.67
12.67
13.61
18.48
5.31
