NAME : sz-19-prob_type-direct_dist-prob-0.50-fee_type-direct_prob-fee-3.5
TYPE : TSP
DIMENSION : 19
EDGE_WEIGHT_TYPE : EUC_2D
NODE_COORD_SECTION
1 0.00 0.00
2 -22.07 -82.88
3 -19.75 55.26
4 7.42 93.98
5 -96.18 21.42
6 14.84 15.10
7 18.34 22.53
8 -58.67 21.95
9 -70.72 52.88
10 58.02 -69.21
11 -23.30 38.70
12 68.33 20.00
13 -74.47 -37.26
14 76.36 24.67
15 56.01 23.56
16 -50.60 14.84
17 -46.96 12.95
18 -31.94 56.16
19 9.69 -41.25
ACCEPTED_PROBABILITIES
0.00
0.34
0.58
0.49
0.66
0.55
0.44
0.45
0.71
0.43
0.43
0.49
0.52
0.61
0.46
0.45
0.49
0.52
0.39
OUTSOURCING_COSTS
0.00
0.19
12.51
7.73
16.80
11.05
5.20
5.81
19.25
4.67
4.72
7.94
9.40
13.94
6.07
5.71
7.91
9.51
2.82
