NAME : sz-14-prob_type-uniform-prob-0.15-fee_type-direct_prob-fee-2.5
TYPE : TSP
DIMENSION : 14
EDGE_WEIGHT_TYPE : EUC_2D
NODE_COORD_SECTION
1 0.00 0.00
2 63.35 -56.00
3 -73.24 -0.78
4 34.53 -79.44
5 12.96 17.74
6 -29.61 61.66
7 -51.87 -12.17
8 -88.13 -8.06
9 -67.28 -12.80
10 -35.33 58.93
11 75.43 -60.63
12 -71.65 -2.84
13 -13.80 32.76
14 -5.16 -92.69
ACCEPTED_PROBABILITIES
0.00
0.14
0.10
0.19
0.12
0.13
0.10
0.19
0.16
0.17
0.15
0.13
0.19
0.13
OUTSOURCING_COSTS
0.00
8.50
0.62
18.82
4.37
6.36
0.19
19.04
12.67
13.72
10.94
5.06
19.04
5.60
