NAME : sz-15-prob_type-inverse_dist-prob-0.25-fee_type-inverse_prob-fee-2.5
TYPE : TSP
DIMENSION : 15
EDGE_WEIGHT_TYPE : EUC_2D
NODE_COORD_SECTION
1 0.00 0.00
2 -0.99 -34.28
3 -18.95 88.79
4 43.10 -11.40
5 -12.88 60.18
6 -78.91 -15.67
7 -5.24 -13.04
8 79.02 16.95
9 -63.30 10.65
10 -80.21 -2.50
11 -43.25 76.27
12 74.04 60.99
13 95.89 -20.78
14 -62.67 -2.64
15 -23.19 19.68
ACCEPTED_PROBABILITIES
0.00
0.16
0.27
0.14
0.20
0.24
0.17
0.27
0.18
0.29
0.26
0.26
0.25
0.33
0.16
OUTSOURCING_COSTS
0.00
16.63
5.70
17.68
12.07
8.99
14.86
5.98
14.34
4.39
6.45
7.14
7.49
0.18
15.85
