NAME : sz-14-prob_type-direct_dist-prob-0.50-fee_type-direct_prob-fee-2.9
TYPE : TSP
DIMENSION : 14
EDGE_WEIGHT_TYPE : EUC_2D
NODE_COORD_SECTION
1 0.00 0.00
2 11.93 56.98
3 -38.90 56.82
4 -68.83 35.94
5 -39.41 13.07
6 71.81 57.07
7 -63.53 7.35
8 -28.58 -67.26
9 15.50 94.28
10 -53.62 71.05
11 44.26 -34.09
12 -29.31 18.44
13 -21.04 -13.10
14 59.59 -60.28
ACCEPTED_PROBABILITIES
0.00
0.41
0.48
0.40
0.42
0.66
0.51
0.53
0.42
0.55
0.63
0.43
0.54
0.67
OUTSOURCING_COSTS
0.00
0.74
6.03
0.22
1.12
21.15
8.61
10.40
1.30
12.33
18.90
1.93
11.60
22.08
