NAME : sz-17-prob_type-uniform-prob-0.30-fee_type-direct_prob-fee-2.9
TYPE : TSP
DIMENSION : 17
EDGE_WEIGHT_TYPE : EUC_2D
NODE_COORD_SECTION
1 0.00 0.00
2 18.62 -89.28
3 -64.38 -41.01
4 25.98 31.16
5 -16.21 11.48
6 75.63 -17.72
7 17.79 61.99
8 58.78 -78.38
9 76.05 -4.45
10 52.29 70.61
11 -59.61 -66.69
12 42.32 80.00
13 43.29 27.00
14 -40.13 78.69
15 -27.68 -44.05
16 36.77 72.86
17 80.31 -31.99
ACCEPTED_PROBABILITIES
0.00
0.34
0.32
0.27
0.35
0.29
0.27
0.34
0.33
0.26
0.27
0.34
0.28
0.27
0.25
0.27
0.32
OUTSOURCING_COSTS
0.00
16.72
12.24
3.17
17.94
7.34
4.08
17.35
15.94
2.17
2.88
16.98
6.39
4.39
0.18
3.76
13.18
