NAME : sz-19-prob_type-uniform-prob-0.60-fee_type-direct_prob-fee-3.3
TYPE : TSP
DIMENSION : 19
EDGE_WEIGHT_TYPE : EUC_2D
NODE_COORD_SECTION
1 0.00 0.00
2 -18.11 3.36
3 -95.97 -2.89
4 71.99 -63.09
5 6.27 93.82
6 78.42 53.51
7 -76.08 31.97
8 30.91 -55.65
9 23.57 -85.74
10 12.91 22.52
11 -4.99 79.87
12 55.70 -56.19
13 -58.12 -1.14
14 -32.53 -80.91
15 47.69 68.28
16 73.73 62.28
17 50.97 -84.76
18 30.71 -73.58
19 1.14 -17.22
ACCEPTED_PROBABILITIES
0.00
0.61
0.64
0.64
0.65
0.63
0.63
0.56
0.59
0.65
0.60
0.57
0.55
0.62
0.56
0.62
0.63
0.59
0.65
OUTSOURCING_COSTS
0.00
10.43
16.82
17.40
17.47
15.06
14.19
1.06
6.70
18.15
9.22
3.71
0.18
12.87
1.92
11.94
14.26
7.27
17.81
