NAME : sz-17-prob_type-uniform-prob-0.15-fee_type-direct_prob
TYPE : TSP
DIMENSION : 17
EDGE_WEIGHT_TYPE : EUC_2D
NODE_COORD_SECTION
1 0.00 0.00
2 27.38 73.65
3 -77.10 -43.74
4 -48.54 30.44
5 -49.64 -28.41
6 14.04 -36.31
7 25.04 84.65
8 -53.77 15.42
9 42.66 49.05
10 75.02 -50.07
11 -83.44 0.85
12 52.46 -6.65
13 16.80 10.87
14 -90.75 -3.62
15 -40.65 -73.93
16 -7.71 -38.42
17 -5.89 47.69
ACCEPTED_PROBABILITIES
0.00
0.11
0.19
0.19
0.13
0.13
0.18
0.13
0.17
0.15
0.18
0.11
0.17
0.11
0.16
0.12
0.13
OUTSOURCING_COSTS
0.00
0.93
18.56
18.56
5.07
5.69
16.37
5.97
14.81
10.50
16.27
0.38
14.96
0.19
11.51
2.76
5.96
