NAME : sz-19-prob_type-uniform-prob-0.20-fee_type-direct_prob-fee-2.8
TYPE : TSP
DIMENSION : 19
EDGE_WEIGHT_TYPE : EUC_2D
NODE_COORD_SECTION
1 0.00 0.00
2 -59.98 44.48
3 26.22 27.11
4 -87.02 -40.68
5 -58.81 -26.47
6 -97.17 0.43
7 0.59 -20.65
8 34.46 -42.62
9 1.39 -55.48
10 6.92 -73.94
11 76.58 -14.52
12 7.68 -31.23
13 -32.41 -35.56
14 -28.81 60.94
15 3.07 13.82
16 -3.74 -64.86
17 8.49 10.64
18 -29.89 -47.26
19 -78.35 43.31
ACCEPTED_PROBABILITIES
0.00
0.23
0.19
0.22
0.17
0.20
0.19
0.18
0.15
0.18
0.22
0.15
0.18
0.24
0.19
0.22
0.15
0.16
0.17
OUTSOURCING_COSTS
0.00
13.76
6.48
11.38
4.21
9.06
6.19
5.31
0.16
4.53
12.82
0.38
5.38
15.40
6.46
11.94
0.19
2.22
4.27
