NAME : sz-17-prob_type-uniform-prob-0.10-fee_type-inverse_prob-fee-3.4
TYPE : TSP
DIMENSION : 17
EDGE_WEIGHT_TYPE : EUC_2D
NODE_COORD_SECTION
1 0.00 0.00
2 66.27 28.37
3 97.69 12.04
4 27.91 -45.43
5 -95.56 -27.25
6 13.71 -44.19
7 89.43 22.38
8 8.35 -6.54
9 9.38 57.59
10 76.00 -35.12
11 -31.45 -92.62
12 61.00 3.23
13 99.54 0.23
14 84.86 38.06
15 -3.65 98.22
16 -95.20 22.17
17 -33.45 72.24
ACCEPTED_PROBABILITIES
0.00
0.14
0.09
0.11
0.09
0.15
0.08
0.07
0.08
0.09
0.09
0.12
0.14
0.14
0.07
0.10
0.06
OUTSOURCING_COSTS
0.00
2.10
13.95
8.00
13.27
0.21
15.83
19.92
16.42
14.89
13.03
7.46
0.40
1.42
20.58
12.30
21.04
