NAME : sz-15-prob_type-uniform-prob-0.60-fee_type-inverse_prob-fee-2.8
TYPE : TSP
DIMENSION : 15
EDGE_WEIGHT_TYPE : EUC_2D
NODE_COORD_SECTION
1 0.00 0.00
2 9.07 -19.67
3 60.47 -9.49
4 40.04 81.58
5 -14.64 -67.52
6 -24.02 31.61
7 19.42 -81.76
8 35.65 15.98
9 67.60 -45.15
10 -87.80 24.39
11 -49.54 -85.98
12 -23.49 84.34
13 -84.81 -47.38
14 -60.19 56.73
15 19.02 15.35
ACCEPTED_PROBABILITIES
0.00
0.62
0.60
0.62
0.58
0.62
0.60
0.65
0.59
0.58
0.62
0.58
0.62
0.57
0.62
OUTSOURCING_COSTS
0.00
5.24
11.33
7.00
15.56
7.51
10.61
0.20
14.15
15.76
5.39
15.47
6.06
19.80
5.95
