NAME : sz-16-prob_type-inverse_dist-prob-0.25-fee_type-direct_prob-fee-3.5
TYPE : TSP
DIMENSION : 16
EDGE_WEIGHT_TYPE : EUC_2D
NODE_COORD_SECTION
1 0.00 0.00
2 -34.82 27.60
3 -28.82 33.23
4 54.14 53.92
5 -32.77 -78.62
6 -98.38 -8.81
7 -27.54 89.07
8 4.27 -7.74
9 -17.28 -73.68
10 -44.85 19.93
11 -19.70 -81.46
12 -20.78 81.27
13 31.09 -87.11
14 45.94 58.78
15 -45.51 -40.18
16 69.75 -8.92
ACCEPTED_PROBABILITIES
0.00
0.26
0.34
0.23
0.21
0.25
0.26
0.33
0.22
0.32
0.21
0.27
0.26
0.19
0.32
0.29
OUTSOURCING_COSTS
0.00
10.56
23.10
7.15
3.78
9.82
10.78
21.50
4.80
21.16
3.81
12.11
10.96
0.23
20.41
16.39
