NAME : sz-18-prob_type-uniform-prob-0.55-fee_type-direct_prob-fee-3.4
TYPE : TSP
DIMENSION : 18
EDGE_WEIGHT_TYPE : EUC_2D
NODE_COORD_SECTION
1 0.00 0.00
2 38.30 -76.31
3 6.27 -4.77
4 5.19 20.04
5 47.51 57.11
6 -6.15 -62.75
7 38.10 77.00
8 98.39 -15.96
9 -36.97 -70.97
10 21.91 54.79
11 -12.30 58.00
12 73.66 3.70
13 -18.23 -67.86
14 51.62 -73.16
15 -51.87 59.44
16 55.33 -15.44
17 -44.37 56.63
18 1.07 -36.18
ACCEPTED_PROBABILITIES
0.00
0.54
0.56
0.56
0.50
0.50
0.52
0.57
0.58
0.60
0.57
0.57
0.56
0.57
0.50
0.56
0.54
0.57
OUTSOURCING_COSTS
0.00
7.25
12.17
12.88
0.20
0.20
3.18
13.95
16.99
19.80
13.69
13.63
12.68
14.92
0.20
11.73
6.89
13.50
