NAME : sz-17-prob_type-uniform-prob-0.30-fee_type-direct_prob-fee-2.8
TYPE : TSP
DIMENSION : 17
EDGE_WEIGHT_TYPE : EUC_2D
NODE_COORD_SECTION
1 0.00 0.00
2 -68.51 26.87
3 -41.90 49.85
4 99.33 -10.85
5 68.09 14.45
6 45.27 74.20
7 4.81 88.70
8 -0.93 43.27
9 10.70 58.19
10 -34.18 67.03
11 70.00 41.53
12 -21.67 -19.75
13 42.23 24.73
14 77.27 4.46
15 -24.15 38.52
16 47.76 -66.05
17 59.61 19.52
ACCEPTED_PROBABILITIES
0.00
0.27
0.27
0.26
0.25
0.32
0.32
0.27
0.26
0.31
0.26
0.30
0.33
0.28
0.25
0.31
0.32
OUTSOURCING_COSTS
0.00
4.22
3.46
2.94
0.18
14.53
14.07
4.23
2.57
12.66
2.61
9.69
17.32
5.42
0.33
11.73
14.81
