NAME : sz-18-prob_type-uniform-prob-0.15-fee_type-direct_prob-fee-2.8
TYPE : TSP
DIMENSION : 18
EDGE_WEIGHT_TYPE : EUC_2D
NODE_COORD_SECTION
1 0.00 0.00
2 -57.84 28.48
3 -14.07 42.42
4 13.28 -75.97
5 60.06 -46.00
6 -32.01 11.75
7 -49.23 -56.01
8 -75.28 -21.51
9 -62.33 -54.60
10 -16.94 29.18
11 48.34 75.60
12 76.85 -49.92
13 53.68 -70.52
14 -52.23 38.72
15 72.97 -38.73
16 7.51 61.09
17 -2.36 -80.58
18 35.26 -70.39
ACCEPTED_PROBABILITIES
0.00
0.14
0.14
0.20
0.16
0.18
0.14
0.12
0.16
0.14
0.15
0.15
0.13
0.17
0.15
0.16
0.11
0.17
OUTSOURCING_COSTS
0.00
4.38
4.91
16.31
8.69
13.56
4.83
1.95
8.91
4.07
6.00
6.22
2.66
10.21
6.52
9.24
0.16
11.40
