NAME : sz-15-prob_type-uniform-prob-0.40-fee_type-inverse_prob-fee-2.9
TYPE : TSP
DIMENSION : 15
EDGE_WEIGHT_TYPE : EUC_2D
NODE_COORD_SECTION
1 0.00 0.00
2 -43.13 -86.93
3 -12.65 32.28
4 -27.04 -82.37
5 -24.27 19.60
6 64.30 -68.44
7 67.30 36.05
8 28.80 -35.82
9 10.29 72.76
10 8.34 92.47
11 58.25 -34.95
12 16.60 -2.73
13 41.81 83.79
14 24.54 -64.53
15 35.98 -14.20
ACCEPTED_PROBABILITIES
0.00
0.38
0.36
0.43
0.44
0.40
0.41
0.41
0.36
0.39
0.43
0.37
0.37
0.42
0.42
OUTSOURCING_COSTS
0.00
13.70
20.51
1.89
0.21
9.66
6.42
7.62
19.45
13.05
1.68
18.56
17.55
6.14
4.85
