NAME : sz-18-prob_type-uniform-prob-0.40-fee_type-inverse_prob-fee-2.9
TYPE : TSP
DIMENSION : 18
EDGE_WEIGHT_TYPE : EUC_2D
NODE_COORD_SECTION
1 0.00 0.00
2 -71.55 -43.45
3 -2.37 -61.45
4 -17.45 -19.84
5 -65.69 -28.96
6 42.97 -85.41
7 51.02 0.86
8 -11.30 96.04
9 16.23 -39.72
10 -17.72 -83.32
11 -5.63 10.32
12 3.77 -3.16
13 37.81 69.30
14 -3.93 -17.14
15 38.59 -43.17
16 -35.45 -82.79
17 9.15 56.66
18 36.93 -5.50
ACCEPTED_PROBABILITIES
0.00
0.43
0.42
0.43
0.36
0.44
0.38
0.45
0.41
0.39
0.42
0.45
0.44
0.40
0.35
0.39
0.42
0.39
OUTSOURCING_COSTS
0.00
3.52
5.17
3.36
15.95
2.15
13.01
0.17
6.54
9.82
5.95
0.17
0.75
9.37
16.89
10.96
4.88
11.30
