NAME : sz-14-prob_type-uniform-prob-0.30-fee_type-inverse_prob-fee-3.2
TYPE : TSP
DIMENSION : 14
EDGE_WEIGHT_TYPE : EUC_2D
NODE_COORD_SECTION
1 0.00 0.00
2 -2.79 -4.01
3 78.26 -56.06
4 82.50 -5.13
5 -9.35 68.72
6 21.17 -16.88
7 -80.34 -24.86
8 8.51 -6.94
9 -16.03 -27.84
10 -67.72 5.87
11 74.30 5.20
12 18.22 -46.31
13 5.02 -20.04
14 -57.24 3.16
ACCEPTED_PROBABILITIES
0.00
0.30
0.32
0.33
0.34
0.31
0.27
0.35
0.32
0.31
0.32
0.33
0.28
0.30
OUTSOURCING_COSTS
0.00
16.28
7.90
6.24
3.64
12.51
24.37
0.25
10.67
12.64
8.61
4.75
21.47
16.10
