NAME : sz-15-prob_type-uniform-prob-0.20-fee_type-direct_prob-fee-2.9
TYPE : TSP
DIMENSION : 15
EDGE_WEIGHT_TYPE : EUC_2D
NODE_COORD_SECTION
1 0.00 0.00
2 -20.74 78.54
3 10.84 -69.26
4 36.81 62.63
5 15.72 95.74
6 90.00 26.01
7 -48.91 -74.05
8 -68.22 -58.28
9 -14.62 -35.16
10 4.16 -91.07
11 45.94 -52.05
12 71.67 26.75
13 -11.50 -64.44
14 67.79 -32.92
15 37.90 58.99
ACCEPTED_PROBABILITIES
0.00
0.19
0.17
0.23
0.21
0.21
0.20
0.16
0.18
0.23
0.17
0.23
0.17
0.19
0.15
OUTSOURCING_COSTS
0.00
8.63
3.74
18.72
13.38
14.96
12.65
1.06
7.80
18.66
3.60
20.51
3.76
10.04
0.21
