NAME : sz-16-prob_type-uniform-prob-0.60-fee_type-inverse_prob-fee-2.7
TYPE : TSP
DIMENSION : 16
EDGE_WEIGHT_TYPE : EUC_2D
NODE_COORD_SECTION
1 0.00 0.00
2 -32.81 -0.76
3 -71.64 13.65
4 -19.34 -9.41
5 67.46 70.76
6 -72.59 22.82
7 -21.04 -21.08
8 -29.36 52.66
9 -16.37 -54.70
10 -24.54 59.17
11 -7.56 -22.52
12 14.72 -53.01
13 -50.08 0.08
14 -29.07 -93.26
15 -74.73 56.79
16 41.58 33.94
ACCEPTED_PROBABILITIES
0.00
0.61
0.57
0.62
0.64
0.59
0.63
0.57
0.59
0.61
0.65
0.59
0.63
0.60
0.60
0.58
OUTSOURCING_COSTS
0.00
8.36
17.82
5.62
1.71
13.39
4.59
17.24
13.43
8.28
0.18
14.28
4.84
10.89
9.94
15.13
