NAME : sz-18-prob_type-uniform-prob-0.45-fee_type-direct_prob-fee-2.8
TYPE : TSP
DIMENSION : 18
EDGE_WEIGHT_TYPE : EUC_2D
NODE_COORD_SECTION
1 0.00 0.00
2 9.03 -9.78
3 18.73 -91.98
4 -92.90 21.79
5 47.15 64.12
6 -36.70 59.16
7 -14.84 -19.59
8 -51.30 -66.63
9 -90.85 10.90
10 34.35 -74.47
11 96.92 -3.69
12 57.11 -2.38
13 -94.30 -25.30
14 -2.35 -69.27
15 -1.63 -79.29
16 22.20 27.70
17 68.07 35.59
18 -30.79 -25.93
ACCEPTED_PROBABILITIES
0.00
0.43
0.48
0.43
0.41
0.47
0.46
0.41
0.46
0.43
0.43
0.45
0.47
0.50
0.43
0.44
0.44
0.43
OUTSOURCING_COSTS
0.00
4.58
13.92
2.86
0.84
12.10
9.86
0.16
8.69
3.27
4.00
8.13
11.81
16.31
3.88
4.88
4.85
3.65
