NAME : sz-18-prob_type-uniform-prob-0.35-fee_type-inverse_prob
TYPE : TSP
DIMENSION : 18
EDGE_WEIGHT_TYPE : EUC_2D
NODE_COORD_SECTION
1 0.00 0.00
2 -10.56 33.53
3 60.56 -2.17
4 76.27 7.06
5 -48.90 49.60
6 29.86 -20.25
7 64.45 -24.44
8 62.64 10.67
9 -6.98 -25.66
10 -88.18 28.12
11 35.31 33.85
12 -17.93 91.48
13 81.97 14.50
14 55.46 -20.45
15 -10.87 26.01
16 -36.18 67.42
17 -20.03 -28.65
18 29.83 -82.51
ACCEPTED_PROBABILITIES
0.00
0.38
0.32
0.32
0.33
0.30
0.40
0.38
0.30
0.30
0.37
0.38
0.36
0.39
0.38
0.34
0.39
0.38
OUTSOURCING_COSTS
0.00
2.57
13.78
13.50
12.84
17.47
0.18
3.36
17.44
17.46
4.17
2.66
6.50
1.11
4.04
10.61
0.83
3.67
