NAME : sz-15-prob_type-uniform-prob-0.30-fee_type-inverse_prob-fee-2.6
TYPE : TSP
DIMENSION : 15
EDGE_WEIGHT_TYPE : EUC_2D
NODE_COORD_SECTION
1 0.00 0.00
2 1.86 -68.38
3 -0.32 -4.68
4 -60.72 10.68
5 -43.39 0.06
6 -40.56 -3.22
7 56.63 -31.12
8 75.31 59.77
9 -19.77 -52.41
10 23.87 25.74
11 -30.37 -23.71
12 33.99 -89.38
13 15.10 79.31
14 -22.27 24.07
15 -24.49 76.52
ACCEPTED_PROBABILITIES
0.00
0.31
0.33
0.30
0.26
0.27
0.30
0.34
0.29
0.33
0.27
0.34
0.29
0.29
0.29
OUTSOURCING_COSTS
0.00
8.08
3.37
10.20
18.39
16.37
9.37
0.24
12.00
2.31
17.97
0.19
12.84
12.09
11.97
