NAME : sz-15-prob_type-inverse_dist-prob-0.25-fee_type-direct_prob-fee-2.6
TYPE : TSP
DIMENSION : 15
EDGE_WEIGHT_TYPE : EUC_2D
NODE_COORD_SECTION
1 0.00 0.00
2 25.33 40.25
3 -62.00 -11.71
4 -18.31 -45.84
5 -62.65 -36.92
6 28.43 23.21
7 -36.32 -28.36
8 -18.94 62.09
9 52.55 59.18
10 52.05 31.88
11 27.86 47.46
12 -44.59 -9.60
13 -34.03 -27.36
14 77.46 -59.60
15 -43.44 -79.98
ACCEPTED_PROBABILITIES
0.00
0.25
0.24
0.31
0.24
0.18
0.20
0.20
0.25
0.24
0.36
0.34
0.21
0.25
0.26
OUTSOURCING_COSTS
0.00
7.28
6.00
13.29
6.38
0.19
2.35
1.98
7.45
6.34
18.39
17.04
3.31
7.24
8.93
