NAME : sz-17-prob_type-uniform-prob-0.60-fee_type-direct_prob-fee-3.4
TYPE : TSP
DIMENSION : 17
EDGE_WEIGHT_TYPE : EUC_2D
NODE_COORD_SECTION
1 0.00 0.00
2 31.72 -60.00
3 53.11 54.43
4 -69.54 8.43
5 42.32 -58.68
6 -18.84 -89.53
7 91.79 -35.00
8 -35.06 -42.57
9 68.64 55.37
10 3.65 -13.70
11 -18.51 15.71
12 -30.52 67.59
13 16.71 77.78
14 -53.55 -27.60
15 -11.50 -49.36
16 -10.54 -83.34
17 58.09 -25.52
ACCEPTED_PROBABILITIES
0.00
0.62
0.56
0.60
0.59
0.60
0.56
0.60
0.65
0.58
0.57
0.64
0.58
0.57
0.60
0.58
0.57
OUTSOURCING_COSTS
0.00
14.67
0.83
11.17
7.46
10.54
0.21
10.99
21.04
5.23
2.55
20.61
5.12
3.60
9.24
6.57
4.44
