NAME : sz-19-prob_type-uniform-prob-0.60-fee_type-inverse_prob-fee-2.5
TYPE : TSP
DIMENSION : 19
EDGE_WEIGHT_TYPE : EUC_2D
NODE_COORD_SECTION
1 0.00 0.00
2 17.13 54.83
3 7.71 28.80
4 13.72 -20.31
5 33.54 -18.95
6 24.90 -80.74
7 -40.99 75.18
8 -72.64 30.90
9 59.66 -35.13
10 12.43 -3.19
11 7.33 74.00
12 -18.94 -69.66
13 -59.83 -58.24
14 61.53 3.24
15 78.36 -50.01
16 -24.94 -39.44
17 -86.84 -26.55
18 -32.06 19.78
19 27.69 -65.45
ACCEPTED_PROBABILITIES
0.00
0.57
0.57
0.59
0.55
0.61
0.56
0.56
0.57
0.63
0.57
0.59
0.55
0.65
0.63
0.57
0.58
0.62
0.60
OUTSOURCING_COSTS
0.00
11.36
10.85
8.23
13.75
4.93
13.32
13.48
10.68
1.84
11.40
8.61
13.75
0.14
3.08
11.91
9.55
4.17
7.27
