NAME : sz-14-prob_type-inverse_dist-prob-0.25-fee_type-direct_prob-fee-3.5
TYPE : TSP
DIMENSION : 14
EDGE_WEIGHT_TYPE : EUC_2D
NODE_COORD_SECTION
1 0.00 0.00
2 -93.95 -8.10
3 -66.91 -64.63
4 58.54 -78.55
5 -63.04 50.93
6 36.07 -1.49
7 -17.92 -4.66
8 70.33 -50.19
9 -88.52 -31.55
10 -43.61 -51.52
11 44.14 -58.91
12 0.76 -56.73
13 4.02 -58.78
14 -37.89 91.03
ACCEPTED_PROBABILITIES
0.00
0.26
0.25
0.25
0.22
0.36
0.38
0.22
0.26
0.27
0.19
0.35
0.32
0.25
OUTSOURCING_COSTS
0.00
9.52
8.91
7.79
4.66
24.11
26.65
4.11
10.25
10.43
0.27
22.80
17.86
8.06
