NAME : sz-16-prob_type-uniform-prob-0.20-fee_type-inverse_prob-fee-3.5
TYPE : TSP
DIMENSION : 16
EDGE_WEIGHT_TYPE : EUC_2D
NODE_COORD_SECTION
1 0.00 0.00
2 3.61 6.51
3 -73.94 -2.62
4 58.82 28.87
5 -30.66 93.19
6 50.42 -64.12
7 13.66 57.13
8 86.88 3.08
9 34.86 -32.65
10 -74.71 -28.66
11 -35.12 -5.99
12 65.71 61.24
13 45.69 -48.48
14 60.66 -48.21
15 -73.65 60.99
16 -45.63 -26.79
ACCEPTED_PROBABILITIES
0.00
0.18
0.23
0.23
0.24
0.15
0.19
0.16
0.17
0.20
0.24
0.21
0.18
0.15
0.24
0.20
OUTSOURCING_COSTS
0.00
15.35
3.59
3.68
0.29
23.01
14.63
20.62
20.00
11.46
1.11
9.08
17.01
23.10
0.23
12.23
