NAME : sz-16-prob_type-inverse_dist-prob-0.25-fee_type-inverse_prob-fee-2.6
TYPE : TSP
DIMENSION : 16
EDGE_WEIGHT_TYPE : EUC_2D
NODE_COORD_SECTION
1 0.00 0.00
2 -72.19 -19.08
3 -22.23 92.76
4 77.74 -51.30
5 -59.09 -46.73
6 -17.93 67.68
7 60.49 24.78
8 69.06 9.21
9 -25.70 58.83
10 49.79 -31.39
11 -57.05 5.58
12 -22.56 -13.93
13 -6.77 75.47
14 -82.21 54.72
15 -71.48 4.94
16 -45.34 49.29
ACCEPTED_PROBABILITIES
0.00
0.25
0.24
0.27
0.19
0.31
0.32
0.27
0.33
0.25
0.19
0.34
0.24
0.25
0.31
0.20
OUTSOURCING_COSTS
0.00
9.84
11.65
8.69
16.69
3.11
2.21
8.13
0.86
10.94
17.16
0.17
11.34
10.20
3.65
15.64
