NAME : sz-16-prob_type-direct_dist-prob-0.25-fee_type-direct_prob-fee-3.2
TYPE : TSP
DIMENSION : 16
EDGE_WEIGHT_TYPE : EUC_2D
NODE_COORD_SECTION
1 0.00 0.00
2 -48.70 -20.21
3 40.68 52.98
4 -31.22 -66.73
5 -8.89 -65.46
6 68.47 1.96
7 -44.86 55.84
8 -36.92 51.12
9 52.02 -64.33
10 -11.62 89.62
11 -31.02 -69.99
12 18.08 9.71
13 49.04 -78.95
14 69.22 -2.04
15 49.88 16.99
16 -9.80 -88.58
ACCEPTED_PROBABILITIES
0.00
0.26
0.40
0.12
0.15
0.34
0.28
0.40
0.26
0.19
0.35
0.27
0.26
0.35
0.26
0.42
OUTSOURCING_COSTS
0.00
9.69
19.69
0.21
2.39
15.53
11.42
20.18
10.05
4.67
16.51
10.35
10.25
16.32
10.01
21.12
