NAME : sz-14-prob_type-uniform-prob-0.05-fee_type-direct_prob-fee-3.4
TYPE : TSP
DIMENSION : 14
EDGE_WEIGHT_TYPE : EUC_2D
NODE_COORD_SECTION
1 0.00 0.00
2 -89.97 -14.49
3 -21.07 23.07
4 76.62 14.01
5 -94.31 -11.38
6 -43.08 39.43
7 18.54 -15.41
8 -58.61 15.83
9 -75.22 59.54
10 54.13 54.97
11 32.53 93.63
12 76.38 -17.14
13 24.58 -36.57
14 -11.81 68.91
ACCEPTED_PROBABILITIES
0.00
0.08
0.03
0.00
0.09
0.06
0.05
0.09
0.04
0.05
0.07
0.04
0.00
0.02
OUTSOURCING_COSTS
0.00
20.93
7.29
0.26
25.89
16.88
14.89
25.28
10.52
14.97
18.81
11.20
1.09
5.37
