NAME : sz-14-prob_type-uniform-prob-0.55-fee_type-direct_prob-fee-2.5
TYPE : TSP
DIMENSION : 14
EDGE_WEIGHT_TYPE : EUC_2D
NODE_COORD_SECTION
1 0.00 0.00
2 18.49 -86.76
3 -97.76 -11.99
4 -39.84 -29.21
5 -6.22 67.88
6 -77.61 22.68
7 -65.14 -66.17
8 10.25 87.34
9 -34.39 -57.68
10 1.66 -56.92
11 33.70 -42.37
12 30.31 -45.02
13 3.04 -50.02
14 88.67 12.27
ACCEPTED_PROBABILITIES
0.00
0.59
0.51
0.50
0.52
0.59
0.57
0.59
0.52
0.59
0.58
0.56
0.51
0.54
OUTSOURCING_COSTS
0.00
18.62
1.37
0.19
4.37
19.01
14.55
19.04
4.26
17.91
17.52
11.82
2.57
9.08
