NAME : sz-18-prob_type-direct_dist-prob-0.25-fee_type-inverse_prob-fee-3.1
TYPE : TSP
DIMENSION : 18
EDGE_WEIGHT_TYPE : EUC_2D
NODE_COORD_SECTION
1 0.00 0.00
2 76.68 -60.35
3 57.26 27.82
4 -90.00 -13.30
5 -12.18 92.36
6 -35.80 -54.97
7 55.21 -73.63
8 84.58 34.10
9 -33.99 -1.11
10 19.27 -14.76
11 -14.16 56.73
12 8.45 -83.18
13 15.24 -25.42
14 61.78 19.35
15 -4.57 -50.18
16 7.16 -57.15
17 -19.50 -34.48
18 -28.99 -30.82
ACCEPTED_PROBABILITIES
0.00
0.29
0.36
0.16
0.16
0.30
0.02
0.31
0.33
0.19
0.21
0.22
0.26
0.26
0.35
0.22
0.30
0.26
OUTSOURCING_COSTS
0.00
3.71
0.18
10.84
10.77
3.09
18.05
2.77
1.23
9.08
7.88
7.68
5.51
5.08
0.20
7.24
2.99
5.26
