NAME : sz-15-prob_type-uniform-prob-0.10-fee_type-inverse_prob-fee-2.9
TYPE : TSP
DIMENSION : 15
EDGE_WEIGHT_TYPE : EUC_2D
NODE_COORD_SECTION
1 0.00 0.00
2 -79.16 -51.01
3 -42.03 -88.15
4 20.87 31.66
5 23.05 54.87
6 25.54 2.57
7 40.39 -43.98
8 1.71 -67.57
9 -11.93 60.53
10 30.81 89.11
11 70.22 -63.84
12 82.38 46.43
13 -61.71 -71.37
14 -17.59 10.16
15 -50.22 84.90
ACCEPTED_PROBABILITIES
0.00
0.05
0.13
0.14
0.07
0.07
0.09
0.14
0.06
0.12
0.06
0.10
0.14
0.11
0.11
OUTSOURCING_COSTS
0.00
20.51
2.51
0.21
15.71
15.89
13.24
1.58
19.72
4.44
18.70
9.10
0.21
8.23
7.18
