NAME : sz-16-prob_type-uniform-prob-0.50-fee_type-inverse_prob-fee-2.6
TYPE : TSP
DIMENSION : 16
EDGE_WEIGHT_TYPE : EUC_2D
NODE_COORD_SECTION
1 0.00 0.00
2 84.58 -10.90
3 38.29 -90.86
4 -4.58 59.84
5 9.82 -44.15
6 12.29 -16.92
7 81.93 -11.10
8 76.05 -9.20
9 26.63 -51.25
10 -53.51 -48.92
11 -13.27 -55.33
12 23.15 -64.77
13 -81.27 31.82
14 79.32 9.47
15 -27.79 92.63
16 45.90 -54.00
ACCEPTED_PROBABILITIES
0.00
0.51
0.49
0.51
0.53
0.46
0.54
0.50
0.48
0.49
0.45
0.46
0.54
0.54
0.46
0.48
OUTSOURCING_COSTS
0.00
6.59
10.55
6.12
2.13
15.41
1.44
7.80
12.89
10.84
17.16
16.72
1.58
0.17
15.65
11.53
