NAME : sz-15-prob_type-inverse_dist-prob-0.50-fee_type-inverse_prob-fee-2.5
TYPE : TSP
DIMENSION : 15
EDGE_WEIGHT_TYPE : EUC_2D
NODE_COORD_SECTION
1 0.00 0.00
2 -7.19 -26.37
3 -33.12 -84.79
4 47.18 -25.26
5 -34.45 -48.80
6 -66.08 52.74
7 -68.22 63.00
8 7.45 66.41
9 51.38 78.91
10 49.33 -84.87
11 -30.93 -72.31
12 -2.88 35.09
13 33.79 -27.30
14 -23.94 27.20
15 -31.88 -21.41
ACCEPTED_PROBABILITIES
0.00
0.47
0.51
0.46
0.54
0.48
0.50
0.50
0.49
0.50
0.49
0.47
0.57
0.46
0.38
OUTSOURCING_COSTS
0.00
9.60
6.01
10.55
2.73
8.85
6.78
6.70
7.95
6.49
7.29
9.37
0.18
10.38
17.68
