NAME : sz-18-prob_type-uniform-prob-0.05-fee_type-direct_prob-fee-2.6
TYPE : TSP
DIMENSION : 18
EDGE_WEIGHT_TYPE : EUC_2D
NODE_COORD_SECTION
1 0.00 0.00
2 31.85 33.82
3 53.78 84.01
4 26.88 22.77
5 -41.00 -2.94
6 -89.11 4.31
7 -7.41 15.13
8 47.28 -15.24
9 14.69 -19.15
10 -37.90 -52.65
11 8.50 7.13
12 -54.09 16.77
13 48.31 -65.81
14 -45.45 80.61
15 -70.09 -26.11
16 -86.73 48.78
17 -35.86 14.07
18 -31.15 -75.31
ACCEPTED_PROBABILITIES
0.00
0.03
0.03
0.03
0.05
0.01
0.03
0.00
0.03
0.05
0.08
0.04
0.04
0.03
0.05
0.08
0.08
0.08
OUTSOURCING_COSTS
0.00
5.79
5.69
4.85
8.86
2.55
4.73
0.15
6.13
9.47
15.14
7.71
7.34
5.63
10.31
15.13
14.70
15.14
