NAME : sz-19-prob_type-direct_dist-prob-0.25-fee_type-inverse_prob-fee-3.5
TYPE : TSP
DIMENSION : 19
EDGE_WEIGHT_TYPE : EUC_2D
NODE_COORD_SECTION
1 0.00 0.00
2 -39.46 72.18
3 -30.12 93.96
4 31.70 -67.46
5 6.40 65.06
6 -34.08 -51.91
7 -43.22 -56.07
8 -34.65 -38.91
9 68.29 19.69
10 69.89 59.57
11 -66.69 -36.76
12 -10.89 -43.45
13 -36.51 -41.90
14 -52.23 17.71
15 30.05 -4.00
16 -26.58 -15.17
17 26.15 -27.49
18 22.96 -55.01
19 -32.35 70.17
ACCEPTED_PROBABILITIES
0.00
0.29
0.28
0.19
0.29
0.28
0.08
0.22
0.25
0.09
0.38
0.16
0.17
0.22
0.20
0.26
0.32
0.34
0.39
OUTSOURCING_COSTS
0.00
6.60
7.08
12.31
6.55
7.05
19.25
10.45
8.65
18.91
0.83
14.58
13.87
10.58
11.86
8.24
4.43
3.50
0.19
