NAME : sz-18-prob_type-uniform-prob-0.15-fee_type-inverse_prob
TYPE : TSP
DIMENSION : 18
EDGE_WEIGHT_TYPE : EUC_2D
NODE_COORD_SECTION
1 0.00 0.00
2 41.64 -39.18
3 6.12 -35.77
4 -27.66 90.42
5 65.70 -68.73
6 30.63 -85.87
7 86.62 -20.53
8 69.17 10.90
9 10.91 -15.97
10 -5.19 -14.86
11 65.05 6.27
12 51.92 43.41
13 -36.12 8.83
14 -69.15 24.48
15 88.84 14.73
16 34.70 -54.78
17 -10.61 -94.57
18 -95.78 -28.44
ACCEPTED_PROBABILITIES
0.00
0.14
0.17
0.12
0.10
0.11
0.11
0.11
0.19
0.19
0.19
0.11
0.15
0.14
0.14
0.15
0.18
0.15
OUTSOURCING_COSTS
0.00
10.29
4.87
14.52
17.47
15.82
16.61
17.10
0.63
0.30
0.18
17.03
8.68
11.44
10.89
8.45
3.01
9.07
