NAME : sz-19-prob_type-uniform-prob-0.30-fee_type-direct_prob-fee-3.3
TYPE : TSP
DIMENSION : 19
EDGE_WEIGHT_TYPE : EUC_2D
NODE_COORD_SECTION
1 0.00 0.00
2 -37.71 -4.37
3 2.47 -53.07
4 -4.19 -56.64
5 89.99 -35.90
6 -50.40 8.11
7 34.25 -75.48
8 -77.64 47.11
9 15.50 46.42
10 -24.48 71.84
11 -15.76 78.17
12 -40.70 -17.94
13 -50.90 44.20
14 -14.50 -85.13
15 77.96 14.29
16 80.06 43.59
17 3.46 49.65
18 6.88 68.46
19 83.48 -31.61
ACCEPTED_PROBABILITIES
0.00
0.29
0.31
0.26
0.25
0.26
0.29
0.30
0.25
0.33
0.30
0.27
0.26
0.29
0.33
0.29
0.34
0.27
0.30
OUTSOURCING_COSTS
0.00
8.76
12.08
1.16
0.30
1.11
8.00
11.12
0.18
16.22
10.10
4.48
1.39
7.04
15.89
8.01
18.15
4.60
10.02
