NAME : sz-17-prob_type-inverse_dist-prob-0.50-fee_type-direct_prob-fee-3.1
TYPE : TSP
DIMENSION : 17
EDGE_WEIGHT_TYPE : EUC_2D
NODE_COORD_SECTION
1 0.00 0.00
2 7.69 49.57
3 68.60 -46.19
4 3.62 4.46
5 64.32 -56.04
6 -24.89 -1.94
7 20.23 18.88
8 -15.10 51.85
9 58.89 -49.31
10 23.43 -32.13
11 14.17 -16.26
12 -11.59 -21.90
13 33.11 53.47
14 11.93 61.87
15 37.51 26.38
16 -71.62 -15.66
17 -66.63 -67.55
ACCEPTED_PROBABILITIES
0.00
0.54
0.48
0.29
0.47
0.47
0.68
0.58
0.53
0.63
0.42
0.68
0.59
0.44
0.61
0.52
0.50
OUTSOURCING_COSTS
0.00
12.47
9.40
0.19
8.76
8.77
19.18
14.43
11.85
16.66
6.18
19.18
14.75
7.42
16.15
11.50
10.13
