NAME : sz-18-prob_type-uniform-prob-0.35-fee_type-inverse_prob-fee-3.4
TYPE : TSP
DIMENSION : 18
EDGE_WEIGHT_TYPE : EUC_2D
NODE_COORD_SECTION
1 0.00 0.00
2 23.59 -8.01
3 -44.30 -13.62
4 -2.79 9.70
5 11.68 -97.27
6 17.57 89.98
7 -26.14 86.63
8 -35.50 31.58
9 27.30 77.74
10 3.75 -54.56
11 66.31 39.24
12 -96.80 10.52
13 -24.29 -56.47
14 36.84 35.75
15 29.20 -64.47
16 -26.47 -42.60
17 -35.82 86.35
18 -39.42 -46.64
ACCEPTED_PROBABILITIES
0.00
0.35
0.34
0.36
0.39
0.39
0.35
0.39
0.31
0.32
0.32
0.33
0.32
0.38
0.40
0.38
0.34
0.34
OUTSOURCING_COSTS
0.00
11.59
13.40
7.87
2.01
2.52
11.23
1.80
19.80
16.67
17.04
15.49
17.70
4.26
0.20
4.08
13.19
13.39
