NAME : sz-18-prob_type-uniform-prob-0.25-fee_type-direct_prob-fee-2.8
TYPE : TSP
DIMENSION : 18
EDGE_WEIGHT_TYPE : EUC_2D
NODE_COORD_SECTION
1 0.00 0.00
2 2.84 -94.04
3 23.96 0.38
4 41.74 -25.62
5 -16.01 -13.00
6 -16.41 55.07
7 77.34 10.37
8 8.07 10.33
9 34.68 -76.13
10 68.17 -5.59
11 -53.62 38.86
12 2.41 -27.79
13 -76.90 -23.71
14 23.10 -34.07
15 -13.32 -59.05
16 27.82 81.03
17 52.73 48.96
18 0.90 59.78
ACCEPTED_PROBABILITIES
0.00
0.29
0.26
0.26
0.21
0.26
0.24
0.24
0.21
0.26
0.24
0.29
0.22
0.30
0.24
0.26
0.29
0.23
OUTSOURCING_COSTS
0.00
15.55
10.17
8.96
0.16
10.16
6.66
5.21
1.23
9.15
5.94
14.36
2.30
16.31
5.91
10.44
15.73
3.97
