NAME : sz-18-prob_type-uniform-prob-0.15-fee_type-direct_prob-fee-3.5
TYPE : TSP
DIMENSION : 18
EDGE_WEIGHT_TYPE : EUC_2D
NODE_COORD_SECTION
1 0.00 0.00
2 -35.97 18.85
3 -49.82 57.01
4 -53.33 27.75
5 -38.31 19.90
6 0.72 -36.32
7 30.92 94.62
8 -25.90 94.78
9 -30.20 38.93
10 -44.08 86.88
11 66.34 -64.13
12 -74.25 34.51
13 -62.03 -13.13
14 27.73 19.51
15 -1.28 -43.48
16 17.14 46.16
17 84.78 -34.16
18 44.57 -71.39
ACCEPTED_PROBABILITIES
0.00
0.19
0.19
0.19
0.10
0.20
0.13
0.14
0.17
0.10
0.19
0.10
0.15
0.17
0.11
0.10
0.10
0.14
OUTSOURCING_COSTS
0.00
19.80
20.29
18.92
0.21
20.38
6.97
9.23
16.04
0.21
20.26
0.62
10.95
15.43
1.67
0.29
0.21
7.53
