NAME : sz-19-prob_type-uniform-prob-0.40-fee_type-inverse_prob-fee-2.6
TYPE : TSP
DIMENSION : 19
EDGE_WEIGHT_TYPE : EUC_2D
NODE_COORD_SECTION
1 0.00 0.00
2 7.97 -18.93
3 -8.26 52.80
4 4.43 37.35
5 -57.70 68.91
6 59.33 53.07
7 -34.55 80.58
8 -60.72 71.39
9 34.74 46.18
10 -47.68 -49.58
11 85.68 5.91
12 18.80 52.31
13 -43.04 -88.78
14 36.61 -80.06
15 73.81 33.73
16 -70.31 -47.97
17 77.59 39.43
18 -51.33 8.03
19 67.52 55.98
ACCEPTED_PROBABILITIES
0.00
0.44
0.40
0.36
0.45
0.37
0.37
0.44
0.36
0.41
0.41
0.44
0.36
0.39
0.41
0.35
0.44
0.36
0.39
OUTSOURCING_COSTS
0.00
0.82
8.14
14.15
0.14
12.33
12.40
1.11
12.77
5.57
5.61
0.99
13.19
9.39
5.63
14.30
1.27
13.97
8.38
