NAME : sz-16-prob_type-uniform-prob-0.15-fee_type-direct_prob-fee-3.5
TYPE : TSP
DIMENSION : 16
EDGE_WEIGHT_TYPE : EUC_2D
NODE_COORD_SECTION
1 0.00 0.00
2 -99.61 -5.19
3 44.13 -77.05
4 -13.21 -79.60
5 46.27 -48.54
6 21.48 -86.30
7 -57.95 33.17
8 61.00 -5.18
9 -63.29 50.21
10 -12.24 -98.98
11 16.33 18.41
12 -5.92 59.06
13 88.63 12.26
14 -35.92 58.62
15 36.74 -48.71
16 -25.24 29.39
ACCEPTED_PROBABILITIES
0.00
0.14
0.18
0.14
0.18
0.12
0.15
0.11
0.14
0.14
0.19
0.18
0.10
0.14
0.12
0.14
OUTSOURCING_COSTS
0.00
11.17
22.46
10.55
22.40
4.43
12.44
2.83
10.14
11.85
23.10
22.98
0.23
10.84
5.53
9.53
