NAME : sz-15-prob_type-uniform-prob-0.25-fee_type-inverse_prob-fee-2.7
TYPE : TSP
DIMENSION : 15
EDGE_WEIGHT_TYPE : EUC_2D
NODE_COORD_SECTION
1 0.00 0.00
2 76.92 -48.57
3 51.84 -9.34
4 6.66 69.66
5 1.01 -67.52
6 -76.24 29.98
7 -21.31 -2.95
8 -94.18 8.83
9 -41.70 -12.28
10 -39.42 -6.63
11 50.80 66.75
12 -32.72 -14.17
13 57.74 13.27
14 -71.31 -19.26
15 4.12 -69.22
ACCEPTED_PROBABILITIES
0.00
0.21
0.21
0.24
0.27
0.25
0.25
0.26
0.28
0.28
0.29
0.29
0.28
0.24
0.21
OUTSOURCING_COSTS
0.00
18.83
19.09
12.13
5.62
9.81
10.73
7.81
3.90
3.80
0.19
0.22
2.18
12.15
18.49
