NAME : sz-14-prob_type-uniform-prob-0.55-fee_type-direct_prob-fee-2.7
TYPE : TSP
DIMENSION : 14
EDGE_WEIGHT_TYPE : EUC_2D
NODE_COORD_SECTION
1 0.00 0.00
2 -79.02 -29.59
3 25.88 -42.98
4 23.23 91.07
5 -90.68 -29.49
6 69.96 -1.62
7 -5.04 -40.14
8 -51.21 60.81
9 24.96 -59.94
10 76.77 61.99
11 12.68 -25.45
12 55.40 68.60
13 -64.11 -9.67
14 43.78 53.01
ACCEPTED_PROBABILITIES
0.00
0.54
0.53
0.51
0.58
0.51
0.52
0.55
0.52
0.51
0.60
0.57
0.50
0.51
OUTSOURCING_COSTS
0.00
8.92
5.75
1.16
16.39
2.37
4.78
9.71
4.21
1.75
20.56
14.20
0.21
2.16
