NAME : sz-19-prob_type-uniform-prob-0.05-fee_type-inverse_prob-fee-2.7
TYPE : TSP
DIMENSION : 19
EDGE_WEIGHT_TYPE : EUC_2D
NODE_COORD_SECTION
1 0.00 0.00
2 5.71 53.21
3 33.28 -9.03
4 -14.15 18.81
5 -38.79 54.18
6 3.15 83.67
7 -14.55 95.71
8 68.05 43.08
9 -41.17 -82.59
10 -99.11 11.32
11 -82.82 48.21
12 -3.67 37.59
13 69.59 -8.24
14 60.08 73.04
15 12.94 48.62
16 -35.59 -75.05
17 -43.56 -64.15
18 73.68 6.03
19 20.61 -67.60
ACCEPTED_PROBABILITIES
0.00
0.04
0.07
0.09
0.08
0.07
0.01
0.07
0.09
0.09
0.10
0.05
0.06
0.01
0.07
0.08
0.02
0.01
0.02
OUTSOURCING_COSTS
0.00
9.45
4.25
1.58
2.42
4.44
14.01
4.19
1.86
1.31
0.15
8.57
5.85
14.08
5.53
3.61
13.52
14.85
13.43
