NAME : sz-19-prob_type-uniform-prob-0.60-fee_type-direct_prob-fee-2.5
TYPE : TSP
DIMENSION : 19
EDGE_WEIGHT_TYPE : EUC_2D
NODE_COORD_SECTION
1 0.00 0.00
2 -21.26 -63.37
3 76.25 33.94
4 61.59 57.93
5 -30.87 -10.09
6 78.59 -5.53
7 29.03 25.75
8 84.79 33.27
9 -87.14 28.50
10 -84.25 -27.90
11 12.69 -73.54
12 17.10 80.14
13 30.88 -78.57
14 55.79 -61.43
15 -69.40 -19.05
16 -44.20 -75.13
17 50.14 53.03
18 -12.17 94.64
19 -36.57 17.90
ACCEPTED_PROBABILITIES
0.00
0.63
0.63
0.56
0.63
0.57
0.59
0.60
0.57
0.64
0.55
0.64
0.56
0.60
0.61
0.56
0.63
0.56
0.56
OUTSOURCING_COSTS
0.00
11.43
12.36
1.83
11.99
2.46
5.47
7.66
3.14
12.50
0.14
13.75
0.74
7.40
9.19
1.34
11.91
0.68
1.84
