NAME : sz-14-prob_type-inverse_dist-prob-0.50-fee_type-direct_prob-fee-2.7
TYPE : TSP
DIMENSION : 14
EDGE_WEIGHT_TYPE : EUC_2D
NODE_COORD_SECTION
1 0.00 0.00
2 0.15 -57.17
3 -52.53 19.79
4 -79.96 -43.96
5 19.47 -41.33
6 83.58 25.41
7 -20.49 -52.18
8 -53.02 51.52
9 52.62 83.59
10 -60.47 9.40
11 -68.83 -30.87
12 -60.73 -7.63
13 -46.08 32.33
14 25.39 1.29
ACCEPTED_PROBABILITIES
0.00
0.58
0.60
0.49
0.45
0.49
0.58
0.50
0.50
0.48
0.48
0.49
0.40
0.35
OUTSOURCING_COSTS
0.00
19.07
20.56
12.15
9.04
12.30
19.09
12.68
12.66
10.72
10.89
12.06
4.40
0.21
