NAME : sz-19-prob_type-direct_dist-prob-0.50-fee_type-inverse_prob-fee-3.2
TYPE : TSP
DIMENSION : 19
EDGE_WEIGHT_TYPE : EUC_2D
NODE_COORD_SECTION
1 0.00 0.00
2 -25.26 -17.33
3 62.76 -4.24
4 40.78 60.52
5 9.01 -41.48
6 -18.51 97.18
7 42.25 59.84
8 16.63 28.83
9 22.76 65.72
10 -12.48 -53.98
11 -7.36 80.35
12 -7.14 -65.29
13 52.57 25.78
14 -59.18 55.46
15 -9.43 -40.05
16 14.71 95.40
17 57.92 -50.75
18 2.47 62.94
19 -66.32 22.39
ACCEPTED_PROBABILITIES
0.00
0.53
0.44
0.56
0.60
0.29
0.47
0.44
0.65
0.51
0.33
0.36
0.43
0.61
0.54
0.52
0.38
0.52
0.41
OUTSOURCING_COSTS
0.00
6.19
10.55
4.63
2.52
17.60
9.24
10.24
0.18
7.08
15.93
14.57
11.10
1.95
5.56
6.34
13.60
6.79
12.07
