NAME : sz-19-prob_type-uniform-prob-0.30-fee_type-inverse_prob
TYPE : TSP
DIMENSION : 19
EDGE_WEIGHT_TYPE : EUC_2D
NODE_COORD_SECTION
1 0.00 0.00
2 6.90 97.11
3 53.13 -23.71
4 58.58 57.65
5 32.03 27.22
6 -66.75 11.01
7 -87.66 44.58
8 46.40 10.67
9 -24.70 8.04
10 -78.25 47.42
11 -63.14 -42.51
12 45.10 86.07
13 35.18 15.96
14 76.11 -1.08
15 -68.03 -2.98
16 -13.31 -77.85
17 -56.34 37.17
18 59.11 -36.23
19 -19.47 74.41
ACCEPTED_PROBABILITIES
0.00
0.29
0.27
0.34
0.26
0.30
0.30
0.34
0.29
0.26
0.26
0.32
0.34
0.29
0.28
0.32
0.26
0.34
0.26
OUTSOURCING_COSTS
0.00
10.56
14.09
1.28
16.50
8.90
7.70
0.51
10.76
16.47
16.25
4.27
0.17
9.60
13.24
5.58
16.50
0.17
16.24
