NAME : sz-17-prob_type-uniform-prob-0.35-fee_type-direct_prob-fee-3.3
TYPE : TSP
DIMENSION : 17
EDGE_WEIGHT_TYPE : EUC_2D
NODE_COORD_SECTION
1 0.00 0.00
2 77.69 -47.05
3 4.40 94.87
4 3.85 52.17
5 -48.55 32.48
6 50.65 33.03
7 -21.00 -75.00
8 -23.16 -17.09
9 56.38 10.24
10 -40.33 61.65
11 -55.84 -16.18
12 -24.36 43.32
13 30.26 -58.08
14 -13.44 28.05
15 -48.82 -71.56
16 -20.23 -45.02
17 -2.87 26.39
ACCEPTED_PROBABILITIES
0.00
0.30
0.33
0.36
0.38
0.31
0.38
0.40
0.32
0.32
0.37
0.36
0.37
0.30
0.37
0.31
0.33
OUTSOURCING_COSTS
0.00
0.21
5.55
11.46
15.76
1.59
17.05
20.42
3.04
4.70
13.72
12.39
15.69
0.21
14.04
1.96
6.88
