NAME : sz-14-prob_type-uniform-prob-0.05-fee_type-inverse_prob-fee-3.3
TYPE : TSP
DIMENSION : 14
EDGE_WEIGHT_TYPE : EUC_2D
NODE_COORD_SECTION
1 0.00 0.00
2 -36.08 -70.06
3 56.03 23.27
4 -27.88 11.29
5 -26.01 -15.89
6 56.32 8.59
7 -23.34 -81.16
8 -50.76 84.69
9 -19.25 33.80
10 26.85 25.29
11 -73.94 54.23
12 37.23 1.87
13 63.28 59.97
14 93.18 27.76
ACCEPTED_PROBABILITIES
0.00
0.02
0.05
0.04
0.08
0.08
0.06
0.09
0.07
0.08
0.05
0.03
0.07
0.08
OUTSOURCING_COSTS
0.00
25.13
13.58
18.77
3.86
3.35
12.72
0.25
7.33
3.35
15.79
23.31
9.65
5.50
