NAME : sz-16-prob_type-uniform-prob-0.55-fee_type-inverse_prob-fee-3.1
TYPE : TSP
DIMENSION : 16
EDGE_WEIGHT_TYPE : EUC_2D
NODE_COORD_SECTION
1 0.00 0.00
2 22.66 -58.97
3 -62.76 -52.00
4 82.06 39.45
5 -67.19 -49.76
6 73.17 12.46
7 -7.62 90.78
8 66.78 -13.19
9 -7.35 15.62
10 -37.28 -6.59
11 3.26 -52.79
12 58.82 51.58
13 -59.83 -11.56
14 76.13 6.96
15 30.20 -50.59
16 37.74 -38.08
ACCEPTED_PROBABILITIES
0.00
0.54
0.51
0.52
0.55
0.58
0.57
0.51
0.56
0.57
0.58
0.56
0.51
0.54
0.57
0.55
OUTSOURCING_COSTS
0.00
11.00
20.27
17.80
8.61
0.21
0.69
20.46
6.46
1.85
0.21
4.62
20.06
11.51
2.03
7.41
