NAME : sz-14-prob_type-uniform-prob-0.30-fee_type-direct_prob-fee-3.2
TYPE : TSP
DIMENSION : 14
EDGE_WEIGHT_TYPE : EUC_2D
NODE_COORD_SECTION
1 0.00 0.00
2 64.45 -27.67
3 -10.75 -33.61
4 68.65 59.55
5 12.50 87.48
6 18.86 55.79
7 28.97 68.08
8 -26.43 -48.32
9 43.95 0.32
10 -21.85 41.20
11 45.84 86.63
12 72.23 3.21
13 -50.02 -79.06
14 -92.32 -7.24
ACCEPTED_PROBABILITIES
0.00
0.32
0.26
0.31
0.32
0.33
0.32
0.29
0.31
0.26
0.30
0.30
0.34
0.31
OUTSOURCING_COSTS
0.00
18.37
1.59
15.68
17.52
21.05
17.48
8.57
15.07
0.25
11.60
13.97
24.37
14.23
