NAME : sz-14-prob_type-uniform-prob-0.45-fee_type-direct_prob-fee-2.7
TYPE : TSP
DIMENSION : 14
EDGE_WEIGHT_TYPE : EUC_2D
NODE_COORD_SECTION
1 0.00 0.00
2 -20.39 44.10
3 -21.19 39.73
4 86.90 5.78
5 -70.42 -2.45
6 -53.20 -39.07
7 21.88 57.62
8 -73.67 53.44
9 -41.36 -45.41
10 40.65 50.61
11 81.26 15.37
12 23.99 -9.52
13 -62.07 -54.55
14 21.35 97.23
ACCEPTED_PROBABILITIES
0.00
0.49
0.42
0.42
0.49
0.45
0.45
0.48
0.41
0.45
0.42
0.43
0.46
0.46
OUTSOURCING_COSTS
0.00
19.28
1.91
3.36
20.56
9.34
10.16
16.55
0.21
11.18
1.53
5.83
11.57
13.40
