NAME : sz-18-prob_type-uniform-prob-0.40-fee_type-inverse_prob-fee-3.2
TYPE : TSP
DIMENSION : 18
EDGE_WEIGHT_TYPE : EUC_2D
NODE_COORD_SECTION
1 0.00 0.00
2 -49.02 -47.68
3 23.86 -56.80
4 9.11 -78.36
5 32.81 36.46
6 42.11 50.00
7 57.89 -66.54
8 -22.08 -71.37
9 -86.89 21.03
10 21.89 -67.79
11 -26.10 45.42
12 20.31 -88.14
13 27.69 -51.51
14 -9.76 -88.58
15 74.16 -17.88
16 -55.27 -58.07
17 -18.33 -0.27
18 -14.09 -83.89
ACCEPTED_PROBABILITIES
0.00
0.37
0.41
0.40
0.43
0.44
0.37
0.37
0.42
0.38
0.39
0.39
0.36
0.35
0.44
0.37
0.45
0.36
OUTSOURCING_COSTS
0.00
14.29
7.75
8.21
3.62
2.32
14.27
15.60
5.32
12.66
10.50
10.70
16.19
18.64
2.10
14.45
0.19
17.65
