NAME : sz-14-prob_type-inverse_dist-prob-0.50-fee_type-direct_prob
TYPE : TSP
DIMENSION : 14
EDGE_WEIGHT_TYPE : EUC_2D
NODE_COORD_SECTION
1 0.00 0.00
2 -87.42 -25.11
3 37.41 -85.61
4 65.91 50.11
5 54.83 -4.92
6 25.59 73.79
7 59.09 68.59
8 -58.34 -61.49
9 40.81 -43.35
10 9.39 49.65
11 41.39 2.29
12 -49.01 4.98
13 -13.96 24.17
14 0.78 -62.22
ACCEPTED_PROBABILITIES
0.00
0.48
0.50
0.47
0.59
0.49
0.51
0.46
0.47
0.48
0.57
0.45
0.38
0.50
OUTSOURCING_COSTS
0.00
11.64
13.72
9.86
22.85
12.67
14.27
9.16
10.31
10.91
21.89
7.95
0.23
13.42
