NAME : sz-18-prob_type-uniform-prob-0.25-fee_type-direct_prob-fee-2.5
TYPE : TSP
DIMENSION : 18
EDGE_WEIGHT_TYPE : EUC_2D
NODE_COORD_SECTION
1 0.00 0.00
2 59.87 4.19
3 32.82 41.10
4 33.74 14.53
5 48.79 71.35
6 -14.76 91.76
7 56.67 45.07
8 9.75 69.11
9 78.84 53.05
10 -81.28 53.47
11 -15.99 -72.80
12 49.37 18.13
13 -9.78 57.48
14 -15.98 -78.31
15 91.11 -6.64
16 -29.86 89.05
17 -20.20 -11.03
18 45.07 52.04
ACCEPTED_PROBABILITIES
0.00
0.21
0.30
0.29
0.23
0.22
0.26
0.25
0.28
0.20
0.22
0.29
0.22
0.27
0.28
0.22
0.26
0.28
OUTSOURCING_COSTS
0.00
1.15
14.56
14.22
3.87
2.85
8.68
6.83
12.10
0.15
3.66
13.11
2.57
11.40
12.53
3.60
9.81
12.39
