NAME : sz-15-prob_type-uniform-prob-0.35-fee_type-inverse_prob-fee-3.4
TYPE : TSP
DIMENSION : 15
EDGE_WEIGHT_TYPE : EUC_2D
NODE_COORD_SECTION
1 0.00 0.00
2 16.10 -72.02
3 1.93 9.80
4 -79.06 -53.21
5 -68.72 -54.35
6 -33.65 -31.33
7 36.62 43.06
8 67.06 3.74
9 52.68 -51.50
10 -7.73 -76.27
11 55.78 0.41
12 58.31 -33.26
13 -24.42 -4.41
14 11.02 22.14
15 -17.95 33.97
ACCEPTED_PROBABILITIES
0.00
0.40
0.36
0.38
0.39
0.34
0.39
0.39
0.31
0.36
0.34
0.38
0.31
0.37
0.31
OUTSOURCING_COSTS
0.00
0.24
11.46
4.28
2.60
14.67
2.20
1.64
23.32
9.06
16.08
4.59
24.04
7.11
23.35
