NAME : sz-15-prob_type-uniform-prob-0.55-fee_type-inverse_prob-fee-2.8
TYPE : TSP
DIMENSION : 15
EDGE_WEIGHT_TYPE : EUC_2D
NODE_COORD_SECTION
1 0.00 0.00
2 -40.03 50.13
3 -34.67 67.86
4 19.10 33.63
5 -37.76 -20.67
6 29.32 -83.63
7 46.26 -78.54
8 -24.89 -25.60
9 -61.45 5.13
10 37.06 2.23
11 -62.85 20.09
12 90.84 -20.46
13 -25.89 -90.27
14 -72.85 -36.12
15 -42.52 23.00
ACCEPTED_PROBABILITIES
0.00
0.51
0.60
0.55
0.53
0.54
0.59
0.56
0.59
0.53
0.57
0.59
0.52
0.57
0.57
OUTSOURCING_COSTS
0.00
19.80
0.20
9.86
15.31
13.00
1.88
8.08
2.31
14.37
7.09
1.42
18.18
6.77
5.78
