NAME : sz-18-prob_type-uniform-prob-0.45-fee_type-inverse_prob-fee-2.7
TYPE : TSP
DIMENSION : 18
EDGE_WEIGHT_TYPE : EUC_2D
NODE_COORD_SECTION
1 0.00 0.00
2 -14.87 28.07
3 23.23 -1.10
4 26.56 57.28
5 -37.02 -79.72
6 -14.34 -22.82
7 44.57 16.32
8 -43.72 -13.80
9 3.84 33.96
10 81.45 28.53
11 -19.59 17.84
12 -1.86 59.94
13 -42.08 71.32
14 -50.59 -85.45
15 13.64 -70.23
16 -23.27 -48.87
17 -56.77 8.33
18 86.54 4.44
ACCEPTED_PROBABILITIES
0.00
0.49
0.48
0.40
0.42
0.48
0.49
0.41
0.45
0.48
0.48
0.43
0.44
0.41
0.42
0.46
0.44
0.44
OUTSOURCING_COSTS
0.00
0.34
1.47
15.72
13.30
0.81
0.16
14.57
7.21
2.29
1.58
11.50
8.65
14.94
11.68
6.16
8.84
9.34
