NAME : sz-15-prob_type-uniform-prob-0.10-fee_type-inverse_prob-fee-3.1
TYPE : TSP
DIMENSION : 15
EDGE_WEIGHT_TYPE : EUC_2D
NODE_COORD_SECTION
1 0.00 0.00
2 -60.40 -52.58
3 -29.88 -90.84
4 -7.71 22.41
5 32.73 -17.81
6 19.99 16.87
7 89.16 -35.63
8 -16.32 95.07
9 32.54 28.66
10 40.83 68.64
11 -14.30 6.97
12 -24.77 -23.38
13 70.21 14.62
14 36.57 36.77
15 -22.86 0.89
ACCEPTED_PROBABILITIES
0.00
0.08
0.08
0.13
0.11
0.09
0.11
0.06
0.14
0.14
0.13
0.12
0.12
0.09
0.10
OUTSOURCING_COSTS
0.00
16.62
15.39
1.66
8.67
13.38
7.92
21.92
0.86
0.22
1.79
5.58
5.78
12.23
9.11
