NAME : sz-15-prob_type-direct_dist-prob-0.50-fee_type-direct_prob-fee-3.2
TYPE : TSP
DIMENSION : 15
EDGE_WEIGHT_TYPE : EUC_2D
NODE_COORD_SECTION
1 0.00 0.00
2 35.10 -5.53
3 -89.88 -35.45
4 -42.05 -63.13
5 -69.96 -51.29
6 56.62 25.53
7 30.84 -79.03
8 93.54 -12.78
9 64.67 33.18
10 -34.62 70.65
11 17.27 -46.85
12 -22.48 -35.85
13 -64.85 -42.86
14 -80.57 -49.94
15 42.39 4.88
ACCEPTED_PROBABILITIES
0.00
0.50
0.72
0.41
0.32
0.61
0.31
0.27
0.39
0.65
0.40
0.55
0.48
0.36
0.44
OUTSOURCING_COSTS
0.00
11.69
22.63
7.16
2.31
17.32
1.91
0.23
6.11
19.52
6.27
14.24
10.67
4.55
8.36
