NAME : sz-16-prob_type-direct_dist-prob-0.25-fee_type-inverse_prob-fee-3.4
TYPE : TSP
DIMENSION : 16
EDGE_WEIGHT_TYPE : EUC_2D
NODE_COORD_SECTION
1 0.00 0.00
2 73.79 -63.02
3 28.20 68.38
4 -41.69 71.74
5 24.54 -47.35
6 -62.21 35.90
7 -4.33 12.34
8 -96.61 10.08
9 43.59 58.27
10 -56.05 -3.88
11 97.43 -16.73
12 61.77 54.07
13 8.03 -5.73
14 8.44 61.48
15 -5.28 -43.27
16 -55.39 -36.28
ACCEPTED_PROBABILITIES
0.00
0.21
0.34
0.33
0.16
0.16
0.26
0.05
0.24
0.28
0.31
0.46
0.25
0.26
0.16
0.17
OUTSOURCING_COSTS
0.00
13.57
6.66
6.88
16.76
16.43
10.85
22.44
12.09
9.99
8.01
0.23
11.19
10.88
16.28
15.77
