NAME : sz-19-prob_type-direct_dist-prob-0.50-fee_type-direct_prob-fee-3.3
TYPE : TSP
DIMENSION : 19
EDGE_WEIGHT_TYPE : EUC_2D
NODE_COORD_SECTION
1 0.00 0.00
2 19.81 77.27
3 -40.80 68.19
4 -81.97 -27.60
5 97.45 22.18
6 -30.84 64.17
7 29.05 68.14
8 47.09 3.50
9 -4.20 58.19
10 -32.20 -51.15
11 86.04 -12.62
12 3.73 -49.86
13 -40.47 -77.88
14 -70.24 -23.21
15 8.86 59.81
16 9.07 -97.25
17 44.01 -62.80
18 -88.07 14.96
19 -13.66 -98.91
ACCEPTED_PROBABILITIES
0.00
0.32
0.36
0.36
0.70
0.41
0.37
0.45
0.55
0.52
0.48
0.48
0.35
0.32
0.42
0.63
0.59
0.65
0.45
OUTSOURCING_COSTS
0.00
0.18
1.70
2.12
18.15
4.17
2.42
6.04
11.21
9.62
7.75
7.63
1.22
0.18
5.01
15.12
13.03
15.85
6.43
