NAME : sz-19-prob_type-uniform-prob-0.10-fee_type-direct_prob-fee-2.7
TYPE : TSP
DIMENSION : 19
EDGE_WEIGHT_TYPE : EUC_2D
NODE_COORD_SECTION
1 0.00 0.00
2 33.09 -26.64
3 -52.70 -57.69
4 62.17 6.73
5 30.20 -36.07
6 -3.17 38.05
7 -10.16 -91.49
8 9.68 -85.89
9 -28.21 -53.49
10 -15.25 65.58
11 -25.84 -41.88
12 60.49 37.59
13 60.58 -40.83
14 39.51 -66.26
15 -13.86 14.06
16 69.85 63.60
17 30.16 31.75
18 72.77 -58.65
19 -66.96 8.00
ACCEPTED_PROBABILITIES
0.00
0.12
0.10
0.09
0.08
0.13
0.13
0.11
0.07
0.14
0.08
0.06
0.06
0.09
0.10
0.13
0.06
0.09
0.10
OUTSOURCING_COSTS
0.00
10.14
8.01
5.16
4.61
12.20
12.35
9.59
2.70
14.85
3.32
1.02
0.41
5.26
7.67
12.97
0.15
4.96
8.25
