NAME : sz-14-prob_type-inverse_dist-prob-0.50-fee_type-inverse_prob-fee-3.3
TYPE : TSP
DIMENSION : 14
EDGE_WEIGHT_TYPE : EUC_2D
NODE_COORD_SECTION
1 0.00 0.00
2 56.90 -57.57
3 62.52 19.12
4 -40.59 90.35
5 93.81 30.72
6 47.35 78.26
7 -71.87 -17.99
8 67.82 58.91
9 63.97 -13.57
10 -21.98 -7.36
11 -90.03 -27.30
12 9.49 -51.88
13 25.80 1.49
14 -88.20 23.76
ACCEPTED_PROBABILITIES
0.00
0.52
0.54
0.50
0.50
0.52
0.45
0.50
0.44
0.65
0.49
0.49
0.45
0.50
OUTSOURCING_COSTS
0.00
15.54
13.64
18.33
18.47
15.86
24.34
18.46
25.13
0.25
19.34
19.12
24.46
17.90
