NAME : sz-14-prob_type-inverse_dist-prob-0.50-fee_type-direct_prob-fee-3.2
TYPE : TSP
DIMENSION : 14
EDGE_WEIGHT_TYPE : EUC_2D
NODE_COORD_SECTION
1 0.00 0.00
2 78.63 -24.53
3 -23.57 -0.91
4 9.63 49.81
5 -82.61 51.14
6 36.28 -51.93
7 -75.13 47.07
8 -28.43 -44.32
9 -63.03 9.06
10 93.38 4.52
11 -40.37 44.75
12 2.95 -71.84
13 -91.66 -6.29
14 40.60 -51.59
ACCEPTED_PROBABILITIES
0.00
0.51
0.35
0.43
0.49
0.43
0.48
0.42
0.54
0.50
0.50
0.53
0.49
0.58
OUTSOURCING_COSTS
0.00
17.49
0.25
9.02
15.58
8.32
13.47
6.99
20.41
15.81
15.75
19.83
15.18
24.37
