NAME : sz-16-prob_type-uniform-prob-0.45-fee_type-inverse_prob-fee-3.1
TYPE : TSP
DIMENSION : 16
EDGE_WEIGHT_TYPE : EUC_2D
NODE_COORD_SECTION
1 0.00 0.00
2 -25.11 -70.62
3 -31.41 -59.35
4 -40.61 -44.19
5 -58.86 9.68
6 70.42 -41.98
7 34.20 63.69
8 -44.77 46.43
9 -64.58 16.26
10 53.68 65.27
11 -48.21 -34.19
12 22.06 9.72
13 -10.66 71.68
14 22.79 -50.59
15 -30.48 -62.73
16 7.57 50.73
ACCEPTED_PROBABILITIES
0.00
0.41
0.46
0.41
0.42
0.49
0.42
0.44
0.42
0.47
0.44
0.41
0.49
0.45
0.47
0.45
OUTSOURCING_COSTS
0.00
20.46
7.22
19.34
17.76
1.25
16.60
11.99
17.66
5.55
11.86
19.00
0.21
9.12
5.01
10.06
