NAME : sz-18-prob_type-uniform-prob-0.55-fee_type-inverse_prob-fee-2.5
TYPE : TSP
DIMENSION : 18
EDGE_WEIGHT_TYPE : EUC_2D
NODE_COORD_SECTION
1 0.00 0.00
2 -47.20 59.86
3 -24.37 91.90
4 -17.11 -68.75
5 -93.07 20.78
6 -97.70 -9.17
7 62.62 -20.21
8 57.44 -59.78
9 -0.13 -88.87
10 -6.86 -1.95
11 73.27 30.52
12 -83.45 -41.09
13 69.43 12.31
14 -57.89 25.87
15 -30.95 74.64
16 -33.93 -62.60
17 34.07 49.40
18 -53.18 40.51
ACCEPTED_PROBABILITIES
0.00
0.52
0.59
0.52
0.54
0.57
0.54
0.53
0.52
0.60
0.53
0.60
0.57
0.54
0.51
0.54
0.53
0.55
OUTSOURCING_COSTS
0.00
12.06
1.92
12.64
9.29
4.11
9.33
10.22
12.42
0.15
11.38
0.15
4.83
9.11
14.56
10.01
10.29
7.70
