NAME : sz-17-prob_type-uniform-prob-0.60-fee_type-direct_prob-fee-2.9
TYPE : TSP
DIMENSION : 17
EDGE_WEIGHT_TYPE : EUC_2D
NODE_COORD_SECTION
1 0.00 0.00
2 -55.90 -57.75
3 86.00 -28.96
4 24.40 -68.43
5 -38.74 10.46
6 -29.80 83.46
7 -16.90 -53.61
8 -71.50 8.48
9 -61.89 27.97
10 -78.02 52.85
11 1.68 -75.65
12 66.99 -33.59
13 -26.62 43.56
14 -25.68 -38.34
15 -73.11 45.07
16 67.81 37.67
17 10.91 9.60
ACCEPTED_PROBABILITIES
0.00
0.60
0.57
0.64
0.61
0.64
0.63
0.59
0.61
0.62
0.58
0.60
0.56
0.60
0.58
0.64
0.60
OUTSOURCING_COSTS
0.00
8.71
2.04
17.94
11.83
17.36
16.01
6.32
10.56
12.45
3.64
9.74
0.18
7.76
5.18
17.94
9.30
