NAME : sz-18-prob_type-uniform-prob-0.25-fee_type-inverse_prob-fee-3.3
TYPE : TSP
DIMENSION : 18
EDGE_WEIGHT_TYPE : EUC_2D
NODE_COORD_SECTION
1 0.00 0.00
2 -2.39 -13.24
3 8.46 -22.54
4 -9.91 -38.37
5 -10.98 45.16
6 -34.74 -47.29
7 8.37 57.46
8 62.18 -71.09
9 20.35 -81.44
10 23.61 75.08
11 -10.85 18.04
12 48.99 60.77
13 -42.29 60.98
14 87.49 -7.42
15 67.38 -67.94
16 -35.32 -3.75
17 4.68 -58.86
18 -4.76 -86.25
ACCEPTED_PROBABILITIES
0.00
0.23
0.27
0.29
0.22
0.24
0.21
0.29
0.23
0.25
0.26
0.21
0.25
0.28
0.22
0.29
0.22
0.27
OUTSOURCING_COSTS
0.00
15.66
4.32
0.19
15.99
11.46
19.22
0.90
13.71
10.92
7.05
18.12
9.16
2.93
17.42
0.19
15.86
5.46
