NAME : sz-14-prob_type-inverse_dist-prob-0.25-fee_type-direct_prob-fee-2.5
TYPE : TSP
DIMENSION : 14
EDGE_WEIGHT_TYPE : EUC_2D
NODE_COORD_SECTION
1 0.00 0.00
2 25.18 78.97
3 -66.19 22.29
4 31.71 77.61
5 46.28 74.73
6 49.29 44.71
7 -53.41 47.26
8 -77.40 18.83
9 23.10 -11.79
10 -16.60 -79.97
11 30.43 -25.52
12 65.15 -34.86
13 45.07 -29.34
14 -68.18 -39.02
ACCEPTED_PROBABILITIES
0.00
0.25
0.21
0.25
0.24
0.27
0.27
0.29
0.43
0.20
0.11
0.27
0.25
0.24
OUTSOURCING_COSTS
0.00
8.41
6.11
8.49
7.90
10.05
9.98
11.19
19.04
5.88
0.19
9.69
8.88
8.26
