NAME : sz-17-prob_type-uniform-prob-0.05-fee_type-direct_prob-fee-2.5
TYPE : TSP
DIMENSION : 17
EDGE_WEIGHT_TYPE : EUC_2D
NODE_COORD_SECTION
1 0.00 0.00
2 -13.31 -64.94
3 25.42 41.29
4 -69.31 38.53
5 -12.73 -38.35
6 7.28 -27.65
7 -1.01 79.90
8 2.53 4.96
9 -13.02 80.52
10 -11.62 7.93
11 93.62 -9.40
12 -28.11 -29.54
13 -29.48 22.69
14 15.19 -4.42
15 -87.37 46.27
16 20.12 75.04
17 93.14 33.77
ACCEPTED_PROBABILITIES
0.00
0.10
0.01
0.05
0.07
0.08
0.09
0.09
0.05
0.04
0.04
0.07
0.09
0.10
0.05
0.05
0.04
OUTSOURCING_COSTS
0.00
15.47
0.16
6.78
10.60
12.53
14.32
14.06
8.05
5.93
5.05
11.34
14.25
15.47
7.82
7.29
5.87
