NAME : sz-16-prob_type-uniform-prob-0.10-fee_type-direct_prob-fee-2.8
TYPE : TSP
DIMENSION : 16
EDGE_WEIGHT_TYPE : EUC_2D
NODE_COORD_SECTION
1 0.00 0.00
2 7.04 -30.97
3 -50.71 10.85
4 56.31 -25.84
5 30.07 68.13
6 6.32 79.35
7 40.99 -15.85
8 -12.38 78.87
9 82.25 -8.66
10 -55.71 -30.68
11 -48.83 28.00
12 43.13 -46.08
13 95.14 28.67
14 78.30 -35.43
15 -14.93 -65.94
16 -84.63 -6.28
ACCEPTED_PROBABILITIES
0.00
0.13
0.09
0.15
0.14
0.14
0.15
0.08
0.11
0.07
0.10
0.13
0.14
0.06
0.13
0.10
OUTSOURCING_COSTS
0.00
15.64
6.47
18.48
17.06
16.53
18.48
5.00
11.45
3.27
8.25
15.36
16.65
0.19
14.81
8.63
