NAME : sz-19-prob_type-uniform-prob-0.40-fee_type-direct_prob-fee-3.1
TYPE : TSP
DIMENSION : 19
EDGE_WEIGHT_TYPE : EUC_2D
NODE_COORD_SECTION
1 0.00 0.00
2 -40.00 29.72
3 85.88 -40.31
4 -9.68 68.72
5 29.69 61.57
6 91.27 -3.91
7 -22.36 48.17
8 29.43 32.16
9 4.02 -74.78
10 55.67 -36.75
11 26.42 -36.56
12 41.12 43.08
13 -29.40 -53.93
14 -86.37 -42.76
15 35.75 -52.05
16 75.67 37.02
17 20.77 -70.15
18 35.48 90.32
19 98.69 -5.84
ACCEPTED_PROBABILITIES
0.00
0.42
0.35
0.44
0.42
0.43
0.44
0.39
0.36
0.36
0.39
0.44
0.39
0.43
0.38
0.35
0.36
0.40
0.35
OUTSOURCING_COSTS
0.00
13.12
0.17
15.86
13.62
15.60
17.05
7.12
2.37
1.67
6.70
17.05
7.25
15.69
5.53
0.48
2.25
8.40
0.17
