NAME : sz-14-prob_type-uniform-prob-0.35-fee_type-direct_prob-fee-2.5
TYPE : TSP
DIMENSION : 14
EDGE_WEIGHT_TYPE : EUC_2D
NODE_COORD_SECTION
1 0.00 0.00
2 -44.56 -79.86
3 87.51 18.98
4 -29.12 85.90
5 -25.06 1.23
6 66.55 15.75
7 59.67 -34.41
8 51.69 46.38
9 68.05 -40.27
10 -21.47 0.89
11 40.41 4.07
12 -33.58 42.80
13 -71.84 12.67
14 28.87 -81.81
ACCEPTED_PROBABILITIES
0.00
0.36
0.39
0.38
0.34
0.36
0.31
0.40
0.32
0.31
0.39
0.35
0.34
0.33
OUTSOURCING_COSTS
0.00
12.10
17.41
14.82
7.99
10.83
1.69
19.04
3.12
0.19
16.91
8.74
7.10
4.66
