NAME : sz-16-prob_type-inverse_dist-prob-0.50-fee_type-inverse_prob
TYPE : TSP
DIMENSION : 16
EDGE_WEIGHT_TYPE : EUC_2D
NODE_COORD_SECTION
1 0.00 0.00
2 59.56 79.45
3 -36.39 -87.11
4 -50.54 -71.34
5 -35.21 -22.75
6 74.30 22.07
7 -46.72 -62.24
8 -27.19 35.13
9 46.09 -43.88
10 -26.48 84.86
11 62.17 -71.35
12 -36.96 76.75
13 -50.75 12.01
14 -3.30 6.58
15 52.45 20.96
16 -52.70 28.48
ACCEPTED_PROBABILITIES
0.00
0.50
0.50
0.49
0.50
0.45
0.45
0.56
0.42
0.49
0.49
0.48
0.59
0.65
0.45
0.46
OUTSOURCING_COSTS
0.00
13.36
13.64
14.19
13.28
17.49
17.65
7.94
19.80
14.37
14.08
15.20
5.08
0.20
18.09
17.13
