NAME : sz-17-prob_type-uniform-prob-0.60-fee_type-inverse_prob-fee-2.9
TYPE : TSP
DIMENSION : 17
EDGE_WEIGHT_TYPE : EUC_2D
NODE_COORD_SECTION
1 0.00 0.00
2 36.65 -83.78
3 -90.80 21.52
4 -66.03 0.69
5 -91.60 -26.00
6 24.35 31.16
7 -25.77 -48.07
8 42.07 -25.12
9 12.95 54.93
10 4.21 31.14
11 -59.71 -11.23
12 54.26 -59.09
13 -50.77 -49.36
14 -74.19 -19.56
15 -86.87 30.21
16 1.85 49.74
17 57.54 15.32
ACCEPTED_PROBABILITIES
0.00
0.57
0.61
0.64
0.59
0.62
0.61
0.62
0.58
0.63
0.61
0.60
0.64
0.56
0.63
0.56
0.65
OUTSOURCING_COSTS
0.00
17.21
7.81
1.61
12.67
5.93
7.26
6.58
13.71
4.87
8.35
10.38
1.14
17.94
3.41
17.94
0.18
