NAME : sz-19-prob_type-direct_dist-prob-0.50-fee_type-direct_prob
TYPE : TSP
DIMENSION : 19
EDGE_WEIGHT_TYPE : EUC_2D
NODE_COORD_SECTION
1 0.00 0.00
2 -91.88 -26.06
3 -66.25 -51.99
4 12.73 86.81
5 92.19 -12.66
6 17.82 -54.35
7 -26.15 -81.05
8 43.16 -27.40
9 -74.71 -12.87
10 -74.31 -23.92
11 82.65 -5.89
12 52.50 63.63
13 14.71 -9.78
14 -50.67 84.01
15 -8.14 -52.65
16 -51.07 -58.82
17 14.57 53.54
18 77.64 59.52
19 22.81 75.53
ACCEPTED_PROBABILITIES
0.00
0.40
0.60
0.40
0.35
0.56
0.55
0.60
0.57
0.46
0.42
0.69
0.51
0.64
0.63
0.45
0.42
0.47
0.68
OUTSOURCING_COSTS
0.00
2.68
12.50
2.45
0.17
10.33
10.05
12.37
11.14
5.53
3.64
16.50
8.12
14.40
13.81
5.11
3.44
6.14
16.18
