NAME : sz-18-prob_type-uniform-prob-0.40-fee_type-inverse_prob-fee-2.6
TYPE : TSP
DIMENSION : 18
EDGE_WEIGHT_TYPE : EUC_2D
NODE_COORD_SECTION
1 0.00 0.00
2 -41.68 68.98
3 -27.59 34.94
4 86.57 -33.36
5 70.01 -70.58
6 -24.20 49.57
7 -36.21 -45.16
8 -39.61 62.08
9 31.83 -10.13
10 -80.43 46.78
11 -82.33 44.95
12 -53.23 30.22
13 67.09 -64.62
14 -24.63 11.32
15 -82.26 -30.81
16 -28.37 9.38
17 -37.51 -75.29
18 -40.43 -56.16
ACCEPTED_PROBABILITIES
0.00
0.45
0.39
0.38
0.41
0.44
0.40
0.37
0.40
0.42
0.38
0.44
0.35
0.39
0.43
0.44
0.36
0.44
OUTSOURCING_COSTS
0.00
0.15
9.84
11.31
6.89
2.16
7.52
12.87
7.84
4.74
10.35
0.76
15.14
9.95
2.60
1.47
14.70
1.19
