NAME : sz-16-prob_type-uniform-prob-0.45-fee_type-inverse_prob
TYPE : TSP
DIMENSION : 16
EDGE_WEIGHT_TYPE : EUC_2D
NODE_COORD_SECTION
1 0.00 0.00
2 43.97 26.27
3 -10.75 -93.69
4 19.62 -34.59
5 19.11 18.67
6 -15.35 -73.89
7 66.61 -28.30
8 -13.67 1.91
9 -88.44 9.23
10 -53.58 -6.78
11 -6.02 -85.58
12 9.13 -56.16
13 -6.09 6.74
14 65.59 69.48
15 54.01 58.09
16 62.45 -8.72
ACCEPTED_PROBABILITIES
0.00
0.45
0.49
0.49
0.42
0.42
0.41
0.49
0.46
0.43
0.47
0.40
0.46
0.47
0.45
0.49
OUTSOURCING_COSTS
0.00
8.54
0.50
0.20
15.87
15.31
17.58
0.20
7.64
13.85
4.92
19.80
8.36
4.21
9.00
1.88
