NAME : sz-19-prob_type-uniform-prob-0.30-fee_type-inverse_prob-fee-3.3
TYPE : TSP
DIMENSION : 19
EDGE_WEIGHT_TYPE : EUC_2D
NODE_COORD_SECTION
1 0.00 0.00
2 -8.15 7.63
3 24.77 32.32
4 -83.77 -12.61
5 3.59 48.08
6 68.45 -51.79
7 35.03 78.97
8 29.78 8.16
9 24.52 25.03
10 -9.50 -44.12
11 -26.52 -49.60
12 -25.08 -26.21
13 65.70 -48.12
14 -0.79 25.95
15 -59.73 -23.72
16 66.38 55.97
17 -64.94 59.14
18 -24.19 -27.68
19 -41.45 -5.67
ACCEPTED_PROBABILITIES
0.00
0.28
0.31
0.32
0.29
0.31
0.30
0.27
0.28
0.30
0.26
0.33
0.30
0.30
0.28
0.30
0.28
0.28
0.31
OUTSOURCING_COSTS
0.00
14.02
4.65
2.98
10.09
4.93
7.40
16.65
12.29
8.23
18.15
0.18
8.26
7.83
14.23
6.42
14.00
13.34
5.24
