NAME : sz-16-prob_type-uniform-prob-0.10-fee_type-inverse_prob-fee-3.4
TYPE : TSP
DIMENSION : 16
EDGE_WEIGHT_TYPE : EUC_2D
NODE_COORD_SECTION
1 0.00 0.00
2 49.43 -4.84
3 44.44 40.52
4 -23.95 31.44
5 53.25 -4.03
6 17.86 -20.71
7 3.33 11.56
8 -25.07 54.89
9 -39.79 -27.37
10 12.71 -85.63
11 52.82 79.03
12 -55.19 22.00
13 31.45 34.47
14 85.36 11.77
15 -10.79 7.74
16 1.66 7.36
ACCEPTED_PROBABILITIES
0.00
0.10
0.14
0.15
0.14
0.12
0.14
0.06
0.10
0.08
0.15
0.14
0.10
0.14
0.10
0.06
OUTSOURCING_COSTS
0.00
11.12
1.81
1.00
1.34
8.16
1.77
21.51
13.20
16.19
0.23
3.36
12.83
3.10
11.63
22.44
