NAME : sz-19-prob_type-uniform-prob-0.60-fee_type-inverse_prob-fee-3.1
TYPE : TSP
DIMENSION : 19
EDGE_WEIGHT_TYPE : EUC_2D
NODE_COORD_SECTION
1 0.00 0.00
2 88.84 12.64
3 74.83 49.04
4 -73.46 36.41
5 13.73 -9.60
6 66.27 -16.59
7 18.78 71.86
8 4.55 4.26
9 68.55 -63.27
10 79.90 -22.13
11 -48.77 -47.51
12 -73.97 21.25
13 -71.05 -7.66
14 65.77 -4.29
15 17.80 82.85
16 -37.46 -16.94
17 1.42 -20.08
18 77.22 -10.32
19 51.76 5.27
ACCEPTED_PROBABILITIES
0.00
0.57
0.57
0.56
0.62
0.57
0.55
0.64
0.59
0.60
0.62
0.59
0.55
0.59
0.58
0.58
0.56
0.64
0.56
OUTSOURCING_COSTS
0.00
12.70
13.45
15.71
4.19
13.14
16.92
0.46
9.91
8.79
3.34
10.48
17.05
9.05
10.73
12.30
15.41
0.17
15.09
