NAME : sz-16-prob_type-inverse_dist-prob-0.50-fee_type-inverse_prob-fee-2.5
TYPE : TSP
DIMENSION : 16
EDGE_WEIGHT_TYPE : EUC_2D
NODE_COORD_SECTION
1 0.00 0.00
2 -24.03 11.65
3 3.32 83.03
4 63.78 -68.65
5 66.64 66.48
6 57.50 14.44
7 0.76 -17.02
8 -70.03 -12.21
9 -72.79 67.81
10 70.30 -16.10
11 -58.09 69.04
12 29.22 87.61
13 -26.13 2.56
14 41.20 55.56
15 -37.14 1.45
16 59.32 -32.90
ACCEPTED_PROBABILITIES
0.00
0.60
0.47
0.48
0.50
0.46
0.34
0.48
0.50
0.53
0.48
0.49
0.64
0.48
0.38
0.55
OUTSOURCING_COSTS
0.00
2.26
9.12
8.57
7.64
9.65
16.50
8.61
7.69
5.79
8.59
8.16
0.17
8.55
14.37
4.90
