NAME : sz-18-prob_type-uniform-prob-0.45-fee_type-inverse_prob-fee-3.5
TYPE : TSP
DIMENSION : 18
EDGE_WEIGHT_TYPE : EUC_2D
NODE_COORD_SECTION
1 0.00 0.00
2 45.98 -19.27
3 -39.23 -66.06
4 45.14 -78.19
5 -30.28 -36.68
6 -81.97 51.77
7 -18.89 89.42
8 75.58 0.51
9 46.32 70.38
10 26.07 -61.80
11 -23.16 75.49
12 -44.80 61.80
13 -73.57 6.45
14 -9.68 15.86
15 -59.71 -6.78
16 -76.15 -14.21
17 63.00 24.48
18 19.93 -26.26
ACCEPTED_PROBABILITIES
0.00
0.40
0.45
0.49
0.41
0.41
0.48
0.44
0.44
0.44
0.46
0.44
0.40
0.47
0.41
0.40
0.45
0.45
OUTSOURCING_COSTS
0.00
19.78
10.09
0.21
19.33
18.62
2.68
12.62
12.72
11.60
7.88
11.16
20.38
6.08
19.16
20.38
9.76
9.70
