NAME : sz-19-prob_type-uniform-prob-0.45-fee_type-inverse_prob-fee-3.2
TYPE : TSP
DIMENSION : 19
EDGE_WEIGHT_TYPE : EUC_2D
NODE_COORD_SECTION
1 0.00 0.00
2 -2.92 89.05
3 -52.10 -11.99
4 7.30 75.84
5 -35.12 3.30
6 -50.52 -12.22
7 39.55 3.74
8 29.37 19.76
9 36.36 18.56
10 -16.08 82.39
11 11.14 -36.98
12 35.26 -59.24
13 75.24 49.74
14 -48.62 -23.68
15 43.79 59.65
16 28.25 21.33
17 91.59 -13.49
18 29.83 -38.90
19 9.12 79.65
ACCEPTED_PROBABILITIES
0.00
0.44
0.42
0.43
0.40
0.42
0.49
0.42
0.40
0.46
0.50
0.45
0.46
0.44
0.40
0.44
0.44
0.43
0.47
OUTSOURCING_COSTS
0.00
10.23
13.73
11.76
17.60
14.30
1.19
15.17
17.11
7.25
0.18
8.42
7.22
11.44
17.60
10.41
10.27
12.92
5.75
