NAME : sz-18-prob_type-direct_dist-prob-0.50-fee_type-direct_prob-fee-2.8
TYPE : TSP
DIMENSION : 18
EDGE_WEIGHT_TYPE : EUC_2D
NODE_COORD_SECTION
1 0.00 0.00
2 9.89 73.07
3 -35.30 -36.45
4 46.10 10.34
5 -54.71 35.34
6 20.85 30.09
7 -9.96 -79.11
8 92.81 18.10
9 57.53 -60.17
10 -64.13 -34.64
11 1.63 82.06
12 38.38 -23.19
13 -4.31 -24.09
14 66.00 60.93
15 18.48 55.49
16 90.55 33.84
17 12.43 33.81
18 -68.57 -10.46
ACCEPTED_PROBABILITIES
0.00
0.59
0.46
0.52
0.51
0.56
0.66
0.55
0.50
0.60
0.37
0.41
0.49
0.62
0.63
0.71
0.50
0.63
OUTSOURCING_COSTS
0.00
10.70
4.21
7.39
6.50
9.25
13.89
8.41
6.31
10.98
0.16
2.00
5.58
12.09
12.64
16.31
6.32
12.51
