NAME : sz-14-prob_type-uniform-prob-0.30-fee_type-direct_prob-fee-3.4
TYPE : TSP
DIMENSION : 14
EDGE_WEIGHT_TYPE : EUC_2D
NODE_COORD_SECTION
1 0.00 0.00
2 46.69 35.41
3 6.55 -78.84
4 2.03 -20.55
5 -60.74 40.71
6 51.31 23.79
7 -5.83 -92.09
8 66.25 5.99
9 -18.15 -94.94
10 -80.78 -45.07
11 4.49 -92.32
12 -16.81 -68.25
13 -56.20 0.16
14 -22.57 -76.01
ACCEPTED_PROBABILITIES
0.00
0.25
0.34
0.34
0.29
0.34
0.27
0.27
0.27
0.33
0.29
0.31
0.32
0.33
OUTSOURCING_COSTS
0.00
0.26
24.94
23.64
11.05
25.89
4.41
4.79
4.73
22.48
11.15
15.47
19.88
23.50
