NAME : sz-14-prob_type-uniform-prob-0.60-fee_type-direct_prob
TYPE : TSP
DIMENSION : 14
EDGE_WEIGHT_TYPE : EUC_2D
NODE_COORD_SECTION
1 0.00 0.00
2 -87.00 10.49
3 -58.74 78.60
4 60.70 -53.91
5 61.70 -11.65
6 -38.54 -14.26
7 -29.49 65.44
8 -48.62 -23.28
9 11.60 -28.31
10 73.57 -39.51
11 -64.88 18.62
12 72.71 -18.36
13 84.09 -21.74
14 -92.08 32.64
ACCEPTED_PROBABILITIES
0.00
0.65
0.59
0.63
0.57
0.58
0.61
0.58
0.62
0.61
0.56
0.60
0.62
0.59
OUTSOURCING_COSTS
0.00
22.85
8.03
18.23
3.00
7.13
13.90
7.13
16.21
13.24
0.23
11.80
15.38
9.34
