NAME : sz-15-prob_type-uniform-prob-0.20-fee_type-direct_prob-fee-2.8
TYPE : TSP
DIMENSION : 15
EDGE_WEIGHT_TYPE : EUC_2D
NODE_COORD_SECTION
1 0.00 0.00
2 57.09 13.27
3 -35.59 7.24
4 20.09 71.53
5 33.26 20.38
6 -0.33 83.83
7 86.39 -20.43
8 -17.24 -38.86
9 69.16 11.64
10 -23.20 -23.02
11 78.60 6.66
12 13.62 32.44
13 -49.05 -66.61
14 6.67 23.20
15 90.98 -40.61
ACCEPTED_PROBABILITIES
0.00
0.20
0.19
0.17
0.17
0.25
0.16
0.19
0.18
0.22
0.20
0.15
0.17
0.20
0.22
OUTSOURCING_COSTS
0.00
10.83
8.61
3.05
3.19
19.80
2.43
7.27
6.65
13.35
9.11
0.20
3.05
9.59
14.14
