NAME : sz-14-prob_type-uniform-prob-0.15-fee_type-direct_prob-fee-2.6
TYPE : TSP
DIMENSION : 14
EDGE_WEIGHT_TYPE : EUC_2D
NODE_COORD_SECTION
1 0.00 0.00
2 -19.32 -1.22
3 -15.74 98.29
4 31.46 -27.50
5 33.11 83.55
6 58.07 28.13
7 34.41 -30.68
8 -35.99 -60.01
9 -32.72 -86.97
10 -34.76 24.48
11 -33.45 0.13
12 -2.57 -7.07
13 31.98 -50.95
14 -57.29 9.80
ACCEPTED_PROBABILITIES
0.00
0.11
0.11
0.15
0.17
0.12
0.20
0.13
0.15
0.15
0.10
0.18
0.15
0.13
OUTSOURCING_COSTS
0.00
2.11
1.53
10.00
14.01
4.07
19.80
5.75
10.25
10.06
0.20
16.90
10.84
5.09
