NAME : sz-18-prob_type-uniform-prob-0.40-fee_type-direct_prob-fee-2.7
TYPE : TSP
DIMENSION : 18
EDGE_WEIGHT_TYPE : EUC_2D
NODE_COORD_SECTION
1 0.00 0.00
2 91.07 18.60
3 -35.88 60.16
4 -96.30 -16.94
5 -52.02 -46.69
6 76.59 15.38
7 5.89 87.92
8 38.15 -34.38
9 47.67 87.44
10 34.27 -53.67
11 -27.51 -59.21
12 -43.92 -34.59
13 -83.86 -49.80
14 22.33 -80.67
15 -53.33 -68.92
16 -52.02 -68.72
17 -9.11 -35.75
18 22.69 42.51
ACCEPTED_PROBABILITIES
0.00
0.35
0.43
0.44
0.39
0.39
0.40
0.41
0.35
0.39
0.44
0.35
0.41
0.39
0.44
0.36
0.41
0.39
OUTSOURCING_COSTS
0.00
0.24
13.60
15.72
6.60
6.99
8.22
9.28
0.63
6.04
14.53
0.16
9.70
7.12
15.36
1.59
9.97
6.32
