NAME : sz-15-prob_type-uniform-prob-0.55-fee_type-inverse_prob-fee-3.2
TYPE : TSP
DIMENSION : 15
EDGE_WEIGHT_TYPE : EUC_2D
NODE_COORD_SECTION
1 0.00 0.00
2 10.30 -25.65
3 3.76 52.80
4 75.11 3.39
5 -77.80 -39.64
6 88.83 20.10
7 -74.09 33.21
8 26.69 38.58
9 -36.25 88.62
10 -76.61 -59.67
11 -3.59 -92.58
12 35.42 -14.84
13 -13.03 30.13
14 27.50 77.09
15 65.22 66.37
ACCEPTED_PROBABILITIES
0.00
0.57
0.51
0.58
0.50
0.55
0.56
0.56
0.50
0.52
0.58
0.57
0.56
0.52
0.53
OUTSOURCING_COSTS
0.00
2.63
21.64
0.23
22.63
8.02
4.28
4.73
22.63
17.70
0.81
2.48
4.35
18.04
14.68
