NAME : sz-14-prob_type-uniform-prob-0.20-fee_type-direct_prob-fee-2.8
TYPE : TSP
DIMENSION : 14
EDGE_WEIGHT_TYPE : EUC_2D
NODE_COORD_SECTION
1 0.00 0.00
2 1.38 32.36
3 8.62 -67.54
4 41.09 43.77
5 0.29 71.88
6 -48.16 -69.39
7 -25.36 86.94
8 50.92 -72.05
9 -63.44 -56.17
10 -67.10 63.50
11 -40.93 48.15
12 -16.66 -36.37
13 20.79 -65.21
14 13.33 3.77
ACCEPTED_PROBABILITIES
0.00
0.23
0.19
0.18
0.24
0.15
0.18
0.22
0.19
0.22
0.25
0.15
0.23
0.17
OUTSOURCING_COSTS
0.00
19.00
9.62
6.80
20.11
0.26
7.03
15.93
8.47
14.92
21.32
0.22
18.99
3.92
