NAME : sz-16-prob_type-inverse_dist-prob-0.25-fee_type-inverse_prob-fee-2.8
TYPE : TSP
DIMENSION : 16
EDGE_WEIGHT_TYPE : EUC_2D
NODE_COORD_SECTION
1 0.00 0.00
2 -40.12 -46.86
3 -6.96 -88.08
4 -20.37 -83.95
5 33.32 -73.16
6 86.04 33.42
7 -6.82 -36.21
8 -13.06 37.14
9 75.64 -24.88
10 62.22 58.06
11 -33.23 79.33
12 -66.77 -66.81
13 78.79 -21.22
14 -81.88 53.38
15 6.84 34.09
16 -24.32 -50.77
ACCEPTED_PROBABILITIES
0.00
0.29
0.27
0.24
0.29
0.23
0.32
0.16
0.21
0.28
0.23
0.25
0.23
0.25
0.29
0.24
OUTSOURCING_COSTS
0.00
3.91
5.54
9.75
3.72
10.36
0.19
18.48
12.36
4.45
10.73
8.42
10.88
8.31
3.60
9.62
