NAME : sz-14-prob_type-uniform-prob-0.45-fee_type-inverse_prob-fee-3.4
TYPE : TSP
DIMENSION : 14
EDGE_WEIGHT_TYPE : EUC_2D
NODE_COORD_SECTION
1 0.00 0.00
2 87.66 46.71
3 -3.47 -26.06
4 61.25 -10.52
5 -22.32 -57.57
6 -66.79 -15.17
7 61.25 10.21
8 -69.49 64.28
9 72.04 -39.95
10 60.30 58.13
11 33.38 82.97
12 -75.65 -28.92
13 0.83 9.01
14 -3.95 91.50
ACCEPTED_PROBABILITIES
0.00
0.48
0.42
0.44
0.49
0.45
0.41
0.41
0.41
0.45
0.45
0.43
0.49
0.47
OUTSOURCING_COSTS
0.00
4.34
22.89
16.50
0.26
12.58
25.89
25.89
24.54
12.13
13.26
18.06
0.58
7.54
