NAME : sz-16-prob_type-uniform-prob-0.50-fee_type-inverse_prob-fee-3.5
TYPE : TSP
DIMENSION : 16
EDGE_WEIGHT_TYPE : EUC_2D
NODE_COORD_SECTION
1 0.00 0.00
2 -13.53 -83.61
3 -40.10 79.69
4 2.57 -68.06
5 -66.13 46.30
6 -70.89 41.21
7 40.12 25.39
8 68.54 -68.93
9 12.69 -59.37
10 -19.02 75.99
11 41.76 -10.25
12 -29.15 21.93
13 88.82 -44.05
14 12.42 -40.76
15 -65.76 -46.48
16 63.93 37.14
ACCEPTED_PROBABILITIES
0.00
0.52
0.55
0.53
0.48
0.48
0.55
0.51
0.51
0.53
0.46
0.51
0.48
0.49
0.55
0.55
OUTSOURCING_COSTS
0.00
7.65
0.99
4.82
17.59
19.02
0.23
10.08
10.69
4.51
23.10
10.26
19.63
17.23
1.08
0.23
