NAME : sz-16-prob_type-uniform-prob-0.30-fee_type-direct_prob-fee-3.4
TYPE : TSP
DIMENSION : 16
EDGE_WEIGHT_TYPE : EUC_2D
NODE_COORD_SECTION
1 0.00 0.00
2 76.68 -30.56
3 -61.21 -7.78
4 56.17 -77.80
5 -48.23 -52.76
6 -6.34 48.64
7 -50.43 81.63
8 69.48 39.78
9 9.42 41.15
10 -26.48 10.17
11 -67.52 -69.96
12 50.79 -32.48
13 22.14 -22.88
14 13.55 67.56
15 -63.28 -56.29
16 -38.92 -60.83
ACCEPTED_PROBABILITIES
0.00
0.31
0.31
0.30
0.34
0.33
0.31
0.33
0.27
0.30
0.31
0.32
0.29
0.28
0.33
0.27
OUTSOURCING_COSTS
0.00
15.55
15.17
11.96
22.44
19.20
15.04
21.16
0.76
11.06
12.14
16.95
5.94
1.94
20.23
0.23
