NAME : sz-19-prob_type-uniform-prob-0.50-fee_type-inverse_prob
TYPE : TSP
DIMENSION : 19
EDGE_WEIGHT_TYPE : EUC_2D
NODE_COORD_SECTION
1 0.00 0.00
2 -17.79 -70.60
3 -79.54 -58.74
4 44.98 -40.83
5 84.99 35.47
6 -45.18 65.69
7 83.80 14.84
8 -66.52 -29.39
9 86.43 -29.67
10 -65.93 -5.51
11 91.05 1.17
12 -19.41 38.75
13 56.49 -43.28
14 -78.50 -37.85
15 27.39 39.31
16 33.96 -90.76
17 -77.00 16.34
18 56.99 -14.26
19 46.94 50.13
ACCEPTED_PROBABILITIES
0.00
0.50
0.47
0.49
0.54
0.55
0.50
0.51
0.48
0.53
0.47
0.50
0.52
0.55
0.48
0.54
0.48
0.45
0.54
OUTSOURCING_COSTS
0.00
7.54
13.27
10.52
1.87
0.45
8.97
7.34
11.63
2.95
14.29
8.98
4.05
0.17
12.39
2.00
11.00
16.50
1.54
