NAME : sz-18-prob_type-uniform-prob-0.35-fee_type-direct_prob-fee-2.6
TYPE : TSP
DIMENSION : 18
EDGE_WEIGHT_TYPE : EUC_2D
NODE_COORD_SECTION
1 0.00 0.00
2 8.38 -80.27
3 92.27 19.99
4 -24.88 33.56
5 -66.43 50.08
6 17.45 69.75
7 -31.90 -51.88
8 -85.25 34.99
9 47.00 -83.17
10 -10.96 -36.95
11 29.19 -80.28
12 80.42 -57.44
13 -82.74 -19.00
14 -25.55 -78.77
15 -54.88 11.64
16 -26.58 61.47
17 -4.66 -45.72
18 40.32 -6.69
ACCEPTED_PROBABILITIES
0.00
0.35
0.34
0.32
0.38
0.37
0.39
0.35
0.32
0.34
0.34
0.39
0.33
0.36
0.38
0.36
0.39
0.38
OUTSOURCING_COSTS
0.00
6.42
5.46
0.88
12.48
10.93
14.94
6.16
0.15
4.19
4.87
14.50
2.97
8.19
13.07
7.95
15.14
12.65
