NAME : sz-18-prob_type-uniform-prob-0.20-fee_type-inverse_prob-fee-3.1
TYPE : TSP
DIMENSION : 18
EDGE_WEIGHT_TYPE : EUC_2D
NODE_COORD_SECTION
1 0.00 0.00
2 6.54 -52.59
3 21.84 47.97
4 -0.73 -90.94
5 -46.55 74.65
6 2.44 -9.24
7 -37.16 -68.12
8 -44.72 -57.62
9 -1.34 83.89
10 76.61 -43.05
11 41.38 3.50
12 -78.66 26.13
13 -83.52 34.13
14 19.85 52.96
15 -7.03 99.24
16 16.90 72.17
17 33.32 84.02
18 93.93 -30.73
ACCEPTED_PROBABILITIES
0.00
0.16
0.21
0.18
0.20
0.21
0.21
0.17
0.19
0.22
0.25
0.19
0.25
0.24
0.20
0.16
0.20
0.18
OUTSOURCING_COSTS
0.00
18.05
7.04
14.82
9.87
7.85
8.55
16.60
12.61
6.07
0.48
12.48
0.18
0.61
10.65
18.05
9.96
13.47
