NAME : sz-14-prob_type-uniform-prob-0.55-fee_type-inverse_prob-fee-3.4
TYPE : TSP
DIMENSION : 14
EDGE_WEIGHT_TYPE : EUC_2D
NODE_COORD_SECTION
1 0.00 0.00
2 55.10 51.31
3 99.17 -12.54
4 72.65 33.21
5 -58.04 55.67
6 64.77 18.53
7 -59.93 29.73
8 -8.01 -41.51
9 98.17 -9.21
10 15.80 -36.71
11 68.07 -41.92
12 -58.31 -72.14
13 -27.92 2.61
14 -1.33 74.72
ACCEPTED_PROBABILITIES
0.00
0.57
0.51
0.51
0.53
0.55
0.59
0.59
0.58
0.59
0.52
0.56
0.57
0.59
OUTSOURCING_COSTS
0.00
6.70
25.89
24.81
18.28
13.20
0.26
1.14
3.45
1.30
20.99
8.47
5.62
0.81
