NAME : sz-16-prob_type-uniform-prob-0.40-fee_type-inverse_prob-fee-2.6
TYPE : TSP
DIMENSION : 16
EDGE_WEIGHT_TYPE : EUC_2D
NODE_COORD_SECTION
1 0.00 0.00
2 -13.61 53.66
3 -72.40 -34.66
4 -27.13 69.67
5 -16.38 81.08
6 53.51 -47.74
7 -48.95 53.64
8 -33.93 5.22
9 52.75 -23.52
10 9.56 86.72
11 -27.62 -52.22
12 65.84 5.31
13 4.99 -83.68
14 65.30 -23.12
15 5.64 -4.52
16 73.88 -10.77
ACCEPTED_PROBABILITIES
0.00
0.43
0.40
0.37
0.43
0.36
0.44
0.41
0.42
0.40
0.43
0.44
0.41
0.42
0.36
0.38
OUTSOURCING_COSTS
0.00
3.43
9.54
15.39
2.41
15.98
0.17
7.62
5.14
9.56
3.73
0.17
7.24
5.88
17.16
13.37
