NAME : sz-18-prob_type-uniform-prob-0.60-fee_type-inverse_prob-fee-2.8
TYPE : TSP
DIMENSION : 18
EDGE_WEIGHT_TYPE : EUC_2D
NODE_COORD_SECTION
1 0.00 0.00
2 -23.98 4.28
3 -52.69 -29.15
4 53.97 -5.19
5 -8.00 28.65
6 59.81 -27.78
7 -83.89 -6.55
8 17.55 -69.64
9 -17.25 -77.16
10 66.91 19.24
11 15.33 86.52
12 80.38 11.32
13 48.03 -29.51
14 35.91 -2.39
15 -26.65 -44.28
16 19.85 68.60
17 -7.57 -75.39
18 -96.18 25.28
ACCEPTED_PROBABILITIES
0.00
0.63
0.57
0.63
0.62
0.60
0.58
0.62
0.59
0.62
0.59
0.64
0.64
0.55
0.62
0.60
0.56
0.58
OUTSOURCING_COSTS
0.00
1.51
14.18
1.36
3.35
7.40
11.82
3.48
9.41
2.94
9.51
0.16
0.38
16.31
3.73
6.86
14.67
12.42
