NAME : sz-14-prob_type-uniform-prob-0.50-fee_type-direct_prob-fee-2.5
TYPE : TSP
DIMENSION : 14
EDGE_WEIGHT_TYPE : EUC_2D
NODE_COORD_SECTION
1 0.00 0.00
2 -15.86 85.96
3 64.76 73.93
4 43.46 59.75
5 -52.14 79.98
6 89.04 -37.34
7 -24.13 -85.42
8 -46.73 -44.81
9 57.45 25.23
10 -20.96 9.26
11 -44.74 62.78
12 -71.21 14.31
13 68.72 40.64
14 -21.00 28.73
ACCEPTED_PROBABILITIES
0.00
0.48
0.48
0.49
0.51
0.46
0.54
0.53
0.49
0.51
0.49
0.48
0.47
0.50
OUTSOURCING_COSTS
0.00
5.18
4.64
6.92
12.48
0.19
19.04
15.58
5.92
11.16
5.93
5.78
3.59
10.31
