NAME : sz-18-prob_type-uniform-prob-0.05-fee_type-inverse_prob-fee-3.3
TYPE : TSP
DIMENSION : 18
EDGE_WEIGHT_TYPE : EUC_2D
NODE_COORD_SECTION
1 0.00 0.00
2 16.19 60.33
3 -44.96 -53.93
4 49.30 8.59
5 0.22 54.73
6 34.33 80.93
7 -75.83 16.22
8 24.38 76.19
9 -20.71 -56.91
10 -71.07 -37.30
11 -37.95 50.38
12 37.38 43.34
13 77.48 34.35
14 -35.10 89.94
15 -18.02 -75.45
16 50.87 82.79
17 30.04 36.62
18 -59.74 57.00
ACCEPTED_PROBABILITIES
0.00
0.10
0.01
0.06
0.09
0.03
0.09
0.08
0.05
0.05
0.01
0.00
0.05
0.01
0.09
0.05
0.07
0.00
OUTSOURCING_COSTS
0.00
0.19
18.02
7.36
0.29
12.42
1.54
3.52
9.08
8.60
17.88
19.22
9.06
17.19
2.07
9.52
4.29
19.22
