NAME : sz-16-prob_type-uniform-prob-0.35-fee_type-inverse_prob-fee-3.5
TYPE : TSP
DIMENSION : 16
EDGE_WEIGHT_TYPE : EUC_2D
NODE_COORD_SECTION
1 0.00 0.00
2 -1.52 35.88
3 -75.37 -32.51
4 -1.49 -30.88
5 49.84 -54.06
6 -66.64 -16.26
7 68.56 -20.21
8 -75.71 -13.73
9 36.66 -25.89
10 97.60 13.33
11 -9.16 52.60
12 -56.76 48.15
13 40.60 -35.43
14 -60.24 47.13
15 -33.66 71.98
16 -40.45 58.60
ACCEPTED_PROBABILITIES
0.00
0.37
0.31
0.34
0.37
0.38
0.34
0.32
0.37
0.32
0.35
0.40
0.32
0.36
0.39
0.36
OUTSOURCING_COSTS
0.00
8.16
23.10
16.09
8.20
5.28
14.66
22.25
7.95
19.90
12.49
0.23
21.84
9.23
3.29
10.75
