NAME : sz-14-prob_type-inverse_dist-prob-0.25-fee_type-inverse_prob-fee-3.3
TYPE : TSP
DIMENSION : 14
EDGE_WEIGHT_TYPE : EUC_2D
NODE_COORD_SECTION
1 0.00 0.00
2 -34.50 -28.17
3 -77.39 34.79
4 60.06 35.63
5 65.82 6.67
6 50.79 -8.15
7 -41.58 -10.38
8 -77.82 -54.86
9 -73.98 -52.18
10 5.40 -76.62
11 64.92 -51.72
12 24.73 -80.25
13 -15.85 -60.42
14 47.91 50.38
ACCEPTED_PROBABILITIES
0.00
0.21
0.26
0.30
0.21
0.14
0.11
0.26
0.26
0.28
0.26
0.28
0.33
0.31
OUTSOURCING_COSTS
0.00
14.19
8.23
3.06
13.47
21.53
25.13
8.37
7.77
5.75
8.07
5.70
0.25
2.32
