NAME : sz-15-prob_type-inverse_dist-prob-0.25-fee_type-inverse_prob-fee-2.9
TYPE : TSP
DIMENSION : 15
EDGE_WEIGHT_TYPE : EUC_2D
NODE_COORD_SECTION
1 0.00 0.00
2 46.63 -75.25
3 -63.32 -25.60
4 -53.04 5.19
5 -88.82 -27.75
6 -50.37 -19.70
7 -44.38 -34.41
8 25.00 -67.69
9 17.09 87.10
10 -33.28 -66.31
11 -37.51 -17.99
12 52.38 58.10
13 -3.05 -27.92
14 95.36 27.72
15 -66.94 34.94
ACCEPTED_PROBABILITIES
0.00
0.25
0.19
0.21
0.25
0.34
0.35
0.25
0.25
0.26
0.20
0.26
0.27
0.25
0.21
OUTSOURCING_COSTS
0.00
13.34
20.51
17.58
12.07
1.31
0.21
12.74
12.93
11.06
19.52
10.77
9.84
12.71
18.40
