NAME : sz-17-prob_type-inverse_dist-prob-0.25-fee_type-direct_prob-fee-2.6
TYPE : TSP
DIMENSION : 17
EDGE_WEIGHT_TYPE : EUC_2D
NODE_COORD_SECTION
1 0.00 0.00
2 -59.63 56.03
3 11.32 -4.47
4 11.12 -39.72
5 72.71 39.06
6 73.69 65.97
7 -36.95 -20.13
8 39.11 -63.35
9 -14.63 0.09
10 -44.90 -29.69
11 22.05 -65.62
12 66.15 -55.21
13 28.14 -80.68
14 -56.88 76.87
15 -88.49 -19.57
16 -47.32 71.68
17 -50.19 -4.80
ACCEPTED_PROBABILITIES
0.00
0.21
0.35
0.26
0.21
0.25
0.32
0.28
0.14
0.17
0.26
0.28
0.25
0.25
0.25
0.22
0.17
OUTSOURCING_COSTS
0.00
5.43
16.09
9.41
5.29
8.44
13.83
10.56
0.16
2.31
9.20
11.07
8.71
8.23
8.67
6.16
2.63
