NAME : sz-17-prob_type-uniform-prob-0.15-fee_type-inverse_prob-fee-2.7
TYPE : TSP
DIMENSION : 17
EDGE_WEIGHT_TYPE : EUC_2D
NODE_COORD_SECTION
1 0.00 0.00
2 -18.89 64.87
3 6.18 77.61
4 -33.27 -67.40
5 45.27 25.66
6 -17.47 -66.59
7 -89.39 -12.92
8 -18.16 33.70
9 75.70 -32.54
10 18.20 -61.69
11 -38.11 89.67
12 82.15 -11.70
13 -25.08 -11.64
14 29.23 -1.79
15 38.17 40.50
16 54.87 41.68
17 -41.92 85.86
ACCEPTED_PROBABILITIES
0.00
0.13
0.12
0.19
0.17
0.13
0.16
0.11
0.16
0.17
0.17
0.20
0.13
0.16
0.19
0.19
0.11
OUTSOURCING_COSTS
0.00
12.14
14.39
0.57
5.62
12.78
6.43
16.71
8.00
5.39
5.46
0.17
12.05
7.40
2.22
2.21
16.67
