NAME : sz-18-prob_type-uniform-prob-0.10-fee_type-direct_prob-fee-2.8
TYPE : TSP
DIMENSION : 18
EDGE_WEIGHT_TYPE : EUC_2D
NODE_COORD_SECTION
1 0.00 0.00
2 -34.00 31.42
3 -73.35 -45.22
4 -62.85 25.83
5 -56.89 63.41
6 7.67 -42.91
7 47.20 -65.35
8 -3.45 81.48
9 14.20 46.78
10 -17.37 -76.48
11 -45.10 53.07
12 43.98 43.35
13 37.55 25.92
14 -64.82 59.46
15 38.09 -78.42
16 -3.17 -13.87
17 53.39 -68.85
18 -40.67 -66.14
ACCEPTED_PROBABILITIES
0.00
0.12
0.09
0.13
0.09
0.15
0.07
0.07
0.10
0.11
0.10
0.10
0.11
0.08
0.11
0.09
0.09
0.08
OUTSOURCING_COSTS
0.00
10.43
4.44
12.61
4.22
16.31
1.85
0.16
6.56
9.35
7.31
7.32
8.27
2.85
8.25
4.81
4.17
2.55
