NAME : sz-14-prob_type-uniform-prob-0.55-fee_type-direct_prob-fee-2.8
TYPE : TSP
DIMENSION : 14
EDGE_WEIGHT_TYPE : EUC_2D
NODE_COORD_SECTION
1 0.00 0.00
2 53.67 67.93
3 38.11 -67.42
4 17.70 -44.24
5 -86.88 -6.21
6 -31.71 -88.91
7 69.25 24.18
8 62.97 27.24
9 -38.32 -74.06
10 -6.78 -66.22
11 81.12 -43.79
12 -53.67 34.17
13 -5.02 -91.90
14 32.95 40.05
ACCEPTED_PROBABILITIES
0.00
0.56
0.58
0.59
0.57
0.59
0.53
0.59
0.59
0.59
0.55
0.53
0.59
0.56
OUTSOURCING_COSTS
0.00
8.25
15.91
19.72
12.26
19.32
0.22
20.97
19.74
21.32
5.67
1.10
20.33
9.82
