NAME : sz-14-prob_type-uniform-prob-0.40-fee_type-inverse_prob-fee-3.1
TYPE : TSP
DIMENSION : 14
EDGE_WEIGHT_TYPE : EUC_2D
NODE_COORD_SECTION
1 0.00 0.00
2 40.92 19.77
3 11.87 9.79
4 12.07 -61.85
5 -44.41 -64.14
6 -41.62 -65.48
7 30.03 76.47
8 -45.46 -30.71
9 34.55 -80.72
10 -18.21 -94.78
11 -33.03 66.10
12 0.47 -17.62
13 -75.02 -10.85
14 -95.47 -3.54
ACCEPTED_PROBABILITIES
0.00
0.38
0.44
0.36
0.36
0.43
0.44
0.43
0.37
0.40
0.41
0.40
0.40
0.40
OUTSOURCING_COSTS
0.00
16.61
1.01
23.05
23.61
2.67
0.24
3.23
18.34
11.14
9.06
10.84
11.34
9.92
