NAME : sz-16-prob_type-uniform-prob-0.60-fee_type-direct_prob-fee-3.4
TYPE : TSP
DIMENSION : 16
EDGE_WEIGHT_TYPE : EUC_2D
NODE_COORD_SECTION
1 0.00 0.00
2 -72.39 -38.42
3 19.53 -75.27
4 67.09 47.54
5 -49.26 61.26
6 -13.19 -16.37
7 -58.82 -67.68
8 -46.20 39.23
9 30.00 -64.89
10 86.50 46.77
11 44.85 -3.54
12 -55.35 -49.54
13 -22.26 -93.18
14 -51.38 -69.81
15 -98.44 -7.78
16 29.60 5.16
ACCEPTED_PROBABILITIES
0.00
0.58
0.64
0.60
0.63
0.65
0.57
0.62
0.57
0.62
0.61
0.58
0.58
0.58
0.59
0.64
OUTSOURCING_COSTS
0.00
4.11
22.25
10.24
17.78
22.44
0.23
16.06
1.58
13.87
11.11
4.95
3.76
2.73
7.46
20.65
