NAME : sz-14-prob_type-uniform-prob-0.60-fee_type-inverse_prob-fee-2.6
TYPE : TSP
DIMENSION : 14
EDGE_WEIGHT_TYPE : EUC_2D
NODE_COORD_SECTION
1 0.00 0.00
2 53.07 -15.71
3 83.69 32.19
4 23.11 -12.00
5 -61.62 -77.92
6 51.50 28.38
7 80.34 17.39
8 84.58 -44.30
9 -95.32 17.69
10 -27.72 49.99
11 40.35 -71.83
12 42.89 -43.07
13 -67.37 -40.57
14 38.26 -5.35
ACCEPTED_PROBABILITIES
0.00
0.56
0.57
0.58
0.64
0.58
0.62
0.58
0.56
0.63
0.62
0.57
0.58
0.63
OUTSOURCING_COSTS
0.00
19.80
18.85
14.26
0.20
14.56
4.68
15.13
19.78
2.47
5.38
18.32
14.92
2.69
