NAME : sz-15-prob_type-direct_dist-prob-0.25-fee_type-direct_prob-fee-3.1
TYPE : TSP
DIMENSION : 15
EDGE_WEIGHT_TYPE : EUC_2D
NODE_COORD_SECTION
1 0.00 0.00
2 83.57 20.41
3 46.95 -54.81
4 -65.71 -72.11
5 -22.94 -28.03
6 50.57 81.78
7 -28.14 -34.82
8 77.88 -57.12
9 38.48 17.94
10 30.43 84.98
11 -2.80 -40.36
12 68.41 -37.40
13 -28.57 -14.90
14 -20.33 -39.64
15 -5.54 6.16
ACCEPTED_PROBABILITIES
0.00
0.44
0.43
0.44
0.24
0.47
0.24
0.28
0.30
0.41
0.24
0.19
0.31
0.20
0.23
OUTSOURCING_COSTS
0.00
19.45
18.97
19.51
4.07
21.92
3.63
7.25
8.64
17.66
4.13
0.22
9.49
0.92
3.35
