NAME : sz-17-prob_type-uniform-prob-0.35-fee_type-direct_prob-fee-2.7
TYPE : TSP
DIMENSION : 17
EDGE_WEIGHT_TYPE : EUC_2D
NODE_COORD_SECTION
1 0.00 0.00
2 33.26 -70.02
3 2.26 72.13
4 -37.04 37.07
5 -92.34 29.82
6 -54.58 21.84
7 32.76 -90.21
8 38.03 59.66
9 -7.58 39.37
10 31.20 71.94
11 -51.24 -10.88
12 31.07 56.92
13 -24.93 -87.59
14 -0.52 -58.84
15 45.15 -73.03
16 -69.88 -59.44
17 -0.49 -64.47
ACCEPTED_PROBABILITIES
0.00
0.38
0.34
0.32
0.31
0.38
0.39
0.32
0.33
0.38
0.33
0.35
0.32
0.40
0.36
0.34
0.39
OUTSOURCING_COSTS
0.00
12.87
5.26
1.60
0.17
13.87
14.49
0.23
2.22
14.13
4.12
7.42
0.94
16.71
10.04
4.31
14.68
