NAME : sz-17-prob_type-uniform-prob-0.25-fee_type-direct_prob-fee-3.4
TYPE : TSP
DIMENSION : 17
EDGE_WEIGHT_TYPE : EUC_2D
NODE_COORD_SECTION
1 0.00 0.00
2 -97.24 20.24
3 -6.53 -33.49
4 0.26 15.29
5 -75.16 55.09
6 78.53 35.07
7 -9.75 1.26
8 41.28 -52.15
9 -75.86 57.56
10 -64.81 -7.28
11 -34.43 88.21
12 -70.20 -43.59
13 -52.69 -2.06
14 33.62 -6.96
15 -59.54 77.89
16 6.48 68.31
17 -12.80 80.21
ACCEPTED_PROBABILITIES
0.00
0.30
0.26
0.23
0.25
0.21
0.21
0.28
0.27
0.21
0.25
0.26
0.27
0.24
0.30
0.29
0.29
OUTSOURCING_COSTS
0.00
20.56
12.00
4.38
10.31
0.21
1.33
16.03
13.43
0.21
9.34
12.51
15.12
8.52
21.04
18.44
18.56
