NAME : sz-17-prob_type-inverse_dist-prob-0.50-fee_type-inverse_prob-fee-3.5
TYPE : TSP
DIMENSION : 17
EDGE_WEIGHT_TYPE : EUC_2D
NODE_COORD_SECTION
1 0.00 0.00
2 -24.26 29.95
3 10.16 70.70
4 -10.31 52.33
5 -87.54 -10.04
6 -7.03 51.49
7 26.95 17.18
8 55.64 18.40
9 -71.16 -40.08
10 -56.71 77.24
11 -16.02 -89.38
12 -84.83 20.54
13 -53.63 29.51
14 83.39 18.99
15 -94.48 16.35
16 34.41 18.93
17 -9.50 12.71
ACCEPTED_PROBABILITIES
0.00
0.60
0.55
0.60
0.50
0.51
0.64
0.53
0.48
0.50
0.51
0.49
0.49
0.53
0.51
0.53
0.40
OUTSOURCING_COSTS
0.00
3.55
8.62
4.15
12.70
11.62
0.22
9.94
14.86
12.57
11.75
13.98
13.73
9.77
11.80
9.71
21.66
