NAME : sz-16-prob_type-uniform-prob-0.15-fee_type-inverse_prob-fee-2.8
TYPE : TSP
DIMENSION : 16
EDGE_WEIGHT_TYPE : EUC_2D
NODE_COORD_SECTION
1 0.00 0.00
2 53.68 -58.76
3 9.52 29.32
4 59.29 19.71
5 -93.15 27.97
6 -18.97 62.88
7 9.25 30.41
8 3.28 34.39
9 26.20 -53.05
10 18.71 -26.36
11 -87.88 -7.18
12 92.58 -24.39
13 32.77 26.05
14 1.06 99.33
15 -9.63 -31.24
16 -77.30 -4.05
ACCEPTED_PROBABILITIES
0.00
0.17
0.14
0.17
0.18
0.10
0.12
0.14
0.20
0.12
0.15
0.17
0.20
0.12
0.14
0.12
OUTSOURCING_COSTS
0.00
6.39
11.60
5.40
3.62
18.48
14.93
10.68
0.47
14.75
9.52
5.14
0.19
16.10
12.15
15.51
