NAME : sz-19-prob_type-uniform-prob-0.35-fee_type-direct_prob-fee-2.8
TYPE : TSP
DIMENSION : 19
EDGE_WEIGHT_TYPE : EUC_2D
NODE_COORD_SECTION
1 0.00 0.00
2 -4.87 -68.07
3 29.53 62.22
4 35.05 47.81
5 -59.55 -62.97
6 56.14 -67.72
7 -0.53 -84.72
8 12.10 -50.08
9 -16.25 -34.68
10 -88.87 43.81
11 15.12 1.35
12 -64.34 34.83
13 -6.30 81.79
14 15.96 -75.09
15 58.10 -74.22
16 74.71 -38.92
17 -10.79 49.94
18 57.58 -9.05
19 -56.83 23.10
ACCEPTED_PROBABILITIES
0.00
0.32
0.36
0.37
0.39
0.30
0.35
0.33
0.38
0.35
0.37
0.35
0.36
0.31
0.35
0.36
0.32
0.37
0.38
OUTSOURCING_COSTS
0.00
2.07
10.48
11.76
15.40
0.16
7.76
4.17
14.06
7.24
12.04
8.23
9.67
1.57
8.67
9.99
3.39
11.18
13.92
