NAME : sz-14-prob_type-uniform-prob-0.30-fee_type-inverse_prob-fee-3.4
TYPE : TSP
DIMENSION : 14
EDGE_WEIGHT_TYPE : EUC_2D
NODE_COORD_SECTION
1 0.00 0.00
2 -12.47 56.26
3 26.64 -74.31
4 29.08 -77.09
5 -37.68 25.70
6 10.11 -19.09
7 51.65 -83.31
8 -32.70 60.27
9 -39.92 38.88
10 64.09 38.09
11 25.75 45.95
12 82.60 -9.64
13 -33.35 -10.37
14 2.16 89.94
ACCEPTED_PROBABILITIES
0.00
0.35
0.31
0.26
0.35
0.27
0.34
0.35
0.31
0.27
0.31
0.28
0.30
0.27
OUTSOURCING_COSTS
0.00
0.73
12.33
25.89
0.26
22.02
2.31
1.07
11.04
22.66
11.64
21.43
13.90
21.93
