NAME : sz-14-prob_type-uniform-prob-0.50-fee_type-direct_prob-fee-3.2
TYPE : TSP
DIMENSION : 14
EDGE_WEIGHT_TYPE : EUC_2D
NODE_COORD_SECTION
1 0.00 0.00
2 19.31 8.13
3 -20.96 68.92
4 -53.01 36.29
5 18.50 -0.04
6 -18.73 90.32
7 -24.79 -75.68
8 8.47 -58.80
9 78.84 47.37
10 -39.00 45.81
11 41.40 -36.31
12 26.39 -79.47
13 -33.38 64.91
14 50.57 70.06
ACCEPTED_PROBABILITIES
0.00
0.53
0.55
0.46
0.48
0.48
0.51
0.54
0.50
0.53
0.50
0.46
0.51
0.46
OUTSOURCING_COSTS
0.00
21.19
24.37
0.25
5.68
7.50
15.09
23.97
13.11
20.97
12.05
0.25
13.80
1.00
