NAME : sz-16-prob_type-uniform-prob-0.60-fee_type-direct_prob-fee-2.9
TYPE : TSP
DIMENSION : 16
EDGE_WEIGHT_TYPE : EUC_2D
NODE_COORD_SECTION
1 0.00 0.00
2 -0.07 -85.23
3 41.93 61.86
4 -2.43 -55.33
5 -30.04 -83.25
6 -11.48 42.86
7 20.98 -81.57
8 -91.80 20.60
9 19.68 -82.60
10 55.67 7.30
11 -73.68 12.85
12 86.20 -18.96
13 -12.49 -21.62
14 -61.67 -70.47
15 47.54 6.59
16 -55.15 46.06
ACCEPTED_PROBABILITIES
0.00
0.58
0.56
0.57
0.56
0.56
0.59
0.57
0.61
0.58
0.56
0.62
0.60
0.60
0.62
0.64
OUTSOURCING_COSTS
0.00
5.78
1.15
2.35
1.40
0.19
8.10
4.40
13.09
5.50
1.00
15.45
10.04
10.19
13.71
19.14
