NAME : sz-19-prob_type-inverse_dist-prob-0.25-fee_type-direct_prob-fee-2.9
TYPE : TSP
DIMENSION : 19
EDGE_WEIGHT_TYPE : EUC_2D
NODE_COORD_SECTION
1 0.00 0.00
2 -65.82 51.58
3 -91.07 -3.98
4 -17.29 -38.50
5 21.79 -25.58
6 -1.67 -24.96
7 -28.31 -25.28
8 -19.20 66.99
9 -37.97 -88.39
10 -8.14 65.99
11 -1.42 -49.84
12 1.56 92.16
13 -52.44 79.76
14 -57.60 54.86
15 62.22 -56.19
16 50.25 59.05
17 -50.46 -20.24
18 -77.97 59.10
19 -35.31 76.19
ACCEPTED_PROBABILITIES
0.00
0.26
0.25
0.27
0.22
0.44
0.35
0.32
0.24
0.21
0.25
0.25
0.25
0.29
0.27
0.26
0.35
0.25
0.27
OUTSOURCING_COSTS
0.00
3.51
3.41
4.46
1.23
15.95
10.30
7.92
2.70
0.16
3.35
2.75
3.04
5.58
4.79
3.48
10.04
2.93
4.41
