NAME : sz-14-prob_type-direct_dist-prob-0.50-fee_type-direct_prob-fee-2.8
TYPE : TSP
DIMENSION : 14
EDGE_WEIGHT_TYPE : EUC_2D
NODE_COORD_SECTION
1 0.00 0.00
2 -75.64 -48.35
3 29.08 -11.78
4 21.64 73.94
5 39.97 -46.46
6 29.17 46.77
7 49.38 84.08
8 10.75 56.56
9 14.29 -40.04
10 62.41 -58.73
11 -83.73 -14.97
12 -40.16 83.34
13 11.14 97.68
14 96.41 6.29
ACCEPTED_PROBABILITIES
0.00
0.41
0.52
0.51
0.38
0.50
0.72
0.64
0.60
0.52
0.48
0.61
0.68
0.45
OUTSOURCING_COSTS
0.00
2.00
8.47
7.94
0.22
7.81
21.32
16.17
13.61
8.77
6.49
14.25
18.63
4.26
