NAME : sz-15-prob_type-uniform-prob-0.30-fee_type-direct_prob-fee-3.5
TYPE : TSP
DIMENSION : 15
EDGE_WEIGHT_TYPE : EUC_2D
NODE_COORD_SECTION
1 0.00 0.00
2 23.78 -1.28
3 39.08 -86.34
4 -21.08 -97.75
5 47.75 14.35
6 -28.04 30.89
7 2.59 -41.38
8 -34.89 -12.33
9 0.07 97.29
10 30.06 85.23
11 64.24 -9.73
12 -81.04 -2.85
13 72.60 -45.56
14 -57.79 64.83
15 -6.92 72.64
ACCEPTED_PROBABILITIES
0.00
0.34
0.27
0.30
0.32
0.30
0.27
0.26
0.27
0.28
0.30
0.30
0.27
0.35
0.27
OUTSOURCING_COSTS
0.00
22.66
3.12
10.05
18.39
10.32
3.29
0.25
1.97
4.36
11.03
11.64
2.93
24.75
3.87
