NAME : sz-18-prob_type-uniform-prob-0.30-fee_type-direct_prob-fee-2.6
TYPE : TSP
DIMENSION : 18
EDGE_WEIGHT_TYPE : EUC_2D
NODE_COORD_SECTION
1 0.00 0.00
2 -30.17 31.47
3 -77.42 -28.17
4 -7.94 -86.27
5 -36.57 72.60
6 40.88 -90.78
7 56.26 63.90
8 -51.20 -2.77
9 45.23 27.19
10 -1.22 28.89
11 71.21 37.35
12 -28.15 -79.20
13 -3.34 68.67
14 -11.91 40.22
15 -9.79 77.93
16 -3.08 83.04
17 -17.25 -78.16
18 -36.48 86.37
ACCEPTED_PROBABILITIES
0.00
0.28
0.34
0.30
0.25
0.34
0.29
0.28
0.29
0.34
0.34
0.29
0.29
0.32
0.33
0.33
0.34
0.35
OUTSOURCING_COSTS
0.00
3.98
14.46
7.21
0.15
13.60
6.74
3.97
6.37
14.17
14.85
5.56
6.87
10.19
13.18
12.71
13.77
15.14
