NAME : sz-15-prob_type-direct_dist-prob-0.50-fee_type-direct_prob
TYPE : TSP
DIMENSION : 15
EDGE_WEIGHT_TYPE : EUC_2D
NODE_COORD_SECTION
1 0.00 0.00
2 -82.61 0.93
3 -81.07 46.51
4 -3.15 -61.27
5 39.45 85.43
6 -12.79 -37.05
7 -27.94 -10.52
8 -43.81 3.78
9 11.49 -65.28
10 36.53 -20.59
11 10.47 -0.05
12 -60.47 -67.99
13 6.18 -63.00
14 77.97 1.04
15 -62.32 -52.31
ACCEPTED_PROBABILITIES
0.00
0.70
0.66
0.53
0.41
0.48
0.53
0.39
0.44
0.40
0.50
0.47
0.47
0.36
0.56
OUTSOURCING_COSTS
0.00
21.21
19.25
10.57
2.70
7.28
10.63
1.92
5.17
2.46
8.59
7.01
7.15
0.21
12.90
