NAME : sz-16-prob_type-uniform-prob-0.10-fee_type-direct_prob-fee-2.9
TYPE : TSP
DIMENSION : 16
EDGE_WEIGHT_TYPE : EUC_2D
NODE_COORD_SECTION
1 0.00 0.00
2 -17.65 -41.21
3 77.09 61.40
4 14.96 -78.25
5 51.64 8.40
6 -67.57 7.41
7 -55.37 -29.64
8 46.28 75.80
9 44.42 34.71
10 54.60 72.82
11 32.54 88.69
12 -57.50 23.79
13 32.09 92.66
14 45.04 82.30
15 -63.23 -31.71
16 4.37 78.61
ACCEPTED_PROBABILITIES
0.00
0.09
0.10
0.15
0.06
0.09
0.05
0.10
0.11
0.13
0.05
0.13
0.14
0.07
0.11
0.06
OUTSOURCING_COSTS
0.00
7.17
9.59
19.14
1.82
7.00
0.53
9.80
11.69
17.08
0.19
16.60
18.38
3.74
11.53
2.26
