NAME : sz-16-prob_type-uniform-prob-0.50-fee_type-direct_prob-fee-3.2
TYPE : TSP
DIMENSION : 16
EDGE_WEIGHT_TYPE : EUC_2D
NODE_COORD_SECTION
1 0.00 0.00
2 -5.35 47.90
3 68.05 14.01
4 -57.03 -5.92
5 -50.36 -29.26
6 19.47 69.26
7 -40.96 23.31
8 3.02 97.36
9 -73.05 57.67
10 38.36 -18.45
11 -3.69 63.38
12 -31.06 -17.13
13 -45.22 66.66
14 -66.55 70.37
15 -23.62 73.74
16 0.10 81.86
ACCEPTED_PROBABILITIES
0.00
0.47
0.47
0.46
0.54
0.55
0.52
0.45
0.53
0.48
0.55
0.52
0.50
0.54
0.51
0.52
OUTSOURCING_COSTS
0.00
4.42
4.71
1.18
18.88
21.12
14.60
0.21
16.48
5.32
21.12
16.18
10.96
20.35
12.71
14.65
