NAME : sz-16-prob_type-uniform-prob-0.40-fee_type-inverse_prob-fee-3.4
TYPE : TSP
DIMENSION : 16
EDGE_WEIGHT_TYPE : EUC_2D
NODE_COORD_SECTION
1 0.00 0.00
2 -57.59 42.66
3 23.29 -84.27
4 -89.83 -2.85
5 -79.85 -45.90
6 -3.35 -36.14
7 -51.11 -68.21
8 -91.00 39.21
9 -26.91 -82.65
10 -34.56 -69.17
11 -33.42 -27.44
12 16.73 16.80
13 -24.14 17.65
14 74.91 27.22
15 39.10 -72.75
16 -5.31 71.79
ACCEPTED_PROBABILITIES
0.00
0.37
0.39
0.38
0.42
0.41
0.42
0.45
0.35
0.43
0.41
0.42
0.36
0.42
0.36
0.37
OUTSOURCING_COSTS
0.00
18.37
12.54
15.91
4.95
8.51
6.43
0.23
22.44
3.41
9.67
6.49
19.30
7.01
21.05
18.52
