NAME : sz-19-prob_type-uniform-prob-0.15-fee_type-direct_prob-fee-2.6
TYPE : TSP
DIMENSION : 19
EDGE_WEIGHT_TYPE : EUC_2D
NODE_COORD_SECTION
1 0.00 0.00
2 53.60 56.17
3 -97.86 -13.62
4 10.74 20.29
5 -30.00 -58.35
6 39.69 -13.60
7 41.06 12.46
8 74.12 47.20
9 -10.73 -71.49
10 59.22 33.85
11 73.68 -59.97
12 -30.43 39.36
13 97.03 -5.22
14 8.32 89.16
15 -42.91 -63.18
16 -25.38 -18.89
17 -7.87 -9.44
18 20.82 36.13
19 37.88 -45.49
ACCEPTED_PROBABILITIES
0.00
0.13
0.12
0.14
0.19
0.12
0.13
0.11
0.20
0.17
0.19
0.13
0.12
0.15
0.14
0.16
0.14
0.16
0.18
OUTSOURCING_COSTS
0.00
3.28
2.96
5.82
12.85
1.69
4.03
0.14
14.30
10.74
13.51
3.41
1.77
6.54
5.44
8.08
4.73
8.88
11.06
