NAME : sz-16-prob_type-uniform-prob-0.30-fee_type-inverse_prob-fee-3.1
TYPE : TSP
DIMENSION : 16
EDGE_WEIGHT_TYPE : EUC_2D
NODE_COORD_SECTION
1 0.00 0.00
2 -55.06 -77.57
3 -29.44 67.95
4 -5.24 -63.07
5 -28.93 -81.33
6 -40.24 -13.96
7 49.55 -43.44
8 33.70 -80.86
9 -44.48 33.74
10 51.90 -2.23
11 28.65 16.62
12 10.10 -15.14
13 -21.63 95.64
14 -38.07 -8.38
15 -60.13 -53.52
16 -82.36 -9.35
ACCEPTED_PROBABILITIES
0.00
0.34
0.28
0.29
0.32
0.33
0.31
0.30
0.35
0.27
0.28
0.34
0.29
0.33
0.33
0.28
OUTSOURCING_COSTS
0.00
0.68
17.78
15.15
5.63
4.10
8.28
12.06
0.21
20.46
15.96
0.56
14.55
5.52
5.13
16.96
