NAME : sz-14-prob_type-uniform-prob-0.50-fee_type-inverse_prob-fee-3.4
TYPE : TSP
DIMENSION : 14
EDGE_WEIGHT_TYPE : EUC_2D
NODE_COORD_SECTION
1 0.00 0.00
2 53.57 -8.19
3 -77.26 -46.19
4 84.69 30.98
5 -9.42 -29.40
6 47.91 55.86
7 35.36 -31.07
8 -36.69 -62.66
9 14.89 41.18
10 28.36 -64.45
11 -31.45 88.08
12 -62.75 35.44
13 90.92 -30.27
14 -68.90 -47.74
ACCEPTED_PROBABILITIES
0.00
0.45
0.46
0.51
0.51
0.47
0.45
0.46
0.53
0.50
0.48
0.55
0.51
0.54
OUTSOURCING_COSTS
0.00
25.29
22.57
10.01
11.19
20.95
25.89
23.05
3.67
13.88
19.11
0.26
10.14
0.99
