NAME : sz-17-prob_type-uniform-prob-0.20-fee_type-inverse_prob
TYPE : TSP
DIMENSION : 17
EDGE_WEIGHT_TYPE : EUC_2D
NODE_COORD_SECTION
1 0.00 0.00
2 -0.21 -15.02
3 -5.58 75.94
4 -9.09 12.93
5 56.86 62.63
6 3.81 -1.46
7 81.58 -42.75
8 70.72 -4.86
9 -11.81 -46.31
10 -45.48 -15.69
11 -55.53 -77.79
12 84.03 -45.67
13 -16.92 -94.91
14 59.07 -21.00
15 -9.67 -68.15
16 64.38 26.00
17 61.57 13.80
ACCEPTED_PROBABILITIES
0.00
0.22
0.21
0.16
0.24
0.24
0.16
0.25
0.24
0.16
0.22
0.18
0.23
0.16
0.19
0.24
0.24
OUTSOURCING_COSTS
0.00
6.38
7.97
18.56
1.60
1.17
17.45
0.19
1.44
17.71
6.54
14.82
4.01
18.18
11.81
0.72
1.86
