NAME : sz-17-prob_type-uniform-prob-0.05-fee_type-inverse_prob
TYPE : TSP
DIMENSION : 17
EDGE_WEIGHT_TYPE : EUC_2D
NODE_COORD_SECTION
1 0.00 0.00
2 55.33 14.28
3 -84.90 -49.36
4 98.14 -4.43
5 -21.47 -32.48
6 81.29 -51.09
7 -75.51 -1.17
8 37.31 -8.23
9 -73.35 12.25
10 40.98 -64.73
11 -32.46 -53.17
12 25.75 85.74
13 16.63 -43.31
14 89.56 -28.95
15 -4.38 -60.39
16 -60.90 -71.15
17 94.00 29.35
ACCEPTED_PROBABILITIES
0.00
0.00
0.02
0.09
0.02
0.02
0.05
0.03
0.06
0.03
0.02
0.07
0.03
0.09
0.04
0.02
0.02
OUTSOURCING_COSTS
0.00
18.56
15.07
0.19
14.29
15.12
9.46
12.57
5.84
12.39
14.26
3.43
13.23
0.64
9.71
15.19
15.03
