NAME : sz-14-prob_type-uniform-prob-0.25-fee_type-inverse_prob-fee-2.7
TYPE : TSP
DIMENSION : 14
EDGE_WEIGHT_TYPE : EUC_2D
NODE_COORD_SECTION
1 0.00 0.00
2 43.01 -19.44
3 -44.22 -36.15
4 -61.61 17.98
5 -46.58 68.52
6 -0.38 -95.33
7 -33.51 -44.16
8 55.22 32.38
9 86.02 10.84
10 31.95 -0.22
11 76.97 22.03
12 -16.70 -75.54
13 38.65 37.29
14 4.36 -7.68
ACCEPTED_PROBABILITIES
0.00
0.21
0.27
0.25
0.21
0.20
0.27
0.28
0.22
0.25
0.22
0.21
0.28
0.22
OUTSOURCING_COSTS
0.00
18.81
3.25
7.63
17.91
20.56
4.16
0.21
16.87
9.02
16.72
18.92
0.37
15.96
