NAME : sz-16-prob_type-uniform-prob-0.50-fee_type-direct_prob-fee-2.7
TYPE : TSP
DIMENSION : 16
EDGE_WEIGHT_TYPE : EUC_2D
NODE_COORD_SECTION
1 0.00 0.00
2 89.11 -39.97
3 -49.36 36.52
4 45.93 29.28
5 86.17 -13.47
6 -42.07 -22.32
7 -89.87 -11.08
8 68.37 -61.77
9 85.15 -34.89
10 33.03 86.20
11 -43.79 -40.04
12 -20.26 -53.89
13 -11.21 14.67
14 -51.64 6.51
15 -62.81 -55.66
16 40.51 -27.43
ACCEPTED_PROBABILITIES
0.00
0.53
0.52
0.54
0.51
0.47
0.48
0.53
0.46
0.53
0.49
0.47
0.49
0.51
0.49
0.53
OUTSOURCING_COSTS
0.00
16.81
13.22
17.82
11.06
1.35
3.09
16.65
0.18
16.09
7.45
1.60
5.50
11.76
6.78
15.37
