NAME : sz-16-prob_type-uniform-prob-0.40-fee_type-inverse_prob-fee-3.1
TYPE : TSP
DIMENSION : 16
EDGE_WEIGHT_TYPE : EUC_2D
NODE_COORD_SECTION
1 0.00 0.00
2 67.42 -19.80
3 -36.70 90.12
4 7.98 72.75
5 -16.36 10.84
6 -50.76 -19.57
7 -49.29 -57.54
8 28.82 25.16
9 30.58 -87.07
10 52.82 31.76
11 -22.21 28.38
12 -63.31 14.99
13 -69.48 -6.24
14 24.25 -65.37
15 -2.49 10.71
16 -39.09 27.06
ACCEPTED_PROBABILITIES
0.00
0.39
0.35
0.43
0.41
0.42
0.41
0.45
0.39
0.35
0.41
0.44
0.39
0.43
0.44
0.42
OUTSOURCING_COSTS
0.00
12.82
20.30
3.08
8.27
5.68
7.69
0.21
12.70
20.46
7.45
1.66
12.31
3.56
0.96
6.53
