NAME : sz-16-prob_type-uniform-prob-0.45-fee_type-direct_prob-fee-2.7
TYPE : TSP
DIMENSION : 16
EDGE_WEIGHT_TYPE : EUC_2D
NODE_COORD_SECTION
1 0.00 0.00
2 -66.15 -10.79
3 9.05 -55.98
4 -1.82 57.92
5 -17.41 -37.70
6 83.09 45.14
7 -52.43 62.82
8 -85.36 12.83
9 -63.28 -63.04
10 57.25 12.46
11 -82.72 -4.53
12 -78.91 -25.25
13 -78.10 37.36
14 -27.14 23.84
15 26.18 65.65
16 32.94 -74.16
ACCEPTED_PROBABILITIES
0.00
0.40
0.49
0.42
0.42
0.42
0.42
0.47
0.43
0.46
0.47
0.47
0.45
0.44
0.45
0.49
OUTSOURCING_COSTS
0.00
0.18
17.82
2.83
4.63
4.57
3.90
13.98
4.91
13.34
13.72
14.23
10.22
7.36
10.97
17.82
