NAME : sz-14-prob_type-uniform-prob-0.45-fee_type-direct_prob-fee-2.9
TYPE : TSP
DIMENSION : 14
EDGE_WEIGHT_TYPE : EUC_2D
NODE_COORD_SECTION
1 0.00 0.00
2 -54.12 56.48
3 -50.64 -28.39
4 10.80 -71.13
5 -59.68 5.62
6 -41.94 -12.92
7 -42.79 -50.44
8 4.26 7.98
9 -75.90 -46.33
10 -75.59 40.28
11 21.19 -36.25
12 34.04 -82.84
13 -48.10 -76.45
14 -4.86 -24.18
ACCEPTED_PROBABILITIES
0.00
0.49
0.50
0.44
0.40
0.42
0.47
0.45
0.40
0.49
0.44
0.49
0.40
0.48
OUTSOURCING_COSTS
0.00
20.92
22.08
8.36
0.37
4.58
16.29
12.08
0.53
21.58
9.14
20.81
0.22
18.72
