NAME : sz-15-prob_type-uniform-prob-0.45-fee_type-direct_prob-fee-2.5
TYPE : TSP
DIMENSION : 15
EDGE_WEIGHT_TYPE : EUC_2D
NODE_COORD_SECTION
1 0.00 0.00
2 79.86 54.79
3 -54.95 -18.86
4 42.48 20.54
5 23.52 68.37
6 94.62 9.58
7 41.95 80.72
8 74.36 -30.40
9 85.06 17.26
10 -20.19 92.57
11 54.84 -12.44
12 -94.61 -29.39
13 -11.85 -64.92
14 62.57 28.46
15 -76.11 -41.88
ACCEPTED_PROBABILITIES
0.00
0.47
0.40
0.50
0.48
0.47
0.49
0.50
0.42
0.44
0.41
0.49
0.46
0.40
0.43
OUTSOURCING_COSTS
0.00
12.27
0.18
17.68
14.77
12.78
17.10
17.48
3.80
6.24
1.85
16.80
10.98
0.42
4.89
