NAME : sz-14-prob_type-uniform-prob-0.55-fee_type-direct_prob-fee-3.1
TYPE : TSP
DIMENSION : 14
EDGE_WEIGHT_TYPE : EUC_2D
NODE_COORD_SECTION
1 0.00 0.00
2 75.15 41.90
3 -86.73 -40.68
4 47.34 -48.60
5 35.65 -1.32
6 -45.95 28.57
7 40.58 2.67
8 -45.82 51.10
9 5.80 17.66
10 74.43 17.23
11 -74.44 6.62
12 -30.42 37.77
13 -32.36 -56.37
14 56.44 66.00
ACCEPTED_PROBABILITIES
0.00
0.54
0.59
0.59
0.52
0.58
0.56
0.51
0.55
0.56
0.51
0.52
0.58
0.57
OUTSOURCING_COSTS
0.00
10.31
23.61
23.16
4.85
18.97
13.73
0.24
11.83
15.18
0.24
3.51
20.00
17.29
