NAME : sz-19-prob_type-direct_dist-prob-0.25-fee_type-inverse_prob-fee-3.3
TYPE : TSP
DIMENSION : 19
EDGE_WEIGHT_TYPE : EUC_2D
NODE_COORD_SECTION
1 0.00 0.00
2 12.75 -52.03
3 -31.58 -24.63
4 31.20 -3.00
5 -33.84 -55.88
6 37.23 -14.62
7 -51.47 67.72
8 71.50 -34.76
9 -2.02 80.39
10 58.24 31.74
11 -5.28 25.80
12 51.18 32.96
13 -42.15 24.75
14 7.64 72.19
15 -18.62 -7.54
16 62.91 28.18
17 0.68 44.13
18 49.21 43.78
19 -43.51 -63.62
ACCEPTED_PROBABILITIES
0.00
0.33
0.17
0.27
0.22
0.32
0.07
0.23
0.17
0.21
0.24
0.32
0.32
0.25
0.28
0.11
0.18
0.18
0.19
OUTSOURCING_COSTS
0.00
0.18
11.34
4.50
7.71
0.67
18.15
7.25
11.58
8.82
6.44
0.97
1.24
5.85
3.49
15.83
10.94
10.92
9.85
