NAME : sz-18-prob_type-uniform-prob-0.10-fee_type-direct_prob-fee-3.4
TYPE : TSP
DIMENSION : 18
EDGE_WEIGHT_TYPE : EUC_2D
NODE_COORD_SECTION
1 0.00 0.00
2 -41.13 45.46
3 -85.27 14.01
4 -42.20 -71.11
5 -32.80 17.71
6 41.69 -10.12
7 56.44 -80.95
8 39.99 71.08
9 -82.04 -55.63
10 74.97 18.38
11 73.69 -22.72
12 -75.86 -43.77
13 -8.14 -76.80
14 57.66 -20.12
15 97.48 -5.23
16 51.42 -56.37
17 18.13 81.28
18 26.19 36.92
ACCEPTED_PROBABILITIES
0.00
0.11
0.08
0.06
0.10
0.09
0.15
0.14
0.10
0.07
0.10
0.05
0.13
0.11
0.13
0.15
0.14
0.06
OUTSOURCING_COSTS
0.00
11.52
5.28
0.27
9.47
7.37
19.80
17.42
9.08
3.06
9.54
0.20
15.67
10.84
15.48
19.80
19.19
2.02
