NAME : sz-14-prob_type-uniform-prob-0.30-fee_type-direct_prob-fee-2.7
TYPE : TSP
DIMENSION : 14
EDGE_WEIGHT_TYPE : EUC_2D
NODE_COORD_SECTION
1 0.00 0.00
2 36.90 29.58
3 -22.52 52.23
4 10.62 21.05
5 95.58 -25.63
6 -44.25 13.61
7 3.22 -76.43
8 -51.32 -81.26
9 23.06 -1.34
10 60.95 -71.45
11 14.39 46.25
12 -62.62 46.05
13 18.16 78.25
14 -23.85 63.67
ACCEPTED_PROBABILITIES
0.00
0.25
0.29
0.28
0.31
0.33
0.28
0.28
0.28
0.35
0.31
0.29
0.34
0.33
OUTSOURCING_COSTS
0.00
0.21
7.73
5.17
13.39
17.00
6.65
5.26
6.39
20.56
13.46
9.04
17.94
16.18
