NAME : sz-14-prob_type-uniform-prob-0.20-fee_type-direct_prob-fee-2.9
TYPE : TSP
DIMENSION : 14
EDGE_WEIGHT_TYPE : EUC_2D
NODE_COORD_SECTION
1 0.00 0.00
2 -27.67 -47.67
3 71.06 -16.41
4 7.54 33.77
5 -82.06 -7.27
6 -51.16 -4.35
7 -38.32 11.05
8 44.31 6.64
9 37.08 -66.48
10 -84.10 -1.88
11 -60.72 55.90
12 85.28 -26.52
13 5.82 -35.23
14 43.64 -4.43
ACCEPTED_PROBABILITIES
0.00
0.18
0.21
0.15
0.19
0.19
0.20
0.22
0.20
0.22
0.25
0.24
0.21
0.22
OUTSOURCING_COSTS
0.00
7.11
13.66
0.22
8.78
8.21
10.59
14.93
12.11
14.82
22.08
20.28
14.59
16.04
