NAME : sz-16-prob_type-uniform-prob-0.45-fee_type-direct_prob-fee-2.5
TYPE : TSP
DIMENSION : 16
EDGE_WEIGHT_TYPE : EUC_2D
NODE_COORD_SECTION
1 0.00 0.00
2 49.22 -17.35
3 39.70 54.74
4 64.20 72.18
5 -48.29 -81.32
6 23.75 22.05
7 -82.70 18.11
8 91.87 -28.69
9 -54.17 29.54
10 -86.73 -31.73
11 -9.78 -47.48
12 55.07 59.61
13 -50.98 -57.48
14 -58.60 57.75
15 76.71 33.22
16 75.55 46.22
ACCEPTED_PROBABILITIES
0.00
0.44
0.43
0.46
0.49
0.41
0.44
0.44
0.43
0.46
0.46
0.50
0.45
0.45
0.42
0.45
OUTSOURCING_COSTS
0.00
5.41
4.73
10.27
14.90
0.17
6.71
6.07
3.77
10.77
10.56
16.50
8.86
7.82
1.72
7.77
