NAME : sz-14-prob_type-uniform-prob-0.55-fee_type-inverse_prob-fee-3.1
TYPE : TSP
DIMENSION : 14
EDGE_WEIGHT_TYPE : EUC_2D
NODE_COORD_SECTION
1 0.00 0.00
2 -37.41 5.39
3 83.45 -50.53
4 -76.73 -25.35
5 86.01 17.97
6 -49.00 78.81
7 47.05 -42.75
8 -69.55 33.23
9 76.09 -48.74
10 -6.62 -42.48
11 4.07 13.49
12 13.77 2.95
13 -33.57 -53.02
14 -22.18 -94.78
ACCEPTED_PROBABILITIES
0.00
0.54
0.51
0.59
0.52
0.55
0.58
0.52
0.58
0.59
0.59
0.56
0.54
0.52
OUTSOURCING_COSTS
0.00
14.25
23.61
0.78
21.86
12.71
2.99
21.63
2.41
0.24
0.64
8.60
16.21
22.37
