NAME : sz-18-prob_type-uniform-prob-0.40-fee_type-inverse_prob-fee-3.3
TYPE : TSP
DIMENSION : 18
EDGE_WEIGHT_TYPE : EUC_2D
NODE_COORD_SECTION
1 0.00 0.00
2 -42.95 33.23
3 50.65 -28.11
4 41.08 -1.16
5 14.57 34.59
6 -96.41 -21.78
7 -32.25 87.03
8 14.73 -96.99
9 -49.95 -17.20
10 -54.94 -0.00
11 -30.88 21.49
12 27.89 37.52
13 -36.08 -84.66
14 83.42 2.16
15 -35.11 -73.67
16 -82.76 21.37
17 -44.51 19.18
18 -5.07 86.16
ACCEPTED_PROBABILITIES
0.00
0.39
0.38
0.36
0.41
0.35
0.41
0.44
0.42
0.39
0.43
0.38
0.37
0.40
0.41
0.39
0.40
0.39
OUTSOURCING_COSTS
0.00
10.94
14.21
16.92
6.45
19.22
5.87
0.19
4.39
12.07
1.41
14.50
15.87
8.24
5.57
11.33
9.36
11.96
