NAME : sz-17-prob_type-uniform-prob-0.30-fee_type-direct_prob-fee-3.1
TYPE : TSP
DIMENSION : 17
EDGE_WEIGHT_TYPE : EUC_2D
NODE_COORD_SECTION
1 0.00 0.00
2 -5.66 89.38
3 -49.95 -59.57
4 -78.76 -45.71
5 -62.67 -31.89
6 -38.63 -64.88
7 -61.99 -7.97
8 21.27 7.88
9 9.44 -60.30
10 -34.24 -46.34
11 73.69 -21.18
12 -21.84 30.63
13 15.27 -59.93
14 15.43 19.87
15 -38.93 -38.83
16 25.91 5.81
17 54.99 -71.20
ACCEPTED_PROBABILITIES
0.00
0.32
0.26
0.32
0.29
0.25
0.31
0.25
0.26
0.33
0.30
0.29
0.29
0.30
0.31
0.25
0.29
OUTSOURCING_COSTS
0.00
17.46
2.59
19.07
11.32
0.19
14.01
0.81
2.01
19.18
12.51
10.92
11.31
13.24
16.19
0.19
10.21
