NAME : sz-17-prob_type-uniform-prob-0.10-fee_type-direct_prob-fee-3.4
TYPE : TSP
DIMENSION : 17
EDGE_WEIGHT_TYPE : EUC_2D
NODE_COORD_SECTION
1 0.00 0.00
2 -10.96 11.38
3 13.76 -57.46
4 -37.48 54.06
5 45.32 -43.92
6 47.93 -79.61
7 -60.38 -39.15
8 41.86 -26.47
9 58.26 26.28
10 -73.62 -15.63
11 -16.84 -84.82
12 16.12 96.44
13 -77.85 -49.79
14 79.50 -20.50
15 -23.59 19.83
16 -6.63 -95.11
17 -3.89 -88.95
ACCEPTED_PROBABILITIES
0.00
0.09
0.09
0.13
0.10
0.13
0.07
0.10
0.13
0.10
0.06
0.09
0.08
0.12
0.08
0.06
0.10
OUTSOURCING_COSTS
0.00
9.09
10.19
21.04
12.90
20.46
4.88
11.97
21.04
13.80
0.28
9.27
7.26
17.07
7.76
0.21
12.46
