NAME : sz-19-prob_type-inverse_dist-prob-0.25-fee_type-inverse_prob-fee-3.3
TYPE : TSP
DIMENSION : 19
EDGE_WEIGHT_TYPE : EUC_2D
NODE_COORD_SECTION
1 0.00 0.00
2 13.50 18.08
3 35.89 78.65
4 82.27 28.70
5 0.70 4.41
6 -92.09 21.02
7 -8.50 22.34
8 -16.83 -68.06
9 60.67 37.18
10 5.32 92.83
11 69.57 27.06
12 7.45 71.65
13 -10.25 15.05
14 78.86 37.98
15 -42.58 10.82
16 53.10 73.60
17 -57.54 63.43
18 72.74 49.91
19 57.61 -53.48
ACCEPTED_PROBABILITIES
0.00
0.11
0.26
0.22
0.30
0.25
0.38
0.29
0.24
0.24
0.27
0.25
0.37
0.28
0.37
0.23
0.24
0.25
0.27
OUTSOURCING_COSTS
0.00
18.15
8.16
10.69
5.01
9.01
0.18
5.91
9.20
9.16
7.59
9.09
0.35
6.70
0.62
10.19
9.68
9.10
7.20
