NAME : sz-18-prob_type-inverse_dist-prob-0.25-fee_type-inverse_prob-fee-3.3
TYPE : TSP
DIMENSION : 18
EDGE_WEIGHT_TYPE : EUC_2D
NODE_COORD_SECTION
1 0.00 0.00
2 -2.06 46.96
3 62.48 15.30
4 -12.31 -92.54
5 77.58 -9.00
6 77.68 15.39
7 62.34 -13.66
8 60.94 -3.44
9 -43.36 -2.45
10 1.41 -32.84
11 -15.72 -8.83
12 95.80 7.94
13 -58.46 9.08
14 57.74 -0.82
15 -51.81 77.85
16 -4.09 8.80
17 -49.46 48.46
18 41.56 -19.05
ACCEPTED_PROBABILITIES
0.00
0.15
0.16
0.24
0.28
0.30
0.18
0.29
0.23
0.26
0.35
0.25
0.30
0.15
0.24
0.27
0.22
0.15
OUTSOURCING_COSTS
0.00
18.76
17.74
10.56
6.58
4.72
16.10
5.89
11.21
8.35
0.19
9.56
4.35
19.22
10.17
7.90
12.30
18.62
