NAME : sz-18-prob_type-uniform-prob-0.45-fee_type-direct_prob-fee-3.4
TYPE : TSP
DIMENSION : 18
EDGE_WEIGHT_TYPE : EUC_2D
NODE_COORD_SECTION
1 0.00 0.00
2 -90.86 19.36
3 76.14 31.62
4 22.24 -20.44
5 -16.22 40.00
6 -3.19 -60.87
7 69.61 -31.57
8 -68.21 55.88
9 -80.83 16.14
10 -49.76 38.25
11 -54.38 17.41
12 32.28 -73.83
13 8.54 31.15
14 45.49 14.47
15 0.90 11.00
16 8.85 -0.09
17 29.17 -5.96
18 -57.10 15.45
ACCEPTED_PROBABILITIES
0.00
0.47
0.47
0.47
0.49
0.43
0.48
0.47
0.50
0.44
0.44
0.50
0.50
0.46
0.44
0.44
0.44
0.46
OUTSOURCING_COSTS
0.00
12.59
12.32
12.01
18.03
0.20
15.11
11.32
19.80
4.48
3.88
19.37
19.80
9.59
4.75
3.45
4.68
9.36
