NAME : sz-17-prob_type-inverse_dist-prob-0.50-fee_type-inverse_prob-fee-2.5
TYPE : TSP
DIMENSION : 17
EDGE_WEIGHT_TYPE : EUC_2D
NODE_COORD_SECTION
1 0.00 0.00
2 15.07 -14.07
3 78.02 22.80
4 -46.95 38.17
5 -37.16 22.07
6 -81.57 -28.45
7 -56.28 -72.71
8 51.52 -38.84
9 15.25 -43.51
10 -2.61 -3.20
11 -19.97 82.01
12 32.88 -18.93
13 68.91 54.66
14 21.68 3.86
15 29.44 34.19
16 52.91 -10.46
17 -64.93 60.71
ACCEPTED_PROBABILITIES
0.00
0.62
0.53
0.58
0.51
0.52
0.51
0.58
0.62
0.34
0.52
0.64
0.52
0.62
0.43
0.59
0.51
OUTSOURCING_COSTS
0.00
1.20
5.72
3.09
6.68
6.36
6.86
2.87
0.95
15.47
6.40
0.16
6.04
0.79
10.70
2.73
6.96
