NAME : sz-19-prob_type-inverse_dist-prob-0.25-fee_type-inverse_prob-fee-2.6
TYPE : TSP
DIMENSION : 19
EDGE_WEIGHT_TYPE : EUC_2D
NODE_COORD_SECTION
1 0.00 0.00
2 3.65 15.95
3 23.25 -67.59
4 -2.81 -42.29
5 42.30 26.55
6 62.93 39.88
7 55.70 28.01
8 21.68 -26.30
9 30.39 -74.54
10 63.44 23.24
11 3.50 11.51
12 -54.88 -78.50
13 55.45 -41.57
14 -67.20 -70.75
15 92.87 32.06
16 -51.57 -71.12
17 75.87 -47.45
18 -3.54 -38.81
19 43.64 79.34
ACCEPTED_PROBABILITIES
0.00
0.30
0.20
0.31
0.37
0.20
0.24
0.15
0.28
0.25
0.06
0.26
0.28
0.25
0.25
0.25
0.26
0.30
0.25
OUTSOURCING_COSTS
0.00
2.93
7.66
2.61
0.14
7.86
5.80
9.94
3.94
5.54
14.30
5.16
4.03
5.62
5.62
5.24
4.99
2.90
5.29
