NAME : sz-17-prob_type-uniform-prob-0.50-fee_type-direct_prob-fee-2.6
TYPE : TSP
DIMENSION : 17
EDGE_WEIGHT_TYPE : EUC_2D
NODE_COORD_SECTION
1 0.00 0.00
2 35.14 -54.13
3 68.10 -20.53
4 64.07 68.21
5 87.52 41.70
6 2.82 88.16
7 29.99 6.27
8 31.56 86.59
9 -48.91 -43.37
10 -0.46 57.70
11 -34.72 0.86
12 32.45 36.98
13 25.17 -63.73
14 13.71 65.83
15 -18.43 66.86
16 -46.19 19.48
17 9.84 -37.07
ACCEPTED_PROBABILITIES
0.00
0.53
0.52
0.52
0.45
0.53
0.52
0.53
0.46
0.48
0.46
0.46
0.49
0.47
0.53
0.54
0.55
OUTSOURCING_COSTS
0.00
12.85
11.27
12.12
0.16
14.15
11.61
13.59
1.96
4.17
1.48
1.37
6.73
2.96
13.93
14.83
16.09
