NAME : sz-17-prob_type-uniform-prob-0.25-fee_type-direct_prob-fee-3.3
TYPE : TSP
DIMENSION : 17
EDGE_WEIGHT_TYPE : EUC_2D
NODE_COORD_SECTION
1 0.00 0.00
2 -46.71 -7.35
3 50.07 46.75
4 -67.67 2.83
5 35.57 -46.38
6 4.91 32.83
7 -47.46 76.09
8 65.33 56.38
9 -86.18 -20.24
10 33.81 29.00
11 40.89 41.84
12 0.01 93.35
13 -24.67 26.97
14 39.58 -35.46
15 75.45 -0.48
16 90.35 -11.26
17 62.80 55.87
ACCEPTED_PROBABILITIES
0.00
0.21
0.27
0.26
0.28
0.26
0.26
0.28
0.21
0.23
0.25
0.23
0.25
0.24
0.29
0.25
0.27
OUTSOURCING_COSTS
0.00
0.21
17.59
13.81
19.67
14.50
14.50
18.31
1.38
6.92
10.13
6.64
11.52
9.18
20.42
11.16
16.43
