NAME : sz-19-prob_type-uniform-prob-0.05-fee_type-inverse_prob-fee-3.3
TYPE : TSP
DIMENSION : 19
EDGE_WEIGHT_TYPE : EUC_2D
NODE_COORD_SECTION
1 0.00 0.00
2 -63.86 60.85
3 4.74 -56.78
4 -72.15 8.69
5 47.87 -78.30
6 -76.00 -19.26
7 -0.82 79.63
8 71.86 -64.24
9 -10.72 -42.36
10 76.16 -44.35
11 40.98 -34.78
12 33.79 5.20
13 47.05 -76.91
14 -40.08 19.16
15 -66.22 15.77
16 63.63 62.77
17 12.52 -83.68
18 2.88 20.45
19 -24.93 -10.81
ACCEPTED_PROBABILITIES
0.00
0.10
0.05
0.00
0.03
0.06
0.09
0.10
0.07
0.05
0.09
0.05
0.07
0.06
0.03
0.10
0.06
0.09
0.04
OUTSOURCING_COSTS
0.00
0.43
10.42
18.15
13.72
6.78
2.21
0.18
5.07
8.82
1.51
8.63
5.16
7.58
13.98
0.25
7.61
1.47
11.38
