NAME : sz-19-prob_type-uniform-prob-0.10-fee_type-inverse_prob-fee-3.1
TYPE : TSP
DIMENSION : 19
EDGE_WEIGHT_TYPE : EUC_2D
NODE_COORD_SECTION
1 0.00 0.00
2 1.49 21.87
3 5.91 94.65
4 45.81 50.89
5 -61.55 22.39
6 -74.97 -37.42
7 10.70 -18.02
8 -15.14 18.41
9 64.46 47.16
10 46.80 -18.25
11 -3.95 -81.00
12 45.79 24.35
13 -67.82 -10.28
14 8.74 -0.84
15 -10.23 -28.21
16 39.43 76.81
17 1.92 -67.55
18 -32.68 -5.60
19 -26.66 -90.65
ACCEPTED_PROBABILITIES
0.00
0.11
0.11
0.09
0.11
0.09
0.09
0.10
0.05
0.07
0.08
0.09
0.10
0.14
0.10
0.12
0.13
0.11
0.13
OUTSOURCING_COSTS
0.00
5.57
6.14
10.52
6.04
10.51
10.30
8.85
17.05
14.27
12.18
9.35
8.42
0.17
7.05
4.11
1.37
5.46
2.84
