NAME : sz-14-prob_type-uniform-prob-0.50-fee_type-direct_prob-fee-3.3
TYPE : TSP
DIMENSION : 14
EDGE_WEIGHT_TYPE : EUC_2D
NODE_COORD_SECTION
1 0.00 0.00
2 14.30 84.72
3 5.10 -4.10
4 -46.60 81.73
5 57.83 -13.71
6 -42.58 -88.38
7 -21.49 -10.38
8 91.49 14.72
9 37.87 -29.64
10 41.57 -82.18
11 -0.03 -19.32
12 -80.87 -9.77
13 -24.44 -67.06
14 -16.05 80.94
ACCEPTED_PROBABILITIES
0.00
0.52
0.53
0.52
0.47
0.48
0.50
0.54
0.47
0.49
0.51
0.51
0.46
0.49
OUTSOURCING_COSTS
0.00
19.17
21.72
19.98
1.49
5.40
10.94
25.13
1.43
9.63
14.59
15.36
0.25
7.68
