NAME : sz-19-prob_type-uniform-prob-0.45-fee_type-direct_prob-fee-2.9
TYPE : TSP
DIMENSION : 19
EDGE_WEIGHT_TYPE : EUC_2D
NODE_COORD_SECTION
1 0.00 0.00
2 -88.42 28.09
3 55.70 8.53
4 -80.23 38.98
5 74.62 -25.55
6 -52.55 44.73
7 84.77 22.36
8 80.92 -32.05
9 -0.79 96.68
10 -50.26 46.94
11 76.74 -49.83
12 41.17 30.96
13 21.49 78.67
14 6.77 86.66
15 -3.32 55.73
16 -41.74 86.71
17 -68.41 57.99
18 -12.21 -31.84
19 -58.04 -66.82
ACCEPTED_PROBABILITIES
0.00
0.43
0.43
0.49
0.46
0.48
0.49
0.48
0.41
0.45
0.48
0.49
0.40
0.46
0.49
0.42
0.43
0.46
0.44
OUTSOURCING_COSTS
0.00
5.16
5.62
15.25
10.85
15.15
15.95
14.28
1.28
8.30
14.58
15.95
0.16
9.84
15.56
3.46
5.59
10.50
7.71
