NAME : sz-19-prob_type-uniform-prob-0.05-fee_type-direct_prob-fee-2.8
TYPE : TSP
DIMENSION : 19
EDGE_WEIGHT_TYPE : EUC_2D
NODE_COORD_SECTION
1 0.00 0.00
2 66.06 5.81
3 29.57 16.32
4 -52.19 57.83
5 -0.57 -38.29
6 42.54 -35.27
7 -47.42 31.25
8 -7.12 81.71
9 -23.49 -28.59
10 11.78 8.65
11 81.43 -12.68
12 85.50 -39.49
13 1.51 57.50
14 68.40 -40.11
15 52.49 11.86
16 60.61 26.37
17 -77.77 44.99
18 32.01 15.01
19 33.57 30.79
ACCEPTED_PROBABILITIES
0.00
0.08
0.02
0.02
0.06
0.07
0.00
0.03
0.08
0.02
0.04
0.01
0.06
0.06
0.04
0.09
0.05
0.03
0.10
OUTSOURCING_COSTS
0.00
12.70
2.54
3.35
10.06
10.58
0.16
4.84
12.05
2.13
6.37
1.64
9.98
8.75
6.41
15.12
8.20
4.50
15.40
