NAME : sz-18-prob_type-uniform-prob-0.25-fee_type-inverse_prob
TYPE : TSP
DIMENSION : 18
EDGE_WEIGHT_TYPE : EUC_2D
NODE_COORD_SECTION
1 0.00 0.00
2 -50.94 -15.65
3 36.83 38.88
4 -8.11 -52.81
5 62.39 9.48
6 36.73 59.00
7 -39.76 -52.69
8 24.61 54.93
9 -29.58 22.15
10 70.95 -59.17
11 60.66 -61.26
12 35.70 -78.90
13 -8.39 17.31
14 -23.57 -13.43
15 57.23 4.88
16 92.92 9.17
17 -46.60 0.69
18 69.54 66.13
ACCEPTED_PROBABILITIES
0.00
0.24
0.21
0.29
0.22
0.27
0.20
0.27
0.22
0.22
0.29
0.28
0.25
0.26
0.24
0.21
0.28
0.29
OUTSOURCING_COSTS
0.00
10.78
15.66
0.18
14.43
5.43
17.47
4.96
13.50
13.46
0.42
2.04
8.04
7.27
10.05
15.53
3.71
1.55
