NAME : sz-15-prob_type-uniform-prob-0.35-fee_type-direct_prob-fee-2.8
TYPE : TSP
DIMENSION : 15
EDGE_WEIGHT_TYPE : EUC_2D
NODE_COORD_SECTION
1 0.00 0.00
2 3.73 5.90
3 33.23 -92.55
4 -22.70 85.73
5 -0.60 -37.66
6 16.85 -72.53
7 -36.16 28.94
8 6.86 -37.99
9 5.81 -9.35
10 -4.32 54.65
11 90.69 -23.62
12 58.35 50.13
13 37.09 -54.71
14 43.77 64.01
15 60.52 40.69
ACCEPTED_PROBABILITIES
0.00
0.34
0.32
0.35
0.33
0.34
0.38
0.36
0.32
0.36
0.38
0.39
0.40
0.36
0.36
OUTSOURCING_COSTS
0.00
6.24
1.83
9.19
3.87
6.45
16.10
10.12
0.20
10.72
15.30
18.84
19.80
10.87
11.52
