NAME : sz-16-prob_type-uniform-prob-0.25-fee_type-inverse_prob-fee-3.2
TYPE : TSP
DIMENSION : 16
EDGE_WEIGHT_TYPE : EUC_2D
NODE_COORD_SECTION
1 0.00 0.00
2 83.96 43.30
3 -4.90 -88.34
4 -17.79 -90.29
5 -45.29 -2.15
6 -45.89 -4.60
7 26.11 -76.67
8 -79.69 31.12
9 -72.09 -58.13
10 -78.44 2.00
11 -81.58 17.66
12 69.52 -32.83
13 -65.58 -39.64
14 -38.89 -43.02
15 24.55 -85.20
16 -39.09 32.05
ACCEPTED_PROBABILITIES
0.00
0.30
0.23
0.21
0.29
0.23
0.24
0.23
0.27
0.27
0.27
0.24
0.24
0.22
0.28
0.21
OUTSOURCING_COSTS
0.00
0.21
16.41
21.12
1.80
15.43
13.54
14.43
7.24
5.24
6.83
14.09
13.33
17.99
2.96
19.33
