NAME : sz-16-prob_type-uniform-prob-0.30-fee_type-inverse_prob-fee-3.2
TYPE : TSP
DIMENSION : 16
EDGE_WEIGHT_TYPE : EUC_2D
NODE_COORD_SECTION
1 0.00 0.00
2 40.83 27.87
3 -68.51 -24.04
4 54.75 -60.45
5 -45.17 -66.93
6 -55.85 -52.63
7 8.09 79.73
8 -78.15 62.04
9 -21.63 81.51
10 4.94 -6.41
11 -67.41 -51.65
12 12.31 -11.69
13 -69.15 -60.58
14 42.54 -16.67
15 -33.08 -31.30
16 45.56 31.38
ACCEPTED_PROBABILITIES
0.00
0.26
0.31
0.27
0.25
0.32
0.29
0.26
0.31
0.25
0.26
0.25
0.27
0.28
0.29
0.30
OUTSOURCING_COSTS
0.00
19.41
2.21
14.14
20.44
0.21
10.80
18.05
3.85
21.12
17.46
20.31
14.09
11.59
9.52
7.68
