NAME : sz-14-prob_type-direct_dist-prob-0.25-fee_type-inverse_prob-fee-2.7
TYPE : TSP
DIMENSION : 14
EDGE_WEIGHT_TYPE : EUC_2D
NODE_COORD_SECTION
1 0.00 0.00
2 22.65 48.32
3 35.76 30.35
4 -10.94 55.03
5 -19.40 2.11
6 -84.09 -26.18
7 -87.27 27.25
8 -44.86 -49.28
9 -46.19 32.29
10 -60.96 -52.06
11 -27.73 -88.85
12 34.30 -44.31
13 27.43 -50.27
14 42.51 -90.37
ACCEPTED_PROBABILITIES
0.00
0.15
0.25
0.31
0.25
0.41
0.10
0.13
0.16
0.16
0.28
0.18
0.39
0.25
OUTSOURCING_COSTS
0.00
17.52
10.64
6.33
10.54
0.21
20.56
19.05
16.53
16.62
8.70
15.46
0.98
10.45
