NAME : sz-15-prob_type-uniform-prob-0.20-fee_type-inverse_prob-fee-2.5
TYPE : TSP
DIMENSION : 15
EDGE_WEIGHT_TYPE : EUC_2D
NODE_COORD_SECTION
1 0.00 0.00
2 -29.94 77.99
3 -49.75 52.43
4 24.11 -83.67
5 52.85 57.96
6 89.03 -25.10
7 -25.05 23.09
8 51.12 1.76
9 -60.51 -59.44
10 71.24 66.23
11 12.38 47.53
12 -76.89 29.10
13 -75.96 37.55
14 -64.77 72.44
15 -32.46 38.38
ACCEPTED_PROBABILITIES
0.00
0.16
0.17
0.23
0.20
0.19
0.22
0.19
0.20
0.21
0.17
0.18
0.15
0.19
0.25
OUTSOURCING_COSTS
0.00
16.38
15.28
3.72
9.02
11.08
4.94
10.57
9.60
6.48
14.01
12.17
17.68
11.39
0.18
