NAME : sz-14-prob_type-inverse_dist-prob-0.25-fee_type-inverse_prob-fee-3.2
TYPE : TSP
DIMENSION : 14
EDGE_WEIGHT_TYPE : EUC_2D
NODE_COORD_SECTION
1 0.00 0.00
2 -17.37 64.59
3 96.98 5.26
4 10.83 59.11
5 25.84 -73.00
6 65.45 -1.72
7 -59.81 37.22
8 38.51 -31.64
9 -67.30 -37.79
10 9.65 26.92
11 -29.33 -34.52
12 31.20 19.46
13 -15.56 16.40
14 -54.51 -37.66
ACCEPTED_PROBABILITIES
0.00
0.19
0.25
0.26
0.27
0.26
0.22
0.20
0.23
0.23
0.37
0.25
0.34
0.31
OUTSOURCING_COSTS
0.00
24.37
17.51
15.56
14.68
15.52
21.02
24.01
19.45
19.78
0.25
16.50
4.40
7.99
