NAME : sz-14-prob_type-inverse_dist-prob-0.25-fee_type-inverse_prob-fee-2.6
TYPE : TSP
DIMENSION : 14
EDGE_WEIGHT_TYPE : EUC_2D
NODE_COORD_SECTION
1 0.00 0.00
2 42.22 -71.96
3 36.79 -82.50
4 -17.32 -89.56
5 -48.11 36.35
6 -33.06 88.99
7 77.56 -56.35
8 2.27 -15.64
9 -84.72 24.20
10 79.99 52.10
11 -40.32 -59.73
12 -75.63 54.39
13 44.53 -3.14
14 51.30 -21.68
ACCEPTED_PROBABILITIES
0.00
0.24
0.24
0.25
0.30
0.26
0.25
0.07
0.24
0.25
0.20
0.25
0.35
0.35
OUTSOURCING_COSTS
0.00
7.86
7.82
7.43
3.87
6.53
7.40
19.80
7.58
6.90
10.58
6.88
0.20
0.20
