NAME : sz-18-prob_type-direct_dist-prob-0.50-fee_type-direct_prob-fee-3.4
TYPE : TSP
DIMENSION : 18
EDGE_WEIGHT_TYPE : EUC_2D
NODE_COORD_SECTION
1 0.00 0.00
2 -53.21 -51.56
3 14.33 51.83
4 -12.65 27.72
5 -58.50 38.20
6 -76.87 32.66
7 -38.49 -59.24
8 -52.75 -84.18
9 -1.67 3.91
10 66.40 11.38
11 -82.66 -26.01
12 37.52 83.21
13 -71.91 57.11
14 -47.44 -84.75
15 5.18 -77.67
16 -30.71 -10.44
17 6.96 -90.85
18 6.67 12.19
ACCEPTED_PROBABILITIES
0.00
0.54
0.52
0.55
0.67
0.38
0.43
0.45
0.51
0.49
0.31
0.35
0.37
0.48
0.67
0.48
0.64
0.47
OUTSOURCING_COSTS
0.00
12.63
11.60
13.32
19.80
3.59
6.45
7.90
10.88
9.90
0.20
2.29
3.40
9.09
19.68
9.45
17.93
8.61
