NAME : sz-17-prob_type-direct_dist-prob-0.25-fee_type-direct_prob-fee-3.4
TYPE : TSP
DIMENSION : 17
EDGE_WEIGHT_TYPE : EUC_2D
NODE_COORD_SECTION
1 0.00 0.00
2 16.50 40.37
3 -48.09 -16.20
4 92.15 -31.03
5 -39.56 8.14
6 -51.82 81.20
7 -29.23 36.31
8 30.50 85.46
9 -8.09 -75.62
10 15.77 17.18
11 15.91 62.19
12 -10.53 74.84
13 -30.40 -43.74
14 -10.29 -3.66
15 38.20 48.58
16 21.07 96.07
17 50.43 28.96
ACCEPTED_PROBABILITIES
0.00
0.35
0.30
0.22
0.25
0.11
0.22
0.17
0.28
0.27
0.14
0.14
0.13
0.26
0.36
0.07
0.13
OUTSOURCING_COSTS
0.00
20.18
16.37
11.11
13.27
2.60
10.93
7.20
15.45
14.78
5.44
5.38
4.41
13.58
21.04
0.21
4.29
