NAME : sz-14-prob_type-inverse_dist-prob-0.50-fee_type-direct_prob-fee-3.4
TYPE : TSP
DIMENSION : 14
EDGE_WEIGHT_TYPE : EUC_2D
NODE_COORD_SECTION
1 0.00 0.00
2 -25.79 74.58
3 88.19 45.70
4 -17.49 0.81
5 -12.39 -42.54
6 -68.20 3.79
7 78.21 -35.72
8 -43.03 30.61
9 95.24 19.66
10 -36.70 87.03
11 20.77 -88.25
12 79.75 -1.21
13 33.75 -28.37
14 31.57 -26.62
ACCEPTED_PROBABILITIES
0.00
0.48
0.50
0.39
0.40
0.57
0.48
0.53
0.51
0.50
0.49
0.53
0.44
0.57
OUTSOURCING_COSTS
0.00
12.41
15.34
0.26
0.37
25.89
12.96
19.80
16.40
15.24
13.74
20.30
7.38
25.46
