NAME : sz-15-prob_type-uniform-prob-0.25-fee_type-direct_prob-fee-2.5
TYPE : TSP
DIMENSION : 15
EDGE_WEIGHT_TYPE : EUC_2D
NODE_COORD_SECTION
1 0.00 0.00
2 74.39 -39.46
3 -30.79 15.14
4 52.97 20.39
5 -13.72 -7.98
6 67.60 34.67
7 12.98 4.79
8 -40.58 -38.14
9 -65.62 -13.50
10 71.39 -1.83
11 55.53 12.76
12 -48.58 -0.11
13 -71.16 62.97
14 -78.61 -23.80
15 35.09 -64.83
ACCEPTED_PROBABILITIES
0.00
0.23
0.28
0.21
0.22
0.29
0.27
0.25
0.26
0.23
0.21
0.23
0.23
0.22
0.21
OUTSOURCING_COSTS
0.00
4.84
15.63
0.18
1.67
17.68
14.55
9.73
10.89
4.84
0.63
4.13
5.11
1.21
0.28
