NAME : sz-16-prob_type-inverse_dist-prob-0.25-fee_type-direct_prob
TYPE : TSP
DIMENSION : 16
EDGE_WEIGHT_TYPE : EUC_2D
NODE_COORD_SECTION
1 0.00 0.00
2 58.81 -76.17
3 21.23 -0.50
4 -14.80 -92.44
5 40.70 61.81
6 -87.55 -31.61
7 -6.30 -43.87
8 -22.72 -93.86
9 72.41 -22.76
10 -41.25 70.14
11 -21.33 89.12
12 -59.75 75.20
13 69.32 -15.39
14 -51.07 -30.67
15 -40.04 -65.86
16 59.17 76.00
ACCEPTED_PROBABILITIES
0.00
0.26
0.21
0.25
0.28
0.27
0.29
0.25
0.27
0.24
0.26
0.25
0.19
0.16
0.29
0.26
OUTSOURCING_COSTS
0.00
14.43
7.35
14.24
17.99
15.93
19.61
13.01
17.32
11.77
15.08
13.48
5.27
0.20
19.80
14.63
