NAME : sz-15-prob_type-uniform-prob-0.60-fee_type-direct_prob-fee-3.2
TYPE : TSP
DIMENSION : 15
EDGE_WEIGHT_TYPE : EUC_2D
NODE_COORD_SECTION
1 0.00 0.00
2 -36.40 77.32
3 69.05 -8.98
4 6.26 -20.96
5 -26.06 37.22
6 -79.96 47.78
7 17.71 50.07
8 -55.88 27.57
9 -72.46 50.45
10 49.42 11.04
11 -33.43 57.88
12 61.45 -11.98
13 -32.32 -10.43
14 83.92 1.75
15 7.48 -39.60
ACCEPTED_PROBABILITIES
0.00
0.56
0.61
0.60
0.64
0.62
0.58
0.65
0.56
0.58
0.64
0.62
0.61
0.57
0.59
OUTSOURCING_COSTS
0.00
0.23
11.91
10.62
19.86
14.86
5.95
22.63
0.65
5.69
21.59
14.82
13.06
2.07
9.04
