NAME : sz-14-prob_type-direct_dist-prob-0.50-fee_type-inverse_prob-fee-2.7
TYPE : TSP
DIMENSION : 14
EDGE_WEIGHT_TYPE : EUC_2D
NODE_COORD_SECTION
1 0.00 0.00
2 25.75 96.11
3 -34.69 -4.22
4 52.01 72.41
5 -7.68 -52.65
6 -27.51 -43.64
7 -66.88 -65.14
8 -32.67 -41.47
9 -95.04 27.64
10 73.18 -16.49
11 86.26 7.26
12 29.33 -69.57
13 -83.24 34.93
14 1.56 70.56
ACCEPTED_PROBABILITIES
0.00
0.54
0.42
0.72
0.56
0.52
0.54
0.37
0.32
0.52
0.69
0.66
0.63
0.63
OUTSOURCING_COSTS
0.00
9.23
15.36
0.21
8.00
10.00
9.15
18.04
20.56
10.37
1.42
2.80
4.64
4.64
