NAME : sz-14-prob_type-uniform-prob-0.55-fee_type-inverse_prob-fee-3.5
TYPE : TSP
DIMENSION : 14
EDGE_WEIGHT_TYPE : EUC_2D
NODE_COORD_SECTION
1 0.00 0.00
2 -64.47 -43.49
3 -24.66 -22.73
4 75.28 3.08
5 48.79 -20.39
6 72.68 7.24
7 80.80 -7.17
8 22.30 65.47
9 2.20 -55.45
10 15.14 24.77
11 41.87 19.15
12 69.29 -50.04
13 64.86 31.69
14 -68.87 -3.04
ACCEPTED_PROBABILITIES
0.00
0.53
0.52
0.56
0.56
0.54
0.59
0.51
0.57
0.56
0.53
0.51
0.60
0.54
OUTSOURCING_COSTS
0.00
20.26
21.76
11.80
10.60
17.61
2.58
26.52
9.18
10.98
19.88
26.65
0.27
16.03
