NAME : sz-19-prob_type-uniform-prob-0.50-fee_type-inverse_prob-fee-3.5
TYPE : TSP
DIMENSION : 19
EDGE_WEIGHT_TYPE : EUC_2D
NODE_COORD_SECTION
1 0.00 0.00
2 -28.72 -5.98
3 60.01 30.26
4 -27.62 -27.91
5 -44.81 22.68
6 -36.53 61.59
7 -46.77 30.39
8 -11.69 56.97
9 31.95 84.61
10 19.27 -14.99
11 -89.90 -7.57
12 -36.15 31.37
13 -35.18 49.12
14 -13.12 -71.81
15 -17.57 84.97
16 43.51 -5.76
17 -55.64 -2.09
18 78.31 37.66
19 11.01 -22.00
ACCEPTED_PROBABILITIES
0.00
0.53
0.47
0.45
0.51
0.47
0.52
0.54
0.53
0.54
0.54
0.50
0.53
0.54
0.52
0.49
0.54
0.46
0.45
OUTSOURCING_COSTS
0.00
2.84
14.64
19.25
8.02
16.29
4.34
1.01
3.90
0.19
0.19
10.25
2.90
1.54
4.73
10.62
0.95
17.23
19.25
