NAME : sz-17-prob_type-inverse_dist-prob-0.25-fee_type-inverse_prob-fee-3.3
TYPE : TSP
DIMENSION : 17
EDGE_WEIGHT_TYPE : EUC_2D
NODE_COORD_SECTION
1 0.00 0.00
2 54.83 56.98
3 46.81 61.52
4 8.22 13.80
5 -57.65 -17.66
6 -84.96 -34.38
7 89.25 1.99
8 -52.39 -73.12
9 -56.82 -40.79
10 -22.96 -3.94
11 73.50 56.01
12 46.79 -55.20
13 -27.79 46.35
14 -30.31 -63.37
15 58.88 -14.63
16 65.95 71.32
17 34.19 -93.85
ACCEPTED_PROBABILITIES
0.00
0.23
0.21
0.45
0.33
0.26
0.23
0.28
0.20
0.12
0.26
0.29
0.26
0.31
0.34
0.26
0.25
OUTSOURCING_COSTS
0.00
14.01
14.93
0.21
7.52
11.83
13.84
11.06
15.51
20.42
12.22
10.27
12.00
8.70
6.88
12.23
12.62
