NAME : sz-15-prob_type-uniform-prob-0.50-fee_type-inverse_prob
TYPE : TSP
DIMENSION : 15
EDGE_WEIGHT_TYPE : EUC_2D
NODE_COORD_SECTION
1 0.00 0.00
2 -40.44 7.93
3 -72.83 52.96
4 49.36 11.00
5 -67.83 -53.80
6 60.11 77.32
7 26.77 6.85
8 -7.89 62.59
9 -22.60 96.48
10 38.62 -70.97
11 -88.43 -16.51
12 -69.05 -53.33
13 6.03 82.86
14 -41.57 81.85
15 -15.44 38.32
ACCEPTED_PROBABILITIES
0.00
0.48
0.52
0.52
0.53
0.54
0.49
0.51
0.53
0.48
0.52
0.48
0.48
0.48
0.52
OUTSOURCING_COSTS
0.00
20.76
7.25
7.56
4.12
0.21
17.36
10.15
3.74
20.21
6.73
21.21
21.21
20.01
6.62
