NAME : sz-16-prob_type-inverse_dist-prob-0.25-fee_type-inverse_prob-fee-2.5
TYPE : TSP
DIMENSION : 16
EDGE_WEIGHT_TYPE : EUC_2D
NODE_COORD_SECTION
1 0.00 0.00
2 6.57 -90.86
3 -71.46 39.91
4 36.31 -66.08
5 32.25 86.40
6 56.78 64.36
7 0.29 74.72
8 -16.02 67.21
9 -15.20 -89.31
10 20.02 43.40
11 -21.73 -0.32
12 12.19 -13.92
13 -0.41 -98.25
14 -41.12 -30.21
15 -18.17 -90.86
16 -86.15 38.41
ACCEPTED_PROBABILITIES
0.00
0.25
0.24
0.26
0.24
0.23
0.29
0.28
0.27
0.21
0.41
0.41
0.25
0.20
0.26
0.26
OUTSOURCING_COSTS
0.00
12.76
13.24
12.15
13.21
14.23
9.17
10.39
11.14
15.60
0.17
0.17
12.61
16.50
12.24
11.83
