NAME : sz-16-prob_type-uniform-prob-0.05-fee_type-direct_prob-fee-3.5
TYPE : TSP
DIMENSION : 16
EDGE_WEIGHT_TYPE : EUC_2D
NODE_COORD_SECTION
1 0.00 0.00
2 46.01 4.99
3 -58.30 -69.60
4 -33.39 51.71
5 -3.70 85.95
6 53.37 -65.02
7 55.37 25.39
8 6.03 98.88
9 -57.76 15.78
10 78.36 6.96
11 22.06 -17.77
12 18.52 -47.75
13 -68.34 -16.54
14 -40.69 28.20
15 -39.32 -1.05
16 -3.12 62.99
ACCEPTED_PROBABILITIES
0.00
0.08
0.06
0.06
0.09
0.04
0.07
0.09
0.04
0.05
0.06
0.05
0.06
0.09
0.10
0.03
OUTSOURCING_COSTS
0.00
18.86
12.06
10.20
21.80
5.08
14.99
20.40
5.05
9.33
9.77
8.12
11.69
21.71
23.10
0.23
