NAME : sz-18-prob_type-uniform-prob-0.50-fee_type-direct_prob
TYPE : TSP
DIMENSION : 18
EDGE_WEIGHT_TYPE : EUC_2D
NODE_COORD_SECTION
1 0.00 0.00
2 88.63 45.44
3 22.07 -71.02
4 71.04 14.97
5 69.14 -70.90
6 90.12 -39.51
7 92.05 -9.97
8 -85.67 -11.72
9 64.18 19.41
10 41.58 26.89
11 53.42 -82.60
12 -86.94 42.01
13 13.47 -33.52
14 23.74 45.90
15 -64.92 46.15
16 -95.70 -11.71
17 -70.47 -18.36
18 -74.59 -44.56
ACCEPTED_PROBABILITIES
0.00
0.46
0.51
0.53
0.52
0.54
0.54
0.46
0.45
0.51
0.54
0.46
0.50
0.53
0.49
0.53
0.46
0.50
OUTSOURCING_COSTS
0.00
2.29
11.90
15.89
13.90
16.78
17.47
2.53
0.18
10.70
16.79
1.24
9.55
16.46
8.11
14.78
0.74
8.82
