NAME : sz-16-prob_type-direct_dist-prob-0.25-fee_type-direct_prob-fee-2.9
TYPE : TSP
DIMENSION : 16
EDGE_WEIGHT_TYPE : EUC_2D
NODE_COORD_SECTION
1 0.00 0.00
2 -54.28 -45.01
3 -45.25 -40.92
4 83.61 23.89
5 -12.11 8.78
6 54.72 48.93
7 -51.28 85.33
8 -25.61 25.02
9 43.34 86.22
10 64.90 40.96
11 -3.72 -54.44
12 16.64 3.75
13 94.85 -16.32
14 -9.11 -0.07
15 -69.99 36.36
16 -27.71 50.80
ACCEPTED_PROBABILITIES
0.00
0.16
0.28
0.46
0.23
0.19
0.12
0.29
0.48
0.26
0.36
0.25
0.11
0.25
0.19
0.16
OUTSOURCING_COSTS
0.00
2.53
9.15
18.32
6.33
4.12
0.76
9.58
19.14
7.82
13.27
7.24
0.19
7.51
4.39
2.84
