NAME : sz-17-prob_type-direct_dist-prob-0.25-fee_type-inverse_prob
TYPE : TSP
DIMENSION : 17
EDGE_WEIGHT_TYPE : EUC_2D
NODE_COORD_SECTION
1 0.00 0.00
2 -26.97 51.17
3 -47.71 -14.01
4 -45.04 51.52
5 54.32 78.75
6 42.70 -28.41
7 -6.72 39.06
8 7.71 -4.52
9 -62.66 -61.11
10 -37.17 -35.32
11 91.95 -6.84
12 52.50 83.76
13 -9.86 35.32
14 -46.83 67.02
15 10.50 -21.57
16 -37.61 24.99
17 75.72 -31.07
ACCEPTED_PROBABILITIES
0.00
0.30
0.16
0.29
0.46
0.26
0.32
0.24
0.34
0.26
0.34
0.39
0.18
0.25
0.22
0.22
0.25
OUTSOURCING_COSTS
0.00
9.54
18.56
10.39
0.19
12.26
8.47
13.38
7.19
12.44
7.59
3.93
17.43
13.12
15.10
14.84
12.79
