NAME : sz-18-prob_type-inverse_dist-prob-0.25-fee_type-inverse_prob-fee-3.1
TYPE : TSP
DIMENSION : 18
EDGE_WEIGHT_TYPE : EUC_2D
NODE_COORD_SECTION
1 0.00 0.00
2 -16.60 87.20
3 10.37 -45.92
4 -36.87 14.65
5 -59.58 -7.39
6 -10.27 -44.37
7 -61.59 -71.81
8 51.73 -7.21
9 53.27 -17.57
10 -66.64 49.40
11 13.44 -39.49
12 23.02 -30.28
13 17.87 -77.65
14 -87.52 44.01
15 -64.19 -8.58
16 65.30 16.91
17 -28.27 -10.71
18 -40.74 15.59
ACCEPTED_PROBABILITIES
0.00
0.24
0.35
0.32
0.16
0.30
0.24
0.18
0.15
0.25
0.18
0.21
0.30
0.25
0.19
0.31
0.39
0.26
OUTSOURCING_COSTS
0.00
11.16
2.67
5.27
17.02
6.96
11.13
15.44
18.05
10.38
15.66
13.76
6.79
10.45
15.27
6.12
0.18
9.30
