NAME : sz-19-prob_type-direct_dist-prob-0.25-fee_type-inverse_prob-fee-3.4
TYPE : TSP
DIMENSION : 19
EDGE_WEIGHT_TYPE : EUC_2D
NODE_COORD_SECTION
1 0.00 0.00
2 -23.81 -16.31
3 27.47 -82.39
4 70.86 -67.93
5 -33.79 -17.14
6 76.69 42.45
7 65.30 -23.69
8 29.08 60.01
9 -35.73 -52.45
10 41.37 -25.77
11 -63.01 -5.05
12 6.46 -39.12
13 0.39 66.66
14 -18.57 -77.49
15 26.51 14.73
16 -1.65 4.33
17 51.65 -85.04
18 -47.65 44.54
19 45.93 -3.97
ACCEPTED_PROBABILITIES
0.00
0.24
0.09
0.06
0.25
0.06
0.14
0.28
0.39
0.20
0.10
0.24
0.26
0.18
0.32
0.25
0.06
0.25
0.36
OUTSOURCING_COSTS
0.00
8.76
17.35
18.68
8.20
18.70
14.36
5.93
0.19
10.53
16.81
8.63
7.63
12.11
4.12
7.68
18.70
8.08
1.78
