NAME : sz-18-prob_type-uniform-prob-0.35-fee_type-direct_prob-fee-2.7
TYPE : TSP
DIMENSION : 18
EDGE_WEIGHT_TYPE : EUC_2D
NODE_COORD_SECTION
1 0.00 0.00
2 26.15 74.62
3 31.36 47.77
4 84.89 23.39
5 74.93 -63.98
6 35.73 35.18
7 -37.73 -11.60
8 -7.07 13.85
9 -1.56 50.73
10 3.34 47.20
11 10.00 47.83
12 -24.12 -87.68
13 64.28 -13.31
14 -13.00 30.34
15 69.28 -23.62
16 -80.98 22.85
17 -23.10 -66.44
18 26.30 -25.62
ACCEPTED_PROBABILITIES
0.00
0.32
0.39
0.35
0.31
0.34
0.32
0.31
0.37
0.39
0.34
0.40
0.33
0.31
0.34
0.33
0.31
0.31
OUTSOURCING_COSTS
0.00
3.06
13.68
8.09
1.13
5.47
2.77
0.16
10.27
14.35
6.50
15.72
3.55
1.19
5.37
4.15
0.97
0.50
