NAME : sz-14-prob_type-uniform-prob-0.40-fee_type-inverse_prob
TYPE : TSP
DIMENSION : 14
EDGE_WEIGHT_TYPE : EUC_2D
NODE_COORD_SECTION
1 0.00 0.00
2 -88.19 4.05
3 -29.42 -64.58
4 5.85 -54.41
5 4.49 -49.04
6 -56.06 72.05
7 41.54 -28.21
8 7.92 -99.66
9 19.72 -91.37
10 19.05 -21.51
11 12.04 -97.45
12 -43.91 47.93
13 -15.15 -89.09
14 3.29 7.51
ACCEPTED_PROBABILITIES
0.00
0.38
0.40
0.37
0.44
0.35
0.41
0.36
0.38
0.43
0.41
0.44
0.43
0.41
OUTSOURCING_COSTS
0.00
14.37
10.19
16.99
0.23
22.85
8.70
21.16
15.06
2.25
6.41
0.99
1.36
7.74
