NAME : sz-15-prob_type-uniform-prob-0.20-fee_type-inverse_prob-fee-2.9
TYPE : TSP
DIMENSION : 15
EDGE_WEIGHT_TYPE : EUC_2D
NODE_COORD_SECTION
1 0.00 0.00
2 4.81 -33.96
3 -17.44 78.46
4 -28.02 43.72
5 -13.31 30.27
6 84.96 26.42
7 43.54 -48.19
8 -77.50 57.77
9 -16.19 -77.16
10 -56.39 4.47
11 -9.94 -40.21
12 88.90 21.99
13 21.70 -22.49
14 -58.51 11.77
15 -2.10 41.89
ACCEPTED_PROBABILITIES
0.00
0.18
0.20
0.21
0.19
0.16
0.22
0.17
0.23
0.17
0.19
0.19
0.24
0.19
0.18
OUTSOURCING_COSTS
0.00
15.51
10.83
7.57
14.80
20.51
4.50
20.15
3.75
19.20
12.69
12.93
0.21
13.91
17.33
