NAME : sz-19-prob_type-uniform-prob-0.30-fee_type-inverse_prob-fee-2.7
TYPE : TSP
DIMENSION : 19
EDGE_WEIGHT_TYPE : EUC_2D
NODE_COORD_SECTION
1 0.00 0.00
2 65.46 -63.89
3 8.59 70.81
4 -63.34 73.32
5 77.80 29.47
6 0.34 22.30
7 -66.26 13.91
8 -34.39 72.85
9 -56.10 53.17
10 60.07 -37.68
11 80.96 7.20
12 58.28 14.83
13 27.63 -58.37
14 -50.03 -76.07
15 -19.93 -57.74
16 -33.04 -20.96
17 -61.68 -26.43
18 -64.35 75.83
19 -70.87 46.58
ACCEPTED_PROBABILITIES
0.00
0.29
0.34
0.25
0.28
0.33
0.29
0.26
0.29
0.33
0.28
0.31
0.33
0.29
0.33
0.31
0.31
0.33
0.27
OUTSOURCING_COSTS
0.00
9.03
0.15
14.85
11.38
2.92
8.87
14.00
9.68
2.50
10.32
5.30
2.74
8.74
2.58
4.87
5.40
2.43
13.19
