NAME : sz-18-prob_type-uniform-prob-0.50-fee_type-inverse_prob-fee-2.7
TYPE : TSP
DIMENSION : 18
EDGE_WEIGHT_TYPE : EUC_2D
NODE_COORD_SECTION
1 0.00 0.00
2 53.67 -79.41
3 38.56 -1.06
4 66.47 -56.41
5 43.31 3.96
6 -64.37 72.54
7 -86.91 30.96
8 -17.83 34.05
9 35.35 56.48
10 25.54 -89.92
11 43.99 -68.01
12 21.70 20.96
13 3.86 -65.52
14 58.32 4.25
15 -44.88 -7.45
16 82.48 -6.21
17 -41.19 -13.21
18 -73.57 -9.72
ACCEPTED_PROBABILITIES
0.00
0.49
0.47
0.50
0.47
0.53
0.50
0.49
0.54
0.45
0.49
0.53
0.51
0.46
0.46
0.55
0.53
0.46
OUTSOURCING_COSTS
0.00
10.56
13.14
8.74
13.14
3.21
8.22
9.69
1.45
15.72
9.28
2.50
6.61
14.14
15.46
0.16
2.60
14.18
