NAME : sz-18-prob_type-uniform-prob-0.25-fee_type-direct_prob-fee-3.2
TYPE : TSP
DIMENSION : 18
EDGE_WEIGHT_TYPE : EUC_2D
NODE_COORD_SECTION
1 0.00 0.00
2 -70.41 25.57
3 35.11 -77.76
4 -45.76 58.31
5 9.73 3.72
6 39.27 12.93
7 64.69 31.05
8 -19.73 -14.85
9 -34.12 66.06
10 12.62 94.83
11 52.91 55.93
12 33.05 38.84
13 -28.79 93.62
14 -44.67 -78.43
15 27.14 54.08
16 -6.53 -75.68
17 -8.50 48.23
18 46.29 -45.86
ACCEPTED_PROBABILITIES
0.00
0.21
0.29
0.24
0.30
0.25
0.28
0.26
0.29
0.24
0.26
0.29
0.25
0.21
0.21
0.20
0.24
0.26
OUTSOURCING_COSTS
0.00
1.30
16.56
7.13
18.64
9.89
15.55
12.16
17.69
8.19
11.40
17.10
9.71
0.96
2.02
0.19
6.48
11.56
