NAME : sz-19-prob_type-inverse_dist-prob-0.25-fee_type-inverse_prob-fee-2.8
TYPE : TSP
DIMENSION : 19
EDGE_WEIGHT_TYPE : EUC_2D
NODE_COORD_SECTION
1 0.00 0.00
2 6.06 -79.69
3 -65.78 -65.12
4 -85.07 -7.40
5 6.33 -46.51
6 57.91 33.00
7 68.16 -68.06
8 50.74 -56.46
9 32.20 -63.24
10 -83.07 -55.24
11 51.07 20.96
12 65.11 42.10
13 -75.56 -56.17
14 41.44 -12.85
15 81.54 -37.97
16 -59.43 0.58
17 16.05 -66.76
18 -13.35 -76.29
19 68.96 -15.20
ACCEPTED_PROBABILITIES
0.00
0.26
0.24
0.23
0.31
0.30
0.24
0.28
0.28
0.25
0.29
0.20
0.24
0.17
0.27
0.16
0.24
0.25
0.32
OUTSOURCING_COSTS
0.00
6.22
8.01
8.67
0.71
1.82
7.52
4.03
4.16
6.93
3.40
11.92
8.10
15.16
5.24
15.40
7.77
7.25
0.16
