NAME : sz-14-prob_type-uniform-prob-0.40-fee_type-inverse_prob-fee-2.5
TYPE : TSP
DIMENSION : 14
EDGE_WEIGHT_TYPE : EUC_2D
NODE_COORD_SECTION
1 0.00 0.00
2 30.44 81.11
3 -80.51 5.66
4 -8.26 30.26
5 63.87 -16.58
6 -48.39 71.58
7 -69.62 47.48
8 -82.76 42.67
9 21.49 -46.03
10 21.12 73.56
11 15.27 -90.79
12 3.53 -4.32
13 52.90 81.05
14 64.06 28.20
ACCEPTED_PROBABILITIES
0.00
0.41
0.43
0.40
0.37
0.36
0.42
0.44
0.38
0.38
0.37
0.37
0.37
0.42
OUTSOURCING_COSTS
0.00
6.76
3.85
9.29
16.99
19.04
4.35
0.19
13.44
12.88
15.51
17.06
15.81
4.69
