NAME : sz-18-prob_type-uniform-prob-0.40-fee_type-direct_prob-fee-2.6
TYPE : TSP
DIMENSION : 18
EDGE_WEIGHT_TYPE : EUC_2D
NODE_COORD_SECTION
1 0.00 0.00
2 -32.70 76.21
3 -27.41 59.58
4 -73.11 15.98
5 -62.68 77.85
6 81.15 52.78
7 -81.45 1.27
8 -91.63 18.73
9 -10.37 -70.28
10 -68.01 42.63
11 -85.11 2.78
12 -55.07 -4.30
13 36.63 -54.77
14 60.17 -11.94
15 -6.38 53.85
16 -1.23 47.71
17 -1.04 -57.10
18 -21.62 12.35
ACCEPTED_PROBABILITIES
0.00
0.38
0.40
0.43
0.39
0.42
0.43
0.43
0.38
0.42
0.37
0.43
0.41
0.43
0.38
0.36
0.38
0.36
OUTSOURCING_COSTS
0.00
4.73
8.33
14.00
5.78
12.91
15.14
13.60
4.16
13.33
2.65
14.74
10.22
14.94
4.42
0.15
4.25
0.40
