NAME : sz-19-prob_type-inverse_dist-prob-0.50-fee_type-inverse_prob-fee-2.6
TYPE : TSP
DIMENSION : 19
EDGE_WEIGHT_TYPE : EUC_2D
NODE_COORD_SECTION
1 0.00 0.00
2 67.52 -44.62
3 -59.70 36.08
4 -17.57 63.01
5 -70.14 47.61
6 8.70 -78.58
7 -30.40 69.76
8 -46.90 86.14
9 14.56 90.98
10 11.12 -34.59
11 -85.92 -16.44
12 15.61 68.87
13 -83.61 -17.89
14 -46.07 -2.00
15 -43.82 -21.95
16 6.26 98.07
17 -15.62 -36.03
18 55.06 -47.37
19 7.33 38.99
ACCEPTED_PROBABILITIES
0.00
0.52
0.44
0.56
0.50
0.48
0.50
0.50
0.51
0.47
0.50
0.52
0.52
0.46
0.60
0.50
0.65
0.48
0.53
OUTSOURCING_COSTS
0.00
9.10
14.30
6.56
10.28
12.07
10.85
10.81
10.13
12.31
10.89
9.02
8.79
13.55
3.51
10.26
0.14
11.66
8.33
