NAME : sz-16-prob_type-uniform-prob-0.50-fee_type-direct_prob-fee-2.9
TYPE : TSP
DIMENSION : 16
EDGE_WEIGHT_TYPE : EUC_2D
NODE_COORD_SECTION
1 0.00 0.00
2 -44.98 20.64
3 79.58 -50.39
4 55.30 -37.24
5 20.40 40.07
6 -11.83 52.57
7 -58.61 0.81
8 -40.72 71.72
9 -49.70 74.23
10 -64.32 -39.26
11 -30.82 -59.72
12 23.46 -62.21
13 23.53 -2.98
14 -57.55 21.00
15 -20.97 -2.14
16 15.48 -40.43
ACCEPTED_PROBABILITIES
0.00
0.47
0.53
0.50
0.54
0.46
0.49
0.52
0.47
0.46
0.48
0.53
0.50
0.52
0.49
0.47
OUTSOURCING_COSTS
0.00
2.41
16.45
10.45
19.14
0.19
8.77
15.38
2.89
1.43
6.36
17.84
10.97
14.74
9.13
2.52
