NAME : sz-19-prob_type-uniform-prob-0.05-fee_type-direct_prob-fee-3.3
TYPE : TSP
DIMENSION : 19
EDGE_WEIGHT_TYPE : EUC_2D
NODE_COORD_SECTION
1 0.00 0.00
2 43.15 75.76
3 12.11 23.12
4 -87.26 -26.25
5 59.76 19.27
6 89.20 30.58
7 80.14 4.29
8 -25.41 48.13
9 -43.16 4.70
10 -18.22 -79.17
11 -64.86 7.87
12 -18.70 -51.83
13 23.96 74.72
14 0.83 28.19
15 -19.74 36.58
16 8.44 -64.60
17 59.57 -63.86
18 98.33 -8.27
19 -20.94 -88.21
ACCEPTED_PROBABILITIES
0.00
0.02
0.03
0.03
0.10
0.02
0.08
0.04
0.07
0.02
0.02
0.07
0.00
0.02
0.05
0.07
0.03
0.03
0.02
OUTSOURCING_COSTS
0.00
3.38
5.68
4.92
18.15
2.79
14.45
7.09
12.12
3.32
2.99
12.90
0.18
3.76
8.68
11.98
4.47
5.52
2.36
