NAME : sz-19-prob_type-uniform-prob-0.55-fee_type-inverse_prob-fee-2.7
TYPE : TSP
DIMENSION : 19
EDGE_WEIGHT_TYPE : EUC_2D
NODE_COORD_SECTION
1 0.00 0.00
2 -28.66 -89.20
3 43.00 -52.03
4 70.03 25.46
5 18.36 42.53
6 -21.44 -42.76
7 0.62 50.91
8 -22.88 53.27
9 14.15 39.12
10 -63.70 75.93
11 -70.79 45.43
12 -5.24 -53.21
13 -1.29 -41.98
14 -7.68 -45.27
15 -84.94 -7.58
16 -10.80 -81.79
17 -72.38 -27.82
18 -15.65 -90.05
19 6.45 5.74
ACCEPTED_PROBABILITIES
0.00
0.59
0.53
0.60
0.60
0.54
0.50
0.55
0.58
0.57
0.55
0.50
0.52
0.52
0.52
0.58
0.51
0.50
0.53
OUTSOURCING_COSTS
0.00
2.05
10.65
0.15
0.15
8.61
14.85
7.18
3.55
4.63
8.16
14.85
12.47
12.03
11.79
2.68
13.07
14.85
10.91
