NAME : sz-14-prob_type-uniform-prob-0.15-fee_type-inverse_prob-fee-2.7
TYPE : TSP
DIMENSION : 14
EDGE_WEIGHT_TYPE : EUC_2D
NODE_COORD_SECTION
1 0.00 0.00
2 72.91 44.56
3 -3.90 -14.03
4 -33.09 44.09
5 -3.33 93.45
6 59.20 -15.58
7 0.15 -57.64
8 -31.76 -86.81
9 93.25 5.40
10 -23.50 -81.96
11 50.29 -7.53
12 67.35 -52.79
13 -67.11 59.85
14 -36.26 -72.99
ACCEPTED_PROBABILITIES
0.00
0.18
0.14
0.11
0.20
0.19
0.19
0.17
0.17
0.17
0.17
0.15
0.16
0.16
OUTSOURCING_COSTS
0.00
3.80
13.95
20.56
0.21
3.09
0.93
6.28
7.62
7.25
6.01
11.76
8.99
8.19
