NAME : sz-18-prob_type-inverse_dist-prob-0.25-fee_type-inverse_prob
TYPE : TSP
DIMENSION : 18
EDGE_WEIGHT_TYPE : EUC_2D
NODE_COORD_SECTION
1 0.00 0.00
2 31.96 -91.82
3 71.81 -39.41
4 15.56 -86.01
5 -54.98 43.43
6 5.67 77.58
7 -95.77 -24.59
8 -46.80 78.11
9 48.93 70.35
10 27.73 48.92
11 63.98 47.36
12 -17.48 -91.69
13 -41.19 -40.86
14 -55.67 -57.39
15 72.74 7.93
16 79.76 -17.23
17 31.79 26.72
18 59.92 58.40
ACCEPTED_PROBABILITIES
0.00
0.25
0.21
0.22
0.19
0.20
0.25
0.26
0.26
0.32
0.23
0.24
0.31
0.28
0.30
0.24
0.34
0.27
OUTSOURCING_COSTS
0.00
10.97
16.20
14.06
17.47
16.29
11.28
9.57
10.26
2.65
13.47
12.45
4.51
7.08
5.32
12.03
0.18
8.74
