NAME : sz-19-prob_type-uniform-prob-0.25-fee_type-inverse_prob-fee-2.5
TYPE : TSP
DIMENSION : 19
EDGE_WEIGHT_TYPE : EUC_2D
NODE_COORD_SECTION
1 0.00 0.00
2 92.34 25.30
3 -23.41 -51.20
4 28.96 -90.54
5 -58.81 -79.32
6 97.06 -11.82
7 79.25 24.02
8 4.18 47.21
9 34.77 -13.73
10 -45.32 4.05
11 66.01 -44.70
12 -18.98 -12.67
13 -43.00 -9.92
14 27.18 50.09
15 43.05 -51.69
16 -34.13 46.14
17 -44.79 36.74
18 41.07 -36.06
19 -56.52 -30.17
ACCEPTED_PROBABILITIES
0.00
0.22
0.24
0.26
0.20
0.30
0.28
0.29
0.21
0.21
0.23
0.27
0.28
0.26
0.25
0.28
0.27
0.25
0.28
OUTSOURCING_COSTS
0.00
11.57
9.07
6.09
13.75
0.14
3.01
1.17
12.39
12.36
10.23
4.67
2.83
5.93
7.83
3.46
4.52
6.98
2.34
