NAME : sz-14-prob_type-uniform-prob-0.10-fee_type-direct_prob
TYPE : TSP
DIMENSION : 14
EDGE_WEIGHT_TYPE : EUC_2D
NODE_COORD_SECTION
1 0.00 0.00
2 -55.45 -74.61
3 36.53 -54.40
4 94.59 31.01
5 31.87 7.61
6 -38.29 -62.50
7 80.47 -20.63
8 24.68 -63.76
9 -29.21 -50.20
10 -45.24 82.29
11 -13.29 -1.40
12 -64.66 -6.53
13 20.93 -78.33
14 -2.12 -75.39
ACCEPTED_PROBABILITIES
0.00
0.09
0.11
0.11
0.10
0.14
0.12
0.15
0.05
0.13
0.06
0.12
0.07
0.05
OUTSOURCING_COSTS
0.00
8.28
14.75
14.25
11.61
21.18
16.47
22.85
0.23
18.10
0.40
16.00
3.58
0.23
