NAME : sz-16-prob_type-uniform-prob-0.40-fee_type-direct_prob-fee-2.6
TYPE : TSP
DIMENSION : 16
EDGE_WEIGHT_TYPE : EUC_2D
NODE_COORD_SECTION
1 0.00 0.00
2 24.08 -37.97
3 -23.47 -8.78
4 69.90 -45.49
5 30.52 -6.16
6 -38.38 13.99
7 -21.55 -70.52
8 14.57 -72.61
9 -30.88 -17.14
10 -26.05 -26.90
11 44.10 30.89
12 -64.22 43.23
13 -51.12 -59.40
14 25.91 43.33
15 30.79 34.94
16 91.79 -19.89
ACCEPTED_PROBABILITIES
0.00
0.42
0.45
0.41
0.41
0.44
0.42
0.39
0.42
0.38
0.36
0.44
0.41
0.39
0.37
0.37
OUTSOURCING_COSTS
0.00
12.31
17.16
10.23
10.36
16.72
11.30
6.99
11.93
4.63
0.17
16.01
10.02
5.78
2.18
1.89
