NAME : sz-17-prob_type-uniform-prob-0.10-fee_type-direct_prob-fee-2.7
TYPE : TSP
DIMENSION : 17
EDGE_WEIGHT_TYPE : EUC_2D
NODE_COORD_SECTION
1 0.00 0.00
2 -48.92 -82.75
3 34.41 38.14
4 -79.28 3.16
5 -2.34 15.32
6 38.31 14.17
7 -5.27 -68.33
8 -1.93 -33.58
9 -81.88 19.62
10 8.59 16.50
11 -11.28 -95.01
12 -44.61 -75.82
13 76.87 -56.91
14 76.09 -21.56
15 -1.76 80.64
16 -22.76 39.91
17 -10.12 28.50
ACCEPTED_PROBABILITIES
0.00
0.11
0.13
0.08
0.12
0.07
0.13
0.10
0.09
0.08
0.06
0.15
0.09
0.10
0.07
0.07
0.14
OUTSOURCING_COSTS
0.00
10.20
13.97
4.57
11.11
0.94
12.92
8.48
5.07
2.60
0.17
16.71
5.08
7.71
0.66
1.68
14.68
