NAME : sz-18-prob_type-uniform-prob-0.50-fee_type-direct_prob-fee-2.8
TYPE : TSP
DIMENSION : 18
EDGE_WEIGHT_TYPE : EUC_2D
NODE_COORD_SECTION
1 0.00 0.00
2 81.56 3.14
3 -36.84 -23.69
4 -36.25 24.53
5 60.67 -31.89
6 -43.80 67.39
7 28.88 77.03
8 64.90 31.10
9 50.17 36.06
10 -6.12 -9.65
11 4.20 98.10
12 46.39 -46.24
13 41.50 -60.02
14 -21.86 92.93
15 -88.32 -37.85
16 85.77 28.49
17 13.24 -1.60
18 45.60 -56.52
ACCEPTED_PROBABILITIES
0.00
0.52
0.54
0.47
0.45
0.46
0.48
0.53
0.50
0.52
0.50
0.46
0.52
0.50
0.47
0.52
0.52
0.48
OUTSOURCING_COSTS
0.00
12.24
16.31
4.25
0.16
0.78
5.30
13.79
8.95
11.57
8.92
0.95
12.02
8.30
4.26
13.04
11.67
5.15
