NAME : sz-16-prob_type-uniform-prob-0.25-fee_type-inverse_prob-fee-2.8
TYPE : TSP
DIMENSION : 16
EDGE_WEIGHT_TYPE : EUC_2D
NODE_COORD_SECTION
1 0.00 0.00
2 21.08 -65.26
3 -43.99 -14.13
4 -29.15 -62.32
5 75.68 60.36
6 -16.19 -36.76
7 24.23 80.93
8 3.18 24.06
9 55.26 77.36
10 17.61 -40.07
11 64.44 -64.84
12 60.60 12.22
13 44.30 71.08
14 -97.03 5.72
15 43.28 -45.14
16 32.48 8.44
ACCEPTED_PROBABILITIES
0.00
0.21
0.28
0.22
0.30
0.25
0.29
0.27
0.24
0.23
0.23
0.21
0.24
0.29
0.30
0.23
OUTSOURCING_COSTS
0.00
18.48
2.94
16.80
0.19
9.98
2.08
6.28
13.73
14.37
14.75
18.48
13.71
2.20
0.19
14.08
