NAME : sz-17-prob_type-uniform-prob-0.40-fee_type-inverse_prob-fee-2.5
TYPE : TSP
DIMENSION : 17
EDGE_WEIGHT_TYPE : EUC_2D
NODE_COORD_SECTION
1 0.00 0.00
2 41.05 -70.42
3 -11.77 48.19
4 12.84 43.13
5 10.98 90.64
6 3.69 -91.66
7 50.13 50.34
8 -3.93 47.29
9 -81.09 -2.61
10 38.01 -78.45
11 -41.28 23.15
12 21.67 56.47
13 76.83 18.03
14 -67.43 55.42
15 -44.19 46.35
16 87.77 -7.83
17 -46.20 62.23
ACCEPTED_PROBABILITIES
0.00
0.38
0.40
0.44
0.43
0.38
0.44
0.38
0.43
0.35
0.37
0.38
0.36
0.43
0.41
0.36
0.44
OUTSOURCING_COSTS
0.00
10.21
7.23
0.16
2.47
10.22
0.16
9.64
1.09
15.47
11.68
10.83
13.58
2.17
5.22
14.52
0.16
