NAME : sz-14-prob_type-uniform-prob-0.40-fee_type-direct_prob-fee-3.4
TYPE : TSP
DIMENSION : 14
EDGE_WEIGHT_TYPE : EUC_2D
NODE_COORD_SECTION
1 0.00 0.00
2 55.39 63.79
3 91.55 11.53
4 39.87 22.17
5 -33.96 84.49
6 -64.94 68.67
7 49.13 65.70
8 4.16 28.58
9 27.88 58.73
10 93.45 12.48
11 9.37 48.62
12 -11.55 -0.02
13 13.64 49.11
14 23.87 73.56
ACCEPTED_PROBABILITIES
0.00
0.42
0.41
0.40
0.42
0.41
0.40
0.44
0.37
0.41
0.45
0.39
0.36
0.44
OUTSOURCING_COSTS
0.00
17.27
15.93
12.72
18.18
14.43
11.91
22.62
1.87
14.05
25.89
8.62
0.26
24.56
