NAME : sz-14-prob_type-uniform-prob-0.05-fee_type-inverse_prob-fee-2.7
TYPE : TSP
DIMENSION : 14
EDGE_WEIGHT_TYPE : EUC_2D
NODE_COORD_SECTION
1 0.00 0.00
2 -23.36 2.45
3 22.75 -17.80
4 -5.78 -95.07
5 28.28 -51.44
6 34.23 -38.87
7 -85.93 -46.51
8 -57.99 -10.37
9 5.64 80.57
10 -78.43 -46.19
11 -55.33 4.10
12 -52.65 23.32
13 71.53 31.96
14 31.27 -38.19
ACCEPTED_PROBABILITIES
0.00
0.07
0.03
0.01
0.01
0.02
0.08
0.00
0.05
0.06
0.02
0.03
0.03
0.02
OUTSOURCING_COSTS
0.00
1.33
13.58
17.97
19.83
16.79
0.21
20.56
6.63
4.53
15.85
12.77
12.76
16.07
