NAME : sz-16-prob_type-uniform-prob-0.30-fee_type-inverse_prob-fee-2.7
TYPE : TSP
DIMENSION : 16
EDGE_WEIGHT_TYPE : EUC_2D
NODE_COORD_SECTION
1 0.00 0.00
2 -2.09 25.03
3 -56.06 27.30
4 1.17 4.59
5 3.03 -20.58
6 18.61 10.33
7 -44.91 9.08
8 -43.09 42.25
9 35.90 21.69
10 -16.75 89.79
11 -12.24 -6.27
12 39.19 -58.34
13 -62.69 56.93
14 58.36 0.50
15 5.68 -19.04
16 -52.50 -10.44
ACCEPTED_PROBABILITIES
0.00
0.33
0.35
0.34
0.26
0.29
0.28
0.29
0.30
0.34
0.29
0.34
0.34
0.34
0.26
0.27
OUTSOURCING_COSTS
0.00
3.78
0.18
1.38
17.82
11.62
13.48
11.79
9.21
2.52
10.80
1.87
1.55
1.43
17.28
14.91
