NAME : sz-16-prob_type-uniform-prob-0.35-fee_type-inverse_prob
TYPE : TSP
DIMENSION : 16
EDGE_WEIGHT_TYPE : EUC_2D
NODE_COORD_SECTION
1 0.00 0.00
2 -93.73 -20.46
3 -68.81 48.36
4 -56.87 62.86
5 -14.48 64.74
6 30.30 91.25
7 11.73 8.15
8 -41.37 -71.71
9 14.17 -79.45
10 21.30 82.05
11 -39.91 -4.18
12 -22.14 -96.11
13 -28.33 20.05
14 57.34 -25.15
15 26.32 -83.20
16 -32.30 -44.68
ACCEPTED_PROBABILITIES
0.00
0.36
0.31
0.35
0.34
0.36
0.31
0.31
0.37
0.39
0.37
0.40
0.39
0.30
0.38
0.35
OUTSOURCING_COSTS
0.00
8.00
18.00
9.77
12.63
7.28
19.27
18.39
6.44
1.28
5.82
0.20
0.58
19.80
3.07
10.05
