NAME : sz-14-prob_type-uniform-prob-0.25-fee_type-inverse_prob-fee-3.1
TYPE : TSP
DIMENSION : 14
EDGE_WEIGHT_TYPE : EUC_2D
NODE_COORD_SECTION
1 0.00 0.00
2 -43.90 76.99
3 -19.41 50.86
4 -21.94 81.10
5 2.88 -77.37
6 -21.30 71.69
7 67.89 73.12
8 -27.79 -40.82
9 47.51 22.81
10 -42.01 41.47
11 37.57 -60.10
12 88.06 27.01
13 49.55 7.84
14 -65.20 18.18
ACCEPTED_PROBABILITIES
0.00
0.21
0.28
0.26
0.30
0.22
0.22
0.23
0.26
0.27
0.23
0.27
0.20
0.22
OUTSOURCING_COSTS
0.00
22.42
3.44
10.57
0.24
19.13
20.97
18.36
8.53
6.36
18.27
6.67
23.61
19.27
