NAME : sz-16-prob_type-uniform-prob-0.05-fee_type-direct_prob
TYPE : TSP
DIMENSION : 16
EDGE_WEIGHT_TYPE : EUC_2D
NODE_COORD_SECTION
1 0.00 0.00
2 -78.74 14.06
3 30.40 15.04
4 87.23 -4.88
5 43.70 -46.34
6 -59.95 69.11
7 97.13 5.00
8 29.60 -61.38
9 -28.47 95.21
10 -16.62 -85.63
11 19.44 20.15
12 2.96 -38.03
13 -87.29 37.74
14 -92.78 -3.56
15 26.69 11.74
16 -1.98 -75.65
ACCEPTED_PROBABILITIES
0.00
0.08
0.08
0.07
0.05
0.06
0.01
0.08
0.04
0.01
0.00
0.03
0.03
0.01
0.07
0.03
OUTSOURCING_COSTS
0.00
18.43
19.24
17.54
11.64
14.13
3.01
19.80
9.28
2.78
0.20
8.18
6.95
2.24
17.98
6.83
