NAME : sz-14-prob_type-inverse_dist-prob-0.50-fee_type-direct_prob-fee-2.8
TYPE : TSP
DIMENSION : 14
EDGE_WEIGHT_TYPE : EUC_2D
NODE_COORD_SECTION
1 0.00 0.00
2 -58.46 32.81
3 -75.75 -38.93
4 -43.20 52.33
5 65.13 -57.53
6 -36.92 -5.90
7 51.64 -55.95
8 -55.90 11.96
9 -70.19 13.30
10 42.91 32.28
11 -41.08 -29.84
12 -58.27 72.27
13 30.57 18.16
14 -49.94 -20.80
ACCEPTED_PROBABILITIES
0.00
0.50
0.48
0.51
0.53
0.43
0.56
0.54
0.52
0.51
0.61
0.50
0.58
0.46
OUTSOURCING_COSTS
0.00
8.49
5.90
9.96
12.61
0.22
15.50
13.53
10.95
9.74
21.32
8.83
18.27
3.96
