NAME : sz-15-prob_type-uniform-prob-0.35-fee_type-inverse_prob-fee-2.5
TYPE : TSP
DIMENSION : 15
EDGE_WEIGHT_TYPE : EUC_2D
NODE_COORD_SECTION
1 0.00 0.00
2 14.08 78.89
3 64.36 41.12
4 80.10 52.59
5 -30.27 54.75
6 -37.83 -31.30
7 67.51 57.52
8 2.77 4.33
9 76.43 -62.95
10 91.00 -35.46
11 28.28 -41.81
12 14.16 23.35
13 -41.36 -30.08
14 38.73 -47.30
15 73.98 -39.65
ACCEPTED_PROBABILITIES
0.00
0.32
0.32
0.36
0.38
0.31
0.38
0.40
0.39
0.31
0.36
0.33
0.35
0.40
0.34
OUTSOURCING_COSTS
0.00
16.18
14.82
7.84
4.62
17.68
3.63
0.18
2.30
17.01
7.64
12.70
9.42
0.50
12.06
