NAME : sz-17-prob_type-direct_dist-prob-0.25-fee_type-inverse_prob-fee-3.5
TYPE : TSP
DIMENSION : 17
EDGE_WEIGHT_TYPE : EUC_2D
NODE_COORD_SECTION
1 0.00 0.00
2 -5.66 -77.39
3 -15.01 -98.77
4 23.95 33.83
5 -36.24 -70.43
6 -8.90 87.22
7 17.01 25.66
8 -35.80 -22.98
9 -21.86 -51.38
10 -62.82 23.19
11 -9.02 -93.45
12 -8.38 -13.05
13 -8.11 -7.25
14 65.52 33.79
15 82.30 21.81
16 -39.35 -1.24
17 -34.58 81.82
ACCEPTED_PROBABILITIES
0.00
0.41
0.41
0.31
0.19
0.32
0.19
0.22
0.22
0.38
0.13
0.26
0.24
0.31
0.37
0.34
0.22
OUTSOURCING_COSTS
0.00
0.22
0.22
8.09
17.29
6.77
17.05
14.84
14.83
2.02
21.66
11.97
13.72
7.50
3.00
5.40
14.77
