NAME : sz-19-prob_type-uniform-prob-0.40-fee_type-direct_prob-fee-2.8
TYPE : TSP
DIMENSION : 19
EDGE_WEIGHT_TYPE : EUC_2D
NODE_COORD_SECTION
1 0.00 0.00
2 13.56 -40.26
3 -56.73 39.55
4 -76.15 -26.47
5 -69.69 -64.36
6 -58.20 -48.51
7 -72.77 -65.15
8 38.28 -61.12
9 -25.06 -73.88
10 -63.38 22.36
11 -64.60 -34.95
12 58.72 67.65
13 -90.47 30.70
14 8.50 70.12
15 -85.20 4.34
16 -66.32 43.56
17 35.62 10.25
18 -91.22 -18.57
19 -1.85 58.53
ACCEPTED_PROBABILITIES
0.00
0.39
0.40
0.42
0.35
0.43
0.39
0.38
0.39
0.42
0.37
0.43
0.44
0.38
0.39
0.36
0.43
0.38
0.37
OUTSOURCING_COSTS
0.00
6.00
8.42
12.17
0.16
13.55
6.53
4.33
6.72
12.09
3.42
13.37
15.40
4.77
7.02
1.13
13.92
3.88
2.29
