NAME : sz-19-prob_type-uniform-prob-0.30-fee_type-inverse_prob-fee-3.5
TYPE : TSP
DIMENSION : 19
EDGE_WEIGHT_TYPE : EUC_2D
NODE_COORD_SECTION
1 0.00 0.00
2 -61.25 3.94
3 14.25 -90.21
4 -68.41 -38.66
5 -87.09 44.16
6 -57.67 75.18
7 38.32 81.35
8 59.93 -62.34
9 -82.34 23.15
10 0.04 57.54
11 2.31 -3.49
12 -89.96 22.58
13 -75.73 -52.72
14 40.63 47.38
15 21.64 -18.79
16 -8.79 58.20
17 27.10 9.92
18 -86.09 -7.26
19 73.75 19.37
ACCEPTED_PROBABILITIES
0.00
0.27
0.31
0.33
0.25
0.32
0.28
0.32
0.31
0.33
0.30
0.30
0.33
0.32
0.28
0.34
0.31
0.34
0.26
OUTSOURCING_COSTS
0.00
16.72
5.93
0.86
19.25
4.83
14.69
4.17
7.30
1.37
8.29
7.78
1.97
4.70
14.09
0.19
6.18
0.68
18.03
