NAME : sz-19-prob_type-inverse_dist-prob-0.50-fee_type-direct_prob-fee-3.2
TYPE : TSP
DIMENSION : 19
EDGE_WEIGHT_TYPE : EUC_2D
NODE_COORD_SECTION
1 0.00 0.00
2 -38.13 -57.68
3 -50.72 -18.91
4 26.39 -92.49
5 -89.68 -21.46
6 32.46 1.42
7 46.42 -38.93
8 16.41 51.59
9 73.37 26.74
10 -5.80 -60.53
11 1.48 -96.99
12 -36.58 -61.87
13 -77.06 32.40
14 -68.66 -53.88
15 -44.35 -89.42
16 37.55 23.71
17 -21.31 -46.58
18 40.33 -33.31
19 64.38 -13.24
ACCEPTED_PROBABILITIES
0.00
0.52
0.40
0.49
0.51
0.62
0.42
0.46
0.52
0.44
0.50
0.46
0.46
0.50
0.50
0.42
0.54
0.54
0.46
OUTSOURCING_COSTS
0.00
9.80
0.18
7.51
8.66
17.60
2.02
4.92
9.82
3.70
8.02
4.89
4.99
8.29
8.19
1.70
11.37
11.14
4.88
