NAME : sz-19-prob_type-uniform-prob-0.45-fee_type-inverse_prob-fee-2.6
TYPE : TSP
DIMENSION : 19
EDGE_WEIGHT_TYPE : EUC_2D
NODE_COORD_SECTION
1 0.00 0.00
2 48.51 -60.09
3 58.55 34.42
4 81.07 45.35
5 10.03 -1.81
6 84.52 23.17
7 -74.33 -44.00
8 -42.13 -20.47
9 -30.02 -92.81
10 33.96 -27.89
11 -94.47 -17.37
12 -19.75 -90.48
13 18.72 -79.46
14 -17.02 48.35
15 54.66 76.77
16 45.80 34.78
17 -25.32 -92.03
18 37.43 49.55
19 30.93 52.57
ACCEPTED_PROBABILITIES
0.00
0.49
0.50
0.48
0.43
0.48
0.47
0.48
0.47
0.41
0.45
0.47
0.45
0.44
0.49
0.49
0.49
0.49
0.47
OUTSOURCING_COSTS
0.00
0.74
0.14
2.78
11.49
2.28
4.32
2.61
3.57
14.30
8.08
4.55
7.32
9.83
1.82
0.40
1.02
1.23
4.87
