NAME : sz-14-prob_type-uniform-prob-0.45-fee_type-direct_prob-fee-3.3
TYPE : TSP
DIMENSION : 14
EDGE_WEIGHT_TYPE : EUC_2D
NODE_COORD_SECTION
1 0.00 0.00
2 -13.87 -39.51
3 54.15 -54.15
4 64.91 54.73
5 -67.84 -8.93
6 24.61 49.82
7 37.90 24.19
8 -48.70 -42.09
9 -63.38 77.05
10 -69.12 -32.82
11 -40.25 -4.29
12 -55.75 -38.85
13 77.24 -49.47
14 2.99 55.13
ACCEPTED_PROBABILITIES
0.00
0.41
0.47
0.48
0.50
0.46
0.46
0.42
0.49
0.50
0.48
0.43
0.43
0.49
OUTSOURCING_COSTS
0.00
0.25
16.83
20.21
25.13
13.48
15.64
1.75
22.33
24.80
20.72
5.68
5.55
22.58
