NAME : sz-18-prob_type-inverse_dist-prob-0.50-fee_type-direct_prob-fee-3.2
TYPE : TSP
DIMENSION : 18
EDGE_WEIGHT_TYPE : EUC_2D
NODE_COORD_SECTION
1 0.00 0.00
2 23.96 -3.09
3 -18.01 -67.12
4 14.34 -76.13
5 -57.64 24.58
6 24.54 82.71
7 35.12 68.44
8 93.58 -24.02
9 42.89 8.90
10 -0.70 -57.73
11 -92.72 29.60
12 -47.56 34.59
13 25.39 -67.08
14 -44.10 -30.33
15 -48.16 7.63
16 -69.24 2.44
17 23.19 96.54
18 8.62 -60.86
ACCEPTED_PROBABILITIES
0.00
0.46
0.47
0.48
0.43
0.51
0.55
0.51
0.43
0.50
0.51
0.58
0.55
0.46
0.39
0.52
0.50
0.58
OUTSOURCING_COSTS
0.00
6.23
7.80
8.37
3.85
11.62
16.04
11.42
3.70
10.60
11.30
18.64
15.41
6.81
0.19
12.54
10.48
18.64
