NAME : sz-18-prob_type-uniform-prob-0.55-fee_type-inverse_prob-fee-2.8
TYPE : TSP
DIMENSION : 18
EDGE_WEIGHT_TYPE : EUC_2D
NODE_COORD_SECTION
1 0.00 0.00
2 38.07 -89.06
3 -43.74 69.58
4 29.88 -73.33
5 70.81 57.16
6 -51.71 83.61
7 6.62 26.76
8 73.62 52.22
9 73.60 -14.77
10 -40.20 22.25
11 -53.45 -60.43
12 6.85 76.73
13 -30.17 64.16
14 -50.22 67.43
15 7.01 63.29
16 -15.01 -56.97
17 -44.70 72.47
18 -65.09 34.21
ACCEPTED_PROBABILITIES
0.00
0.51
0.56
0.51
0.58
0.54
0.52
0.57
0.58
0.54
0.50
0.51
0.51
0.55
0.52
0.57
0.60
0.56
OUTSOURCING_COSTS
0.00
15.67
5.95
14.70
2.71
9.91
13.59
4.10
3.74
9.42
16.31
15.82
15.09
7.83
13.91
5.15
0.16
7.32
