NAME : sz-19-prob_type-uniform-prob-0.15-fee_type-inverse_prob-fee-2.6
TYPE : TSP
DIMENSION : 19
EDGE_WEIGHT_TYPE : EUC_2D
NODE_COORD_SECTION
1 0.00 0.00
2 32.49 -0.89
3 -74.75 -52.57
4 -57.37 46.00
5 -73.46 64.94
6 38.74 -56.47
7 36.80 9.29
8 80.32 57.26
9 -58.14 73.62
10 38.01 0.51
11 45.09 21.26
12 89.79 -1.49
13 -35.05 -21.64
14 22.49 -26.85
15 -86.00 -50.22
16 -58.80 -34.73
17 -24.33 -33.74
18 -39.93 8.93
19 45.99 29.96
ACCEPTED_PROBABILITIES
0.00
0.11
0.16
0.17
0.18
0.16
0.18
0.11
0.14
0.11
0.19
0.13
0.17
0.18
0.17
0.19
0.15
0.14
0.18
OUTSOURCING_COSTS
0.00
14.30
4.24
3.06
1.29
5.00
2.15
13.71
8.69
13.91
0.14
9.72
3.73
1.35
3.83
0.36
7.53
7.94
1.84
