NAME : sz-17-prob_type-uniform-prob-0.30-fee_type-inverse_prob-fee-2.9
TYPE : TSP
DIMENSION : 17
EDGE_WEIGHT_TYPE : EUC_2D
NODE_COORD_SECTION
1 0.00 0.00
2 25.28 -10.59
3 -21.00 15.50
4 -51.67 69.39
5 58.45 17.59
6 -33.66 25.12
7 -28.69 -25.24
8 43.63 1.30
9 56.12 -52.14
10 -61.47 29.08
11 -26.35 -43.24
12 -8.99 67.81
13 60.92 -73.21
14 64.95 10.58
15 -68.15 72.56
16 35.64 3.36
17 22.45 -30.27
ACCEPTED_PROBABILITIES
0.00
0.33
0.31
0.33
0.28
0.32
0.32
0.34
0.29
0.29
0.26
0.33
0.32
0.26
0.32
0.34
0.32
OUTSOURCING_COSTS
0.00
1.86
7.18
3.29
13.11
5.76
4.44
0.18
12.66
11.43
17.57
2.32
4.93
17.94
5.49
1.16
4.69
