NAME : sz-14-prob_type-uniform-prob-0.50-fee_type-inverse_prob-fee-3.1
TYPE : TSP
DIMENSION : 14
EDGE_WEIGHT_TYPE : EUC_2D
NODE_COORD_SECTION
1 0.00 0.00
2 0.49 -71.61
3 -41.84 -42.43
4 15.94 46.55
5 16.66 -56.34
6 2.94 -59.59
7 22.37 -26.88
8 -43.91 81.93
9 9.31 -41.51
10 -71.74 -8.25
11 -95.02 -11.43
12 -65.57 -71.01
13 -59.29 -47.91
14 -29.28 30.87
ACCEPTED_PROBABILITIES
0.00
0.55
0.53
0.52
0.49
0.53
0.49
0.47
0.46
0.54
0.46
0.52
0.54
0.46
OUTSOURCING_COSTS
0.00
0.24
4.17
7.62
14.98
3.08
14.42
20.33
22.29
2.30
22.93
7.04
2.54
23.61
