NAME : sz-14-prob_type-uniform-prob-0.50-fee_type-direct_prob-fee-3.4
TYPE : TSP
DIMENSION : 14
EDGE_WEIGHT_TYPE : EUC_2D
NODE_COORD_SECTION
1 0.00 0.00
2 -3.05 65.49
3 43.98 79.61
4 -5.16 67.41
5 39.30 -39.82
6 68.90 69.43
7 1.23 73.33
8 -10.27 66.94
9 29.54 -1.20
10 -0.85 36.41
11 -51.99 -34.64
12 61.51 -2.95
13 38.83 52.89
14 -91.18 29.25
ACCEPTED_PROBABILITIES
0.00
0.51
0.46
0.50
0.45
0.49
0.49
0.53
0.53
0.52
0.55
0.50
0.49
0.51
OUTSOURCING_COSTS
0.00
15.47
0.85
11.78
0.26
10.55
10.77
23.02
20.61
19.01
25.89
12.52
10.56
15.28
