NAME : sz-14-prob_type-uniform-prob-0.20-fee_type-inverse_prob-fee-3.3
TYPE : TSP
DIMENSION : 14
EDGE_WEIGHT_TYPE : EUC_2D
NODE_COORD_SECTION
1 0.00 0.00
2 60.07 32.40
3 72.15 -38.68
4 46.44 -65.70
5 -22.65 71.38
6 5.04 -26.93
7 32.26 40.44
8 80.18 5.19
9 -14.07 -16.60
10 -20.18 47.41
11 8.64 99.15
12 -36.84 -58.91
13 -48.24 -15.01
14 -43.01 84.37
ACCEPTED_PROBABILITIES
0.00
0.17
0.20
0.18
0.19
0.21
0.22
0.20
0.16
0.21
0.22
0.16
0.23
0.20
OUTSOURCING_COSTS
0.00
19.11
11.15
17.87
11.98
6.74
2.03
10.37
23.93
6.31
2.42
25.13
0.25
8.00
