NAME : sz-19-prob_type-inverse_dist-prob-0.25-fee_type-inverse_prob-fee-3.4
TYPE : TSP
DIMENSION : 19
EDGE_WEIGHT_TYPE : EUC_2D
NODE_COORD_SECTION
1 0.00 0.00
2 80.03 -36.26
3 -24.39 -47.22
4 58.33 -25.82
5 -10.20 72.17
6 1.35 -8.64
7 27.54 -30.26
8 -34.46 57.58
9 -11.09 -69.32
10 -6.08 -9.11
11 -35.33 39.49
12 26.20 -32.52
13 -46.96 71.01
14 49.70 3.30
15 -16.11 -1.45
16 -22.74 94.40
17 38.20 39.45
18 -17.68 20.95
19 -55.57 -18.05
ACCEPTED_PROBABILITIES
0.00
0.27
0.22
0.26
0.29
0.40
0.26
0.25
0.21
0.22
0.28
0.30
0.28
0.31
0.28
0.26
0.33
0.33
0.20
OUTSOURCING_COSTS
0.00
12.56
17.12
13.33
10.45
0.19
13.19
14.02
17.65
16.59
11.25
8.75
11.30
8.36
11.08
13.41
6.57
6.66
18.70
