NAME : sz-19-prob_type-uniform-prob-0.55-fee_type-direct_prob-fee-3.3
TYPE : TSP
DIMENSION : 19
EDGE_WEIGHT_TYPE : EUC_2D
NODE_COORD_SECTION
1 0.00 0.00
2 13.80 -13.56
3 -49.38 -78.61
4 49.53 -47.09
5 -76.82 58.87
6 43.02 -76.81
7 81.97 -6.36
8 28.23 16.79
9 11.61 5.85
10 -56.77 0.47
11 -6.63 6.48
12 21.08 -55.63
13 36.40 10.95
14 30.47 63.39
15 -41.75 66.38
16 44.35 -52.79
17 26.02 96.43
18 58.33 52.09
19 4.13 -81.97
ACCEPTED_PROBABILITIES
0.00
0.59
0.58
0.56
0.56
0.59
0.53
0.59
0.51
0.59
0.55
0.54
0.55
0.52
0.60
0.52
0.60
0.51
0.58
OUTSOURCING_COSTS
0.00
17.11
13.60
11.33
10.58
15.47
4.53
15.85
0.18
17.12
7.65
6.68
7.75
2.25
17.49
2.18
18.15
0.67
13.56
