NAME : sz-17-prob_type-uniform-prob-0.35-fee_type-inverse_prob-fee-3.4
TYPE : TSP
DIMENSION : 17
EDGE_WEIGHT_TYPE : EUC_2D
NODE_COORD_SECTION
1 0.00 0.00
2 -12.84 -10.51
3 -71.69 -7.87
4 -27.78 -27.91
5 16.58 27.48
6 -12.83 22.41
7 30.25 49.88
8 -52.30 -50.09
9 -60.48 -17.03
10 89.11 34.09
11 51.58 0.50
12 -64.39 -31.36
13 -79.70 43.68
14 39.64 -26.48
15 -18.75 -36.38
16 -9.80 34.01
17 54.33 5.26
ACCEPTED_PROBABILITIES
0.00
0.34
0.33
0.35
0.38
0.34
0.32
0.32
0.37
0.38
0.33
0.39
0.39
0.36
0.37
0.30
0.34
OUTSOURCING_COSTS
0.00
13.15
14.17
9.81
3.57
11.41
16.91
18.41
4.03
2.74
15.61
0.61
0.21
7.03
4.42
21.04
11.31
