NAME : sz-15-prob_type-uniform-prob-0.45-fee_type-inverse_prob
TYPE : TSP
DIMENSION : 15
EDGE_WEIGHT_TYPE : EUC_2D
NODE_COORD_SECTION
1 0.00 0.00
2 17.88 26.39
3 9.39 17.30
4 -46.79 -30.63
5 6.48 -65.55
6 0.05 -26.16
7 -43.54 57.33
8 -37.83 -82.69
9 78.55 21.07
10 10.16 -46.47
11 39.13 19.70
12 78.75 6.50
13 -98.96 -2.20
14 -23.96 84.04
15 32.24 43.31
ACCEPTED_PROBABILITIES
0.00
0.46
0.47
0.43
0.46
0.44
0.40
0.49
0.48
0.49
0.45
0.49
0.43
0.48
0.45
OUTSOURCING_COSTS
0.00
8.12
5.84
15.54
6.95
11.63
21.21
0.41
2.72
0.21
10.23
1.15
15.62
3.78
9.76
