NAME : sz-18-prob_type-uniform-prob-0.20-fee_type-inverse_prob-fee-2.6
TYPE : TSP
DIMENSION : 18
EDGE_WEIGHT_TYPE : EUC_2D
NODE_COORD_SECTION
1 0.00 0.00
2 -32.83 -45.18
3 56.96 27.62
4 10.15 -27.21
5 5.87 -25.68
6 -11.74 40.12
7 -43.99 69.82
8 -51.31 57.67
9 -55.19 -61.76
10 -3.09 -68.43
11 -74.80 -49.88
12 0.23 -12.70
13 20.16 -37.20
14 9.22 42.43
15 49.55 -41.62
16 -57.33 29.93
17 39.15 -81.14
18 4.77 34.98
ACCEPTED_PROBABILITIES
0.00
0.22
0.18
0.21
0.19
0.18
0.16
0.24
0.20
0.22
0.24
0.16
0.17
0.18
0.19
0.16
0.17
0.24
OUTSOURCING_COSTS
0.00
4.34
11.79
4.91
8.96
11.21
15.14
0.15
8.22
3.90
0.55
14.19
13.62
11.39
8.53
14.17
12.43
0.15
