NAME : sz-19-prob_type-uniform-prob-0.40-fee_type-inverse_prob
TYPE : TSP
DIMENSION : 19
EDGE_WEIGHT_TYPE : EUC_2D
NODE_COORD_SECTION
1 0.00 0.00
2 21.84 5.98
3 -11.84 -14.44
4 24.29 7.81
5 40.93 22.16
6 -58.87 -61.65
7 6.15 -90.75
8 21.12 13.32
9 -73.57 29.92
10 12.31 14.01
11 -33.86 74.36
12 -76.38 -8.74
13 43.41 11.57
14 9.95 -59.89
15 86.52 33.70
16 -72.07 63.71
17 97.71 -8.34
18 -49.08 64.45
19 76.88 35.29
ACCEPTED_PROBABILITIES
0.00
0.42
0.36
0.40
0.41
0.36
0.38
0.44
0.40
0.36
0.36
0.44
0.38
0.45
0.42
0.38
0.39
0.40
0.45
OUTSOURCING_COSTS
0.00
5.20
16.50
8.40
6.19
16.25
11.96
1.59
8.79
15.95
15.27
2.37
13.03
0.29
5.12
11.64
10.43
9.29
0.17
