NAME : sz-15-prob_type-uniform-prob-0.15-fee_type-inverse_prob-fee-2.5
TYPE : TSP
DIMENSION : 15
EDGE_WEIGHT_TYPE : EUC_2D
NODE_COORD_SECTION
1 0.00 0.00
2 75.68 -51.10
3 -57.05 77.63
4 18.50 -81.93
5 56.64 -11.06
6 -22.49 -23.45
7 -30.91 24.66
8 8.78 -29.82
9 -17.20 -92.52
10 -42.49 40.70
11 36.84 -24.85
12 78.38 28.85
13 -50.39 -60.30
14 94.90 11.35
15 -43.32 -1.70
ACCEPTED_PROBABILITIES
0.00
0.15
0.13
0.18
0.17
0.18
0.16
0.13
0.14
0.14
0.16
0.19
0.17
0.11
0.12
OUTSOURCING_COSTS
0.00
9.39
13.15
1.24
5.10
1.83
6.18
12.60
9.71
10.59
6.47
0.18
4.39
17.68
15.95
