NAME : sz-19-prob_type-uniform-prob-0.25-fee_type-inverse_prob-fee-2.8
TYPE : TSP
DIMENSION : 19
EDGE_WEIGHT_TYPE : EUC_2D
NODE_COORD_SECTION
1 0.00 0.00
2 0.11 2.91
3 -5.27 48.30
4 -50.89 -52.85
5 92.44 -5.05
6 46.16 -55.92
7 61.42 55.78
8 26.85 50.26
9 -67.89 6.19
10 -8.78 -30.60
11 47.38 -87.01
12 -84.86 24.72
13 9.52 96.43
14 -53.56 3.75
15 -65.54 35.41
16 -76.29 -59.30
17 -23.76 45.96
18 -64.02 -3.76
19 41.77 27.33
ACCEPTED_PROBABILITIES
0.00
0.27
0.27
0.29
0.29
0.25
0.28
0.27
0.24
0.25
0.30
0.21
0.25
0.28
0.22
0.29
0.26
0.25
0.21
OUTSOURCING_COSTS
0.00
4.42
5.36
0.59
0.71
8.10
2.11
5.17
10.21
8.11
0.16
14.62
8.97
2.22
13.42
1.41
5.89
8.70
15.40
