NAME : sz-15-prob_type-uniform-prob-0.40-fee_type-inverse_prob
TYPE : TSP
DIMENSION : 15
EDGE_WEIGHT_TYPE : EUC_2D
NODE_COORD_SECTION
1 0.00 0.00
2 -76.81 -26.89
3 -12.16 95.32
4 16.59 92.94
5 14.74 -94.69
6 76.26 -29.96
7 -50.51 -55.56
8 81.17 -34.46
9 -50.32 -13.51
10 66.11 -69.92
11 -12.97 -87.87
12 -10.82 42.35
13 56.98 25.46
14 -65.44 20.62
15 22.78 -62.29
ACCEPTED_PROBABILITIES
0.00
0.43
0.38
0.42
0.42
0.37
0.41
0.44
0.35
0.42
0.45
0.40
0.38
0.44
0.44
OUTSOURCING_COSTS
0.00
5.04
14.91
5.71
6.42
16.92
8.51
1.43
21.21
6.49
0.21
11.67
15.23
1.22
2.13
