NAME : sz-17-prob_type-uniform-prob-0.10-fee_type-direct_prob-fee-2.6
TYPE : TSP
DIMENSION : 17
EDGE_WEIGHT_TYPE : EUC_2D
NODE_COORD_SECTION
1 0.00 0.00
2 65.94 -46.60
3 37.37 -63.99
4 40.03 -14.63
5 65.46 -10.75
6 -82.34 -49.02
7 -1.92 96.07
8 30.78 -45.74
9 88.59 5.79
10 -88.62 -33.96
11 83.19 11.56
12 -44.68 -10.09
13 -6.34 -18.14
14 80.84 18.74
15 -49.21 28.84
16 -95.96 -19.57
17 -1.66 -58.38
ACCEPTED_PROBABILITIES
0.00
0.06
0.13
0.08
0.09
0.10
0.07
0.12
0.14
0.08
0.12
0.07
0.14
0.07
0.13
0.14
0.07
OUTSOURCING_COSTS
0.00
0.16
12.72
3.20
5.59
8.01
2.48
10.91
15.65
3.77
11.55
2.47
15.57
2.19
12.78
16.09
0.70
