NAME : sz-19-prob_type-inverse_dist-prob-0.50-fee_type-direct_prob-fee-2.9
TYPE : TSP
DIMENSION : 19
EDGE_WEIGHT_TYPE : EUC_2D
NODE_COORD_SECTION
1 0.00 0.00
2 16.75 -14.20
3 11.90 -61.69
4 -76.53 43.52
5 6.68 6.86
6 82.31 36.70
7 14.19 6.69
8 -37.21 77.39
9 -93.14 0.27
10 -33.00 67.86
11 -38.60 -70.00
12 -26.55 -95.91
13 -3.49 95.33
14 72.70 -43.98
15 39.27 -90.13
16 -86.68 -9.68
17 54.79 3.96
18 10.61 -50.85
19 -17.21 4.00
ACCEPTED_PROBABILITIES
0.00
0.51
0.55
0.48
0.47
0.51
0.37
0.50
0.50
0.50
0.55
0.50
0.49
0.51
0.50
0.48
0.41
0.42
0.32
OUTSOURCING_COSTS
0.00
13.08
15.95
11.30
10.65
13.64
3.50
12.86
12.79
12.90
15.95
12.70
12.00
13.09
12.76
11.43
6.25
6.96
0.16
