NAME : sz-15-prob_type-direct_dist-prob-0.50-fee_type-inverse_prob-fee-3.5
TYPE : TSP
DIMENSION : 15
EDGE_WEIGHT_TYPE : EUC_2D
NODE_COORD_SECTION
1 0.00 0.00
2 61.64 -11.98
3 20.77 7.59
4 -41.23 14.80
5 -9.11 97.89
6 -9.92 62.87
7 12.29 20.39
8 -57.07 9.93
9 -14.04 62.03
10 -20.50 -14.52
11 34.72 -29.32
12 20.17 -46.34
13 -9.39 -56.23
14 -67.40 -27.35
15 48.12 -10.03
ACCEPTED_PROBABILITIES
0.00
0.54
0.45
0.54
0.54
0.47
0.54
0.62
0.46
0.51
0.39
0.49
0.48
0.36
0.59
OUTSOURCING_COSTS
0.00
8.07
16.37
8.26
8.24
14.22
7.59
0.25
15.81
11.09
21.74
12.51
13.70
24.75
2.76
