NAME : sz-13-prob_type-uniform-prob-0.25-fee_type-direct_prob-fee-3.3
TYPE : TSP
DIMENSION : 13
EDGE_WEIGHT_TYPE : EUC_2D
NODE_COORD_SECTION
1 0.00 0.00
2 15.76 -89.32
3 -41.46 -37.24
4 50.98 11.45
5 63.68 36.06
6 66.78 72.22
7 -48.66 71.12
8 -51.93 -54.30
9 -90.38 -36.82
10 -22.59 -89.66
11 19.19 -14.66
12 87.14 -8.34
13 -45.37 -19.09
ACCEPTED_PROBABILITIES
0.00
0.21
0.26
0.26
0.26
0.27
0.28
0.21
0.25
0.28
0.28
0.24
0.27
OUTSOURCING_COSTS
0.00
0.86
19.32
18.13
18.55
21.15
25.96
0.28
12.82
25.15
27.22
11.55
21.77
