NAME : sz-17-prob_type-direct_dist-prob-0.25-fee_type-inverse_prob-fee-2.8
TYPE : TSP
DIMENSION : 17
EDGE_WEIGHT_TYPE : EUC_2D
NODE_COORD_SECTION
1 0.00 0.00
2 31.17 -16.01
3 7.58 -82.95
4 18.38 -5.01
5 -44.55 46.17
6 32.08 -79.78
7 -14.26 9.68
8 -14.44 -3.79
9 66.09 8.72
10 -38.74 -12.62
11 72.88 46.93
12 85.91 38.60
13 -57.68 55.68
14 -41.69 -18.40
15 -33.61 4.84
16 -75.84 -17.57
17 -20.06 -52.64
ACCEPTED_PROBABILITIES
0.00
0.30
0.33
0.28
0.36
0.07
0.26
0.22
0.30
0.32
0.20
0.33
0.09
0.29
0.21
0.18
0.25
OUTSOURCING_COSTS
0.00
3.59
1.55
4.92
0.18
17.32
5.95
8.21
3.83
2.49
9.56
2.04
16.35
3.97
8.84
10.62
6.45
