NAME : sz-14-prob_type-uniform-prob-0.40-fee_type-inverse_prob-fee-3.5
TYPE : TSP
DIMENSION : 14
EDGE_WEIGHT_TYPE : EUC_2D
NODE_COORD_SECTION
1 0.00 0.00
2 -80.93 -54.76
3 68.12 23.31
4 94.25 23.40
5 -90.11 -16.68
6 -69.40 -3.42
7 67.07 -17.72
8 -46.74 58.51
9 18.63 -46.88
10 -15.62 -55.45
11 -48.19 -33.36
12 -90.90 20.73
13 -30.04 93.55
14 72.01 16.49
ACCEPTED_PROBABILITIES
0.00
0.41
0.45
0.36
0.44
0.42
0.41
0.44
0.40
0.42
0.35
0.42
0.39
0.39
OUTSOURCING_COSTS
0.00
11.31
0.27
24.13
2.73
7.52
11.05
2.94
11.82
6.69
26.65
7.04
16.26
14.77
