NAME : sz-19-prob_type-inverse_dist-prob-0.25-fee_type-inverse_prob
TYPE : TSP
DIMENSION : 19
EDGE_WEIGHT_TYPE : EUC_2D
NODE_COORD_SECTION
1 0.00 0.00
2 32.42 37.26
3 25.84 -62.20
4 -36.40 23.54
5 36.09 -63.26
6 -92.85 -24.45
7 -10.39 69.28
8 66.44 -8.00
9 86.04 12.61
10 76.81 27.45
11 23.65 29.55
12 56.32 -82.53
13 48.00 -54.15
14 69.42 21.09
15 34.66 -2.76
16 -36.58 -36.32
17 42.74 -61.96
18 -57.45 -53.14
19 -42.38 -84.15
ACCEPTED_PROBABILITIES
0.00
0.35
0.30
0.17
0.30
0.26
0.25
0.26
0.23
0.29
0.14
0.25
0.23
0.29
0.34
0.18
0.24
0.20
0.24
OUTSOURCING_COSTS
0.00
0.17
4.27
13.66
4.21
7.43
7.98
6.75
9.66
4.99
16.50
7.88
9.33
4.84
0.97
13.17
8.29
11.67
8.65
