NAME : sz-16-prob_type-uniform-prob-0.50-fee_type-inverse_prob-fee-2.8
TYPE : TSP
DIMENSION : 16
EDGE_WEIGHT_TYPE : EUC_2D
NODE_COORD_SECTION
1 0.00 0.00
2 -2.99 -2.90
3 38.69 -40.46
4 32.68 57.31
5 -75.23 8.21
6 -35.51 80.68
7 -91.02 10.96
8 20.98 -39.28
9 13.12 -45.88
10 58.11 53.98
11 46.03 16.37
12 -69.47 -11.53
13 88.75 36.20
14 16.30 79.25
15 37.16 29.48
16 -19.27 91.44
ACCEPTED_PROBABILITIES
0.00
0.47
0.53
0.47
0.47
0.48
0.45
0.48
0.46
0.48
0.46
0.54
0.48
0.54
0.52
0.51
OUTSOURCING_COSTS
0.00
14.40
2.21
16.14
14.60
14.10
18.48
14.21
17.48
12.58
16.63
0.67
13.11
0.19
5.49
7.87
