NAME : sz-18-prob_type-uniform-prob-0.25-fee_type-inverse_prob-fee-2.6
TYPE : TSP
DIMENSION : 18
EDGE_WEIGHT_TYPE : EUC_2D
NODE_COORD_SECTION
1 0.00 0.00
2 -39.41 40.09
3 -50.15 -67.60
4 61.34 6.51
5 -32.58 -43.35
6 -30.09 -75.86
7 -73.91 31.44
8 -72.92 59.79
9 0.28 10.21
10 71.43 14.38
11 -39.88 46.95
12 -44.02 -68.35
13 84.80 -52.83
14 10.90 52.31
15 -33.83 77.50
16 66.41 -39.92
17 -15.17 93.14
18 90.50 28.58
ACCEPTED_PROBABILITIES
0.00
0.22
0.27
0.21
0.28
0.25
0.28
0.28
0.29
0.20
0.28
0.21
0.30
0.25
0.24
0.22
0.25
0.21
OUTSOURCING_COSTS
0.00
13.42
5.06
13.62
3.33
7.26
2.53
2.05
0.15
15.14
2.14
13.76
0.15
6.92
9.30
12.59
7.70
14.97
