NAME : sz-18-prob_type-uniform-prob-0.10-fee_type-inverse_prob-fee-3.1
TYPE : TSP
DIMENSION : 18
EDGE_WEIGHT_TYPE : EUC_2D
NODE_COORD_SECTION
1 0.00 0.00
2 -56.34 -37.85
3 18.62 33.97
4 57.67 -40.97
5 -70.56 43.49
6 64.44 -52.25
7 73.79 -61.16
8 -73.12 -50.89
9 15.42 79.12
10 42.24 3.66
11 47.10 39.73
12 -17.83 47.87
13 -22.52 89.98
14 2.99 1.40
15 35.85 82.75
16 -41.71 35.39
17 14.87 -65.95
18 0.35 90.11
ACCEPTED_PROBABILITIES
0.00
0.12
0.07
0.06
0.10
0.13
0.12
0.05
0.09
0.13
0.12
0.13
0.07
0.08
0.09
0.05
0.13
0.11
OUTSOURCING_COSTS
0.00
4.02
13.60
16.00
8.48
0.18
3.87
17.90
9.00
1.46
4.11
1.72
14.15
12.85
9.76
18.05
0.18
4.51
