NAME : sz-19-prob_type-uniform-prob-0.20-fee_type-inverse_prob-fee-3.4
TYPE : TSP
DIMENSION : 19
EDGE_WEIGHT_TYPE : EUC_2D
NODE_COORD_SECTION
1 0.00 0.00
2 39.03 13.72
3 -71.04 13.52
4 80.93 5.46
5 19.19 34.25
6 37.68 -61.59
7 -9.45 -61.37
8 38.48 44.17
9 -7.00 -2.29
10 -57.35 -67.78
11 -0.29 -96.91
12 57.48 -72.88
13 -80.17 -54.40
14 -49.18 -46.31
15 -42.63 -47.24
16 36.80 -53.57
17 94.44 -17.50
18 -34.88 87.63
19 26.62 -75.03
ACCEPTED_PROBABILITIES
0.00
0.20
0.19
0.24
0.24
0.15
0.17
0.22
0.16
0.21
0.21
0.24
0.21
0.17
0.20
0.19
0.17
0.16
0.16
OUTSOURCING_COSTS
0.00
9.28
11.70
0.73
0.23
18.70
14.76
5.86
18.21
7.66
7.28
0.19
6.62
15.84
8.22
11.89
14.78
17.07
18.13
