NAME : sz-19-prob_type-direct_dist-prob-0.50-fee_type-inverse_prob-fee-2.8
TYPE : TSP
DIMENSION : 19
EDGE_WEIGHT_TYPE : EUC_2D
NODE_COORD_SECTION
1 0.00 0.00
2 33.04 91.46
3 4.26 -75.15
4 76.61 -54.84
5 -32.43 66.89
6 -57.73 18.54
7 -28.06 -74.04
8 -31.68 -9.49
9 15.86 41.78
10 27.31 5.75
11 4.78 40.31
12 -44.83 -47.77
13 -85.03 -33.01
14 -52.46 48.69
15 94.57 -11.45
16 55.60 -50.00
17 -32.60 -26.19
18 -98.86 14.68
19 8.72 85.29
ACCEPTED_PROBABILITIES
0.00
0.30
0.60
0.44
0.38
0.36
0.58
0.53
0.48
0.56
0.59
0.46
0.61
0.47
0.27
0.62
0.60
0.53
0.42
OUTSOURCING_COSTS
0.00
14.45
1.02
8.33
10.99
11.93
1.76
4.03
6.39
2.92
1.37
7.48
0.62
6.92
15.40
0.16
1.25
4.28
9.20
