NAME : sz-19-prob_type-uniform-prob-0.10-fee_type-direct_prob
TYPE : TSP
DIMENSION : 19
EDGE_WEIGHT_TYPE : EUC_2D
NODE_COORD_SECTION
1 0.00 0.00
2 11.90 14.99
3 35.52 -35.81
4 -50.33 -41.64
5 -60.43 -45.41
6 12.00 28.06
7 63.62 35.74
8 -34.50 -11.19
9 58.13 23.54
10 -47.70 44.33
11 31.58 -56.37
12 83.12 13.45
13 -60.06 -35.28
14 15.54 -43.26
15 71.15 45.88
16 30.58 52.71
17 6.68 -6.27
18 -69.85 -49.69
19 -40.01 -54.13
ACCEPTED_PROBABILITIES
0.00
0.11
0.13
0.13
0.14
0.05
0.13
0.15
0.10
0.11
0.07
0.14
0.11
0.09
0.07
0.06
0.11
0.14
0.11
OUTSOURCING_COSTS
0.00
10.62
13.16
13.66
16.21
0.17
14.19
16.50
9.41
9.71
2.59
15.88
9.90
7.12
3.31
2.23
11.22
14.92
10.66
