NAME : sz-17-prob_type-direct_dist-prob-0.50-fee_type-direct_prob-fee-3.4
TYPE : TSP
DIMENSION : 17
EDGE_WEIGHT_TYPE : EUC_2D
NODE_COORD_SECTION
1 0.00 0.00
2 -1.37 -91.67
3 13.81 -78.19
4 -19.37 -33.50
5 -2.03 72.15
6 9.20 32.30
7 28.28 -11.88
8 -19.67 48.58
9 86.91 -29.36
10 13.13 -43.37
11 41.23 -58.94
12 54.94 -1.45
13 17.00 30.78
14 44.40 50.27
15 -68.95 1.21
16 36.00 67.14
17 -64.24 21.54
ACCEPTED_PROBABILITIES
0.00
0.59
0.57
0.48
0.39
0.42
0.44
0.54
0.70
0.52
0.61
0.37
0.45
0.65
0.50
0.41
0.35
OUTSOURCING_COSTS
0.00
14.27
13.13
7.62
2.42
4.12
4.99
11.19
21.04
10.41
15.60
1.25
6.07
18.05
9.01
3.26
0.21
