NAME : sz-19-prob_type-uniform-prob-0.20-fee_type-direct_prob-fee-3.5
TYPE : TSP
DIMENSION : 19
EDGE_WEIGHT_TYPE : EUC_2D
NODE_COORD_SECTION
1 0.00 0.00
2 -37.84 14.00
3 15.77 -76.43
4 4.19 72.55
5 72.69 -56.76
6 91.20 -9.83
7 37.65 6.42
8 -13.29 66.30
9 98.33 -16.82
10 70.46 11.54
11 -27.18 59.49
12 72.22 17.46
13 62.29 -4.95
14 17.67 -50.98
15 77.41 -32.69
16 -54.41 -66.80
17 25.43 -5.76
18 -12.55 -22.78
19 -47.70 5.80
ACCEPTED_PROBABILITIES
0.00
0.21
0.16
0.24
0.17
0.19
0.20
0.24
0.16
0.15
0.19
0.24
0.21
0.22
0.19
0.19
0.20
0.22
0.18
OUTSOURCING_COSTS
0.00
11.68
1.47
19.13
2.80
8.45
10.74
19.25
0.81
0.19
7.29
18.69
13.65
15.51
7.27
7.47
11.40
14.11
5.19
