NAME : sz-14-prob_type-uniform-prob-0.10-fee_type-inverse_prob-fee-2.7
TYPE : TSP
DIMENSION : 14
EDGE_WEIGHT_TYPE : EUC_2D
NODE_COORD_SECTION
1 0.00 0.00
2 -15.48 -61.14
3 -36.33 85.01
4 86.10 15.63
5 78.52 50.81
6 -77.31 35.47
7 91.48 19.61
8 -74.26 51.88
9 -8.95 85.32
10 78.25 5.49
11 -13.57 -13.18
12 8.83 11.95
13 -33.86 -16.39
14 3.00 -93.79
ACCEPTED_PROBABILITIES
0.00
0.06
0.14
0.10
0.07
0.06
0.05
0.07
0.13
0.11
0.10
0.06
0.11
0.07
OUTSOURCING_COSTS
0.00
18.66
0.21
9.83
15.57
18.82
20.56
16.05
1.57
5.87
8.91
18.10
6.88
16.41
