NAME : sz-15-prob_type-inverse_dist-prob-0.25-fee_type-direct_prob-fee-3.4
TYPE : TSP
DIMENSION : 15
EDGE_WEIGHT_TYPE : EUC_2D
NODE_COORD_SECTION
1 0.00 0.00
2 74.89 -22.60
3 -14.45 21.65
4 83.14 -45.28
5 -77.64 -58.61
6 -34.84 -69.87
7 82.26 -3.64
8 -87.30 28.65
9 -30.22 -3.80
10 -3.64 73.13
11 24.22 -96.63
12 8.49 16.75
13 -63.88 -60.05
14 52.41 43.85
15 -25.02 94.63
ACCEPTED_PROBABILITIES
0.00
0.29
0.34
0.25
0.25
0.23
0.23
0.24
0.30
0.24
0.25
0.26
0.26
0.25
0.25
OUTSOURCING_COSTS
0.00
12.77
24.04
4.16
4.42
1.70
0.24
3.42
16.09
2.72
4.74
7.48
7.49
5.54
5.79
