NAME : sz-16-prob_type-inverse_dist-prob-0.25-fee_type-direct_prob-fee-2.9
TYPE : TSP
DIMENSION : 16
EDGE_WEIGHT_TYPE : EUC_2D
NODE_COORD_SECTION
1 0.00 0.00
2 -9.55 82.88
3 17.72 61.79
4 21.84 81.93
5 -24.65 -65.32
6 -37.80 23.42
7 -45.26 40.79
8 5.42 -26.50
9 68.56 -37.42
10 -3.35 -94.02
11 -7.06 -82.68
12 44.42 88.92
13 78.41 56.99
14 5.54 95.41
15 24.68 92.95
16 97.32 12.93
ACCEPTED_PROBABILITIES
0.00
0.28
0.28
0.23
0.30
0.16
0.28
0.26
0.28
0.26
0.28
0.25
0.25
0.24
0.25
0.25
OUTSOURCING_COSTS
0.00
17.10
16.22
10.57
19.14
0.19
16.76
14.28
16.16
13.74
16.15
12.81
13.09
11.82
13.22
13.05
