NAME : sz-15-prob_type-direct_dist-prob-0.25-fee_type-direct_prob-fee-2.9
TYPE : TSP
DIMENSION : 15
EDGE_WEIGHT_TYPE : EUC_2D
NODE_COORD_SECTION
1 0.00 0.00
2 80.56 33.98
3 5.69 47.00
4 -95.12 30.20
5 37.15 -78.85
6 37.08 -1.52
7 -33.27 -57.52
8 -58.37 -34.46
9 -46.31 10.97
10 46.45 -33.25
11 -10.64 -67.75
12 -38.39 20.81
13 -67.61 -66.55
14 3.57 4.01
15 -29.81 0.45
ACCEPTED_PROBABILITIES
0.00
0.13
0.29
0.44
0.39
0.29
0.33
0.13
0.35
0.20
0.14
0.17
0.26
0.24
0.28
OUTSOURCING_COSTS
0.00
0.38
10.94
20.51
17.09
10.67
13.14
0.21
14.51
4.98
0.88
3.02
8.59
7.51
9.76
