NAME : sz-15-prob_type-uniform-prob-0.55-fee_type-direct_prob-fee-2.9
TYPE : TSP
DIMENSION : 15
EDGE_WEIGHT_TYPE : EUC_2D
NODE_COORD_SECTION
1 0.00 0.00
2 -25.54 -25.34
3 -40.51 36.45
4 -73.49 48.31
5 46.82 -24.22
6 65.09 49.34
7 39.31 -58.18
8 -16.72 45.68
9 -83.91 8.97
10 79.22 -54.88
11 -65.71 30.04
12 60.74 -51.01
13 44.60 10.99
14 63.39 10.57
15 -63.63 -58.53
ACCEPTED_PROBABILITIES
0.00
0.59
0.56
0.56
0.58
0.59
0.51
0.54
0.52
0.58
0.57
0.56
0.51
0.55
0.57
OUTSOURCING_COSTS
0.00
20.51
12.27
13.09
18.06
20.51
0.58
8.12
4.36
18.61
16.21
13.86
0.21
10.48
15.27
