NAME : sz-17-prob_type-uniform-prob-0.50-fee_type-inverse_prob-fee-2.5
TYPE : TSP
DIMENSION : 17
EDGE_WEIGHT_TYPE : EUC_2D
NODE_COORD_SECTION
1 0.00 0.00
2 -78.99 -58.63
3 64.97 54.57
4 -71.21 28.47
5 59.31 50.87
6 51.06 -45.14
7 -36.91 76.34
8 -16.06 -75.49
9 -14.37 25.31
10 -52.61 -30.27
11 -19.50 73.72
12 -14.71 -33.17
13 71.14 42.11
14 9.68 20.03
15 9.84 -31.30
16 14.96 93.80
17 56.27 -80.11
ACCEPTED_PROBABILITIES
0.00
0.50
0.55
0.53
0.52
0.52
0.49
0.48
0.47
0.52
0.47
0.45
0.50
0.48
0.51
0.48
0.48
OUTSOURCING_COSTS
0.00
8.06
0.16
3.34
4.95
4.25
9.11
10.62
13.13
3.77
12.54
15.47
8.10
11.20
5.69
11.83
11.12
