NAME : sz-18-prob_type-uniform-prob-0.60-fee_type-direct_prob-fee-2.8
TYPE : TSP
DIMENSION : 18
EDGE_WEIGHT_TYPE : EUC_2D
NODE_COORD_SECTION
1 0.00 0.00
2 -64.56 3.26
3 30.90 -16.95
4 -20.71 -51.62
5 -61.29 -52.64
6 -24.11 73.65
7 39.02 -83.24
8 -32.45 -78.55
9 63.27 12.71
10 -77.58 5.38
11 48.12 -1.90
12 44.49 12.25
13 -12.59 -87.06
14 -83.82 46.54
15 47.47 -64.75
16 77.92 -44.64
17 23.59 -43.00
18 79.30 39.94
ACCEPTED_PROBABILITIES
0.00
0.56
0.60
0.62
0.65
0.62
0.60
0.57
0.57
0.63
0.62
0.59
0.61
0.58
0.56
0.58
0.64
0.63
OUTSOURCING_COSTS
0.00
0.43
7.41
11.73
16.31
10.90
7.38
1.30
0.97
13.43
10.09
5.66
9.35
3.79
0.16
4.15
14.40
13.00
