NAME : sz-18-prob_type-inverse_dist-prob-0.50-fee_type-inverse_prob-fee-3.1
TYPE : TSP
DIMENSION : 18
EDGE_WEIGHT_TYPE : EUC_2D
NODE_COORD_SECTION
1 0.00 0.00
2 72.57 -63.23
3 -63.28 -46.90
4 19.74 90.67
5 29.38 73.65
6 92.26 -27.31
7 32.87 -70.51
8 -31.78 34.50
9 -33.50 -30.50
10 6.79 37.79
11 95.69 5.60
12 -9.37 -36.57
13 -43.75 41.89
14 -26.29 91.20
15 39.22 88.14
16 -48.96 20.58
17 -15.41 -80.65
18 -97.84 -14.60
ACCEPTED_PROBABILITIES
0.00
0.50
0.52
0.52
0.50
0.51
0.51
0.48
0.38
0.48
0.50
0.39
0.48
0.50
0.50
0.49
0.47
0.50
OUTSOURCING_COSTS
0.00
2.72
0.18
0.88
3.22
2.02
1.78
5.18
18.05
5.95
2.35
16.83
5.73
3.32
2.90
4.28
6.28
2.93
