NAME : sz-15-prob_type-uniform-prob-0.35-fee_type-inverse_prob-fee-2.9
TYPE : TSP
DIMENSION : 15
EDGE_WEIGHT_TYPE : EUC_2D
NODE_COORD_SECTION
1 0.00 0.00
2 -84.77 -21.86
3 33.09 -36.80
4 -39.21 26.28
5 -10.83 62.88
6 -15.19 -20.72
7 35.85 26.59
8 -72.69 19.06
9 -55.32 60.12
10 19.44 78.48
11 -69.56 63.82
12 -7.13 -9.26
13 -89.71 10.58
14 -30.60 -52.27
15 -43.84 35.65
ACCEPTED_PROBABILITIES
0.00
0.34
0.35
0.37
0.35
0.34
0.35
0.37
0.35
0.40
0.35
0.37
0.30
0.33
0.34
OUTSOURCING_COSTS
0.00
13.06
9.96
6.76
10.17
12.79
10.23
4.96
9.64
0.21
9.35
5.39
20.51
15.39
11.43
