NAME : sz-19-prob_type-uniform-prob-0.15-fee_type-direct_prob-fee-2.5
TYPE : TSP
DIMENSION : 19
EDGE_WEIGHT_TYPE : EUC_2D
NODE_COORD_SECTION
1 0.00 0.00
2 -42.01 84.40
3 -13.91 65.47
4 66.28 23.85
5 5.92 -1.35
6 -9.35 -33.81
7 65.28 -49.49
8 78.54 -6.18
9 -43.81 6.30
10 -62.71 32.90
11 20.73 91.67
12 -96.70 -22.43
13 87.33 -4.55
14 60.27 43.73
15 -24.65 -62.43
16 -67.59 47.13
17 -91.66 16.73
18 97.96 -15.68
19 45.74 -32.93
ACCEPTED_PROBABILITIES
0.00
0.15
0.14
0.11
0.16
0.10
0.16
0.14
0.17
0.19
0.11
0.16
0.13
0.12
0.11
0.13
0.19
0.20
0.19
OUTSOURCING_COSTS
0.00
7.11
6.31
1.38
8.57
0.14
8.43
5.57
9.33
13.18
1.25
8.23
4.82
3.10
1.03
3.95
13.00
13.75
12.55
