NAME : sz-19-prob_type-uniform-prob-0.25-fee_type-inverse_prob-fee-2.6
TYPE : TSP
DIMENSION : 19
EDGE_WEIGHT_TYPE : EUC_2D
NODE_COORD_SECTION
1 0.00 0.00
2 -8.12 -19.59
3 -73.31 -8.31
4 8.52 -72.70
5 -63.79 -30.14
6 9.07 -84.20
7 73.14 33.96
8 29.28 -29.27
9 84.23 -20.09
10 43.29 -8.90
11 -33.21 -88.25
12 -13.82 64.33
13 -74.76 -15.07
14 29.54 36.54
15 -28.32 -27.25
16 -19.10 37.00
17 8.65 -41.06
18 44.11 -39.84
19 89.94 -37.09
ACCEPTED_PROBABILITIES
0.00
0.22
0.30
0.27
0.22
0.26
0.26
0.25
0.25
0.27
0.29
0.22
0.25
0.24
0.24
0.21
0.28
0.21
0.28
OUTSOURCING_COSTS
0.00
12.59
0.14
3.94
12.87
6.63
6.24
6.85
7.83
4.50
1.73
12.07
7.15
9.52
9.68
13.95
3.50
14.30
3.27
