NAME : sz-14-prob_type-inverse_dist-prob-0.50-fee_type-direct_prob-fee-2.5
TYPE : TSP
DIMENSION : 14
EDGE_WEIGHT_TYPE : EUC_2D
NODE_COORD_SECTION
1 0.00 0.00
2 -24.48 -8.00
3 -54.46 6.05
4 -41.79 90.78
5 47.68 63.05
6 -12.56 -2.70
7 15.15 88.92
8 12.17 -58.21
9 -55.97 -81.32
10 66.64 -49.59
11 -5.80 -19.28
12 80.77 -26.99
13 -81.92 -54.63
14 -14.24 -45.37
ACCEPTED_PROBABILITIES
0.00
0.36
0.49
0.50
0.55
0.47
0.51
0.40
0.50
0.48
0.50
0.54
0.50
0.47
OUTSOURCING_COSTS
0.00
0.19
13.65
14.47
19.04
11.09
15.26
4.67
14.56
12.49
14.30
18.23
14.69
11.13
