NAME : sz-18-prob_type-uniform-prob-0.60-fee_type-inverse_prob-fee-2.5
TYPE : TSP
DIMENSION : 18
EDGE_WEIGHT_TYPE : EUC_2D
NODE_COORD_SECTION
1 0.00 0.00
2 -60.04 78.00
3 99.44 -5.94
4 26.26 47.90
5 -61.46 -1.40
6 9.78 56.98
7 27.12 28.77
8 35.35 -45.76
9 66.00 -34.69
10 62.84 26.57
11 25.36 -48.80
12 47.12 -86.01
13 85.05 0.11
14 -5.05 85.47
15 37.56 91.02
16 92.66 29.97
17 13.38 69.62
18 -86.13 7.22
ACCEPTED_PROBABILITIES
0.00
0.60
0.61
0.56
0.63
0.64
0.59
0.64
0.59
0.64
0.65
0.64
0.55
0.61
0.62
0.61
0.58
0.65
OUTSOURCING_COSTS
0.00
7.45
5.09
13.02
2.32
1.72
9.25
0.53
9.54
1.32
0.15
1.52
14.56
5.75
4.75
5.81
9.71
0.15
