NAME : sz-18-prob_type-uniform-prob-0.20-fee_type-inverse_prob-fee-2.9
TYPE : TSP
DIMENSION : 18
EDGE_WEIGHT_TYPE : EUC_2D
NODE_COORD_SECTION
1 0.00 0.00
2 74.85 -45.96
3 -20.96 -32.27
4 -20.00 61.06
5 -45.94 -36.78
6 19.20 45.79
7 -61.22 -51.54
8 -29.40 77.92
9 -88.46 2.62
10 -18.44 97.32
11 -85.43 27.09
12 -61.34 -10.83
13 -54.58 -35.13
14 22.36 78.08
15 49.96 -61.36
16 -23.61 25.53
17 54.61 50.78
18 -47.20 -62.34
ACCEPTED_PROBABILITIES
0.00
0.25
0.19
0.18
0.22
0.16
0.16
0.25
0.16
0.21
0.18
0.17
0.22
0.20
0.16
0.19
0.21
0.23
OUTSOURCING_COSTS
0.00
0.61
11.29
13.12
4.52
16.89
16.89
0.17
16.05
7.79
13.27
14.02
6.33
8.73
16.70
10.32
7.80
3.43
