NAME : sz-15-prob_type-inverse_dist-prob-0.25-fee_type-inverse_prob-fee-3.1
TYPE : TSP
DIMENSION : 15
EDGE_WEIGHT_TYPE : EUC_2D
NODE_COORD_SECTION
1 0.00 0.00
2 -3.60 -33.15
3 62.31 -14.03
4 11.75 -18.65
5 65.02 -62.52
6 -33.05 54.33
7 -72.06 -51.45
8 -42.85 49.10
9 -84.52 -6.06
10 79.94 14.42
11 -16.03 40.26
12 -30.05 -72.04
13 54.02 -60.75
14 39.93 87.13
15 -87.10 -30.63
ACCEPTED_PROBABILITIES
0.00
0.11
0.31
0.36
0.23
0.26
0.26
0.32
0.24
0.28
0.18
0.21
0.24
0.26
0.23
OUTSOURCING_COSTS
0.00
21.92
4.28
0.22
10.82
8.79
8.81
3.53
10.13
6.66
15.31
12.64
10.13
8.61
10.83
