NAME : sz-16-prob_type-uniform-prob-0.20-fee_type-inverse_prob-fee-2.6
TYPE : TSP
DIMENSION : 16
EDGE_WEIGHT_TYPE : EUC_2D
NODE_COORD_SECTION
1 0.00 0.00
2 21.84 -90.53
3 -29.19 -28.78
4 74.78 -19.85
5 19.38 -73.14
6 86.62 -30.87
7 -6.69 -11.77
8 -1.97 -28.36
9 -51.58 -8.96
10 -16.18 17.49
11 -70.66 67.44
12 20.19 -27.16
13 -81.80 25.57
14 -18.17 71.19
15 87.51 33.06
16 -58.88 -63.34
ACCEPTED_PROBABILITIES
0.00
0.24
0.25
0.21
0.22
0.20
0.23
0.24
0.15
0.24
0.21
0.17
0.18
0.17
0.18
0.16
OUTSOURCING_COSTS
0.00
2.22
0.17
6.49
4.38
8.94
4.15
2.16
17.16
2.11
7.32
15.21
13.37
14.72
13.30
16.38
