NAME : sz-18-prob_type-uniform-prob-0.25-fee_type-inverse_prob-fee-3.2
TYPE : TSP
DIMENSION : 18
EDGE_WEIGHT_TYPE : EUC_2D
NODE_COORD_SECTION
1 0.00 0.00
2 -72.73 -31.15
3 48.13 -37.72
4 5.65 38.04
5 26.34 49.49
6 3.01 -82.36
7 32.49 54.60
8 -4.64 -95.28
9 74.54 43.35
10 2.28 -43.06
11 -51.92 -13.28
12 -5.96 -73.76
13 -58.05 -19.31
14 65.05 38.53
15 -76.63 45.65
16 -29.66 -34.19
17 -76.48 -56.98
18 -18.12 38.12
ACCEPTED_PROBABILITIES
0.00
0.27
0.28
0.20
0.27
0.25
0.22
0.27
0.30
0.25
0.26
0.24
0.25
0.27
0.24
0.26
0.27
0.23
OUTSOURCING_COSTS
0.00
5.41
2.95
18.64
5.77
8.82
16.06
5.31
0.19
9.74
7.71
11.76
9.61
5.46
12.18
6.96
6.34
13.17
