NAME : sz-14-prob_type-direct_dist-prob-0.25-fee_type-inverse_prob
TYPE : TSP
DIMENSION : 14
EDGE_WEIGHT_TYPE : EUC_2D
NODE_COORD_SECTION
1 0.00 0.00
2 -21.88 -31.48
3 -72.06 -58.10
4 28.95 -38.53
5 -8.12 -5.28
6 31.99 18.67
7 -35.66 77.92
8 -22.28 93.01
9 -47.40 84.70
10 35.52 82.08
11 43.99 35.54
12 49.09 72.81
13 -74.22 -40.27
14 -54.29 -11.60
ACCEPTED_PROBABILITIES
0.00
0.23
0.02
0.19
0.27
0.16
0.25
0.49
0.04
0.32
0.22
0.43
0.40
0.36
OUTSOURCING_COSTS
0.00
12.85
22.85
14.74
11.01
16.35
11.93
0.23
22.03
8.56
13.33
2.75
4.21
6.21
