NAME : sz-19-prob_type-uniform-prob-0.45-fee_type-inverse_prob-fee-3.1
TYPE : TSP
DIMENSION : 19
EDGE_WEIGHT_TYPE : EUC_2D
NODE_COORD_SECTION
1 0.00 0.00
2 -34.73 10.41
3 48.37 -1.02
4 -6.76 43.98
5 -55.53 -57.96
6 89.34 -36.04
7 79.86 -38.48
8 5.01 -97.83
9 -4.36 -66.75
10 31.37 -82.91
11 -37.62 9.08
12 5.68 4.44
13 48.03 12.09
14 2.60 95.20
15 -39.75 61.38
16 44.15 81.74
17 5.93 80.24
18 7.41 5.81
19 -85.44 -39.14
ACCEPTED_PROBABILITIES
0.00
0.43
0.44
0.50
0.41
0.43
0.40
0.44
0.44
0.41
0.42
0.49
0.49
0.48
0.44
0.45
0.42
0.46
0.41
OUTSOURCING_COSTS
0.00
12.37
9.67
0.17
15.50
12.21
17.05
9.83
10.71
15.87
13.63
1.86
0.65
3.75
10.75
9.22
14.67
7.21
16.62
