NAME : sz-16-prob_type-uniform-prob-0.25-fee_type-direct_prob-fee-2.5
TYPE : TSP
DIMENSION : 16
EDGE_WEIGHT_TYPE : EUC_2D
NODE_COORD_SECTION
1 0.00 0.00
2 -11.40 -85.06
3 46.57 75.64
4 -60.65 25.64
5 -74.18 30.46
6 88.79 -6.11
7 21.05 65.97
8 -59.23 -68.64
9 25.64 -59.49
10 46.53 -35.18
11 9.35 60.09
12 -6.94 -3.81
13 -82.86 -32.29
14 8.89 -13.98
15 22.97 -76.07
16 -56.44 70.72
ACCEPTED_PROBABILITIES
0.00
0.24
0.28
0.28
0.29
0.24
0.27
0.30
0.22
0.23
0.25
0.20
0.24
0.24
0.23
0.25
OUTSOURCING_COSTS
0.00
6.48
13.73
14.17
15.71
7.12
11.52
16.50
2.95
4.42
8.82
0.17
5.97
6.24
4.41
9.08
