NAME : sz-14-prob_type-inverse_dist-prob-0.25-fee_type-direct_prob-fee-3.2
TYPE : TSP
DIMENSION : 14
EDGE_WEIGHT_TYPE : EUC_2D
NODE_COORD_SECTION
1 0.00 0.00
2 25.99 -43.33
3 17.13 -50.07
4 80.02 43.89
5 -62.28 44.99
6 -19.16 50.00
7 -1.70 -79.58
8 -38.51 -40.95
9 -20.25 -18.41
10 70.11 34.74
11 28.41 28.80
12 81.23 -15.16
13 6.90 27.43
14 -70.23 -60.30
ACCEPTED_PROBABILITIES
0.00
0.29
0.14
0.26
0.21
0.22
0.23
0.31
0.10
0.24
0.31
0.29
0.18
0.23
OUTSOURCING_COSTS
0.00
22.78
4.79
19.24
12.26
13.96
15.32
24.37
0.25
16.37
24.20
22.67
8.73
15.50
