NAME : sz-14-prob_type-uniform-prob-0.25-fee_type-inverse_prob-fee-2.9
TYPE : TSP
DIMENSION : 14
EDGE_WEIGHT_TYPE : EUC_2D
NODE_COORD_SECTION
1 0.00 0.00
2 4.14 27.48
3 37.23 -79.02
4 2.80 1.98
5 26.56 -27.56
6 60.62 64.12
7 69.10 8.35
8 61.87 -19.21
9 90.17 -26.44
10 -78.73 -24.33
11 83.11 14.37
12 46.20 51.88
13 -30.23 -42.08
14 75.14 -17.91
ACCEPTED_PROBABILITIES
0.00
0.28
0.28
0.25
0.21
0.25
0.20
0.22
0.23
0.25
0.23
0.28
0.23
0.22
OUTSOURCING_COSTS
0.00
0.48
0.22
9.13
20.29
9.41
22.08
18.68
16.01
7.64
14.27
1.37
15.96
18.64
