NAME : sz-18-prob_type-uniform-prob-0.50-fee_type-direct_prob-fee-2.7
TYPE : TSP
DIMENSION : 18
EDGE_WEIGHT_TYPE : EUC_2D
NODE_COORD_SECTION
1 0.00 0.00
2 19.31 -7.95
3 -31.43 19.72
4 -46.21 75.58
5 -64.46 -41.33
6 -91.58 20.10
7 0.10 75.99
8 -38.23 45.76
9 -29.61 -32.68
10 53.11 55.80
11 -83.87 -16.53
12 72.90 23.41
13 13.98 43.44
14 26.28 70.74
15 -38.56 43.04
16 -4.84 46.29
17 -52.09 -65.79
18 99.08 12.19
ACCEPTED_PROBABILITIES
0.00
0.48
0.46
0.49
0.54
0.51
0.47
0.53
0.50
0.53
0.49
0.51
0.49
0.49
0.47
0.51
0.51
0.48
OUTSOURCING_COSTS
0.00
2.81
0.16
6.04
15.72
9.28
0.52
13.30
8.46
14.43
4.72
8.84
6.20
5.46
1.22
9.95
9.48
4.26
