NAME : sz-19-prob_type-uniform-prob-0.15-fee_type-direct_prob-fee-3.5
TYPE : TSP
DIMENSION : 19
EDGE_WEIGHT_TYPE : EUC_2D
NODE_COORD_SECTION
1 0.00 0.00
2 -25.75 -14.71
3 68.42 -60.23
4 -38.47 -19.08
5 11.09 40.10
6 30.29 -13.14
7 -77.56 -5.07
8 41.68 -38.42
9 -90.61 -9.19
10 40.40 -59.54
11 80.13 -40.20
12 -13.94 -10.23
13 15.54 30.53
14 -11.97 -55.98
15 -11.41 35.94
16 -77.47 44.48
17 28.82 -50.81
18 59.06 -76.36
19 -78.23 17.21
ACCEPTED_PROBABILITIES
0.00
0.14
0.11
0.17
0.12
0.17
0.17
0.18
0.14
0.14
0.11
0.20
0.16
0.15
0.11
0.17
0.16
0.20
0.20
OUTSOURCING_COSTS
0.00
5.17
0.42
13.00
1.03
12.58
12.18
15.46
6.64
5.82
0.19
19.25
11.24
8.40
0.19
13.59
11.29
19.04
19.25
