NAME : sz-14-prob_type-uniform-prob-0.50-fee_type-inverse_prob-fee-2.7
TYPE : TSP
DIMENSION : 14
EDGE_WEIGHT_TYPE : EUC_2D
NODE_COORD_SECTION
1 0.00 0.00
2 -24.57 -57.15
3 -26.42 -68.29
4 -18.51 -2.16
5 77.64 43.16
6 -57.59 -32.19
7 -54.58 31.73
8 -41.80 50.91
9 23.38 89.66
10 -77.05 1.24
11 2.23 62.44
12 -74.09 -58.81
13 88.48 -3.61
14 22.16 -9.02
ACCEPTED_PROBABILITIES
0.00
0.54
0.45
0.47
0.46
0.50
0.53
0.51
0.50
0.49
0.46
0.54
0.48
0.47
OUTSOURCING_COSTS
0.00
0.37
20.56
18.21
19.95
9.80
2.87
8.64
10.07
11.92
19.65
0.21
15.89
18.18
