NAME : sz-19-prob_type-direct_dist-prob-0.25-fee_type-direct_prob-fee-3.2
TYPE : TSP
DIMENSION : 19
EDGE_WEIGHT_TYPE : EUC_2D
NODE_COORD_SECTION
1 0.00 0.00
2 -21.97 64.81
3 -21.06 3.05
4 -73.65 -27.96
5 92.90 11.39
6 -48.84 11.47
7 -18.70 -53.33
8 -68.61 64.54
9 92.93 27.92
10 -12.05 -96.36
11 59.63 -80.02
12 54.69 6.16
13 61.96 73.35
14 -7.27 -55.29
15 -0.09 94.44
16 -84.76 14.58
17 -49.31 66.31
18 -4.96 -45.83
19 32.87 -31.38
ACCEPTED_PROBABILITIES
0.00
0.20
0.28
0.18
0.08
0.31
0.31
0.43
0.43
0.14
0.09
0.16
0.36
0.26
0.11
0.36
0.42
0.20
0.32
OUTSOURCING_COSTS
0.00
6.19
10.13
5.06
0.18
11.92
11.49
17.60
17.60
3.25
0.54
4.31
14.15
9.28
1.55
14.17
17.36
6.09
12.06
