NAME : sz-16-prob_type-direct_dist-prob-0.25-fee_type-direct_prob-fee-3.1
TYPE : TSP
DIMENSION : 16
EDGE_WEIGHT_TYPE : EUC_2D
NODE_COORD_SECTION
1 0.00 0.00
2 68.73 70.06
3 -39.83 -52.27
4 70.98 1.29
5 -89.95 -31.24
6 7.73 13.92
7 -73.74 14.73
8 -15.01 51.78
9 92.90 31.06
10 -19.39 -4.28
11 -40.94 34.34
12 -11.16 -31.55
13 -49.63 -70.56
14 59.34 -53.15
15 -86.82 5.57
16 -62.65 15.45
ACCEPTED_PROBABILITIES
0.00
0.47
0.15
0.33
0.18
0.27
0.29
0.16
0.48
0.30
0.35
0.25
0.28
0.21
0.19
0.41
OUTSOURCING_COSTS
0.00
20.20
0.21
11.48
2.07
7.28
9.12
0.59
20.46
9.35
12.31
6.36
8.35
3.55
2.76
16.31
