NAME : sz-14-prob_type-uniform-prob-0.40-fee_type-direct_prob-fee-2.5
TYPE : TSP
DIMENSION : 14
EDGE_WEIGHT_TYPE : EUC_2D
NODE_COORD_SECTION
1 0.00 0.00
2 -3.61 -28.62
3 -43.28 -73.30
4 -68.27 21.94
5 -66.49 54.06
6 67.29 41.96
7 -45.55 -17.02
8 -98.39 1.85
9 17.32 -94.62
10 -11.29 49.56
11 -39.69 -71.50
12 -19.17 81.73
13 41.95 67.42
14 48.75 42.43
ACCEPTED_PROBABILITIES
0.00
0.36
0.41
0.44
0.39
0.36
0.36
0.45
0.37
0.39
0.45
0.45
0.36
0.42
OUTSOURCING_COSTS
0.00
0.19
12.03
16.49
6.57
0.68
1.64
19.02
2.04
7.44
19.04
18.53
1.00
13.45
