NAME : sz-16-prob_type-uniform-prob-0.30-fee_type-direct_prob-fee-2.5
TYPE : TSP
DIMENSION : 16
EDGE_WEIGHT_TYPE : EUC_2D
NODE_COORD_SECTION
1 0.00 0.00
2 -32.67 -74.44
3 -63.28 -61.03
4 31.54 17.06
5 44.27 69.55
6 52.86 -44.21
7 -39.37 88.68
8 80.75 -11.87
9 68.67 2.73
10 -57.08 -35.91
11 -37.45 72.48
12 -73.34 12.38
13 -23.12 58.83
14 -25.63 91.23
15 -85.98 15.75
16 28.33 79.14
ACCEPTED_PROBABILITIES
0.00
0.32
0.30
0.33
0.27
0.25
0.32
0.34
0.35
0.31
0.28
0.28
0.28
0.33
0.33
0.32
OUTSOURCING_COSTS
0.00
12.37
7.83
14.34
3.15
0.17
11.48
16.35
16.50
9.81
5.58
5.58
5.73
14.49
14.30
11.99
