NAME : sz-14-prob_type-uniform-prob-0.30-fee_type-direct_prob
TYPE : TSP
DIMENSION : 14
EDGE_WEIGHT_TYPE : EUC_2D
NODE_COORD_SECTION
1 0.00 0.00
2 -62.36 12.90
3 22.77 44.05
4 -94.58 -31.65
5 20.18 -24.75
6 28.99 -21.57
7 -21.39 46.39
8 69.05 -66.72
9 66.71 -3.56
10 49.94 -14.24
11 42.93 -87.93
12 39.45 4.62
13 -90.68 8.76
14 -35.67 62.07
ACCEPTED_PROBABILITIES
0.00
0.31
0.27
0.34
0.28
0.27
0.26
0.34
0.33
0.30
0.35
0.26
0.28
0.34
OUTSOURCING_COSTS
0.00
14.21
4.70
22.63
6.99
4.42
0.25
20.58
19.71
10.98
22.85
0.23
6.58
22.16
