NAME : sz-18-prob_type-uniform-prob-0.05-fee_type-direct_prob-fee-2.9
TYPE : TSP
DIMENSION : 18
EDGE_WEIGHT_TYPE : EUC_2D
NODE_COORD_SECTION
1 0.00 0.00
2 5.37 75.39
3 -36.44 -11.06
4 -23.00 -47.08
5 24.04 68.81
6 22.28 19.38
7 -23.71 52.74
8 24.24 -96.81
9 -43.50 -67.16
10 38.82 -57.86
11 -58.24 56.45
12 -33.63 10.61
13 61.16 -6.35
14 -56.41 0.45
15 49.44 53.67
16 -7.00 -75.65
17 -11.04 -78.96
18 -72.63 -31.88
ACCEPTED_PROBABILITIES
0.00
0.02
0.04
0.01
0.07
0.09
0.01
0.09
0.07
0.03
0.02
0.01
0.06
0.07
0.01
0.09
0.04
0.08
OUTSOURCING_COSTS
0.00
3.54
6.69
0.17
12.44
16.89
0.17
16.13
12.99
5.48
3.24
1.21
9.82
12.43
1.13
16.89
5.68
15.66
