NAME : sz-19-prob_type-uniform-prob-0.10-fee_type-inverse_prob-fee-3.5
TYPE : TSP
DIMENSION : 19
EDGE_WEIGHT_TYPE : EUC_2D
NODE_COORD_SECTION
1 0.00 0.00
2 15.67 -8.03
3 5.67 71.05
4 22.94 61.50
5 -89.02 -42.47
6 -21.78 -7.76
7 29.58 -75.34
8 -88.43 -30.57
9 2.57 7.12
10 27.12 -73.65
11 -6.28 50.14
12 29.10 2.07
13 23.43 72.08
14 84.60 -27.11
15 64.58 44.96
16 -86.12 7.58
17 -29.89 42.49
18 -46.86 64.91
19 40.20 52.00
ACCEPTED_PROBABILITIES
0.00
0.05
0.09
0.14
0.08
0.08
0.07
0.12
0.12
0.09
0.14
0.12
0.11
0.07
0.13
0.08
0.09
0.09
0.13
OUTSOURCING_COSTS
0.00
19.25
11.85
0.19
13.51
13.04
14.99
4.00
5.53
12.29
1.53
5.01
7.78
15.92
1.77
13.24
11.93
11.43
3.57
