NAME : sz-14-prob_type-uniform-prob-0.20-fee_type-direct_prob-fee-3.3
TYPE : TSP
DIMENSION : 14
EDGE_WEIGHT_TYPE : EUC_2D
NODE_COORD_SECTION
1 0.00 0.00
2 -14.58 90.96
3 -13.90 -66.57
4 -30.98 8.14
5 59.07 74.95
6 -4.03 -93.83
7 51.57 -42.89
8 -74.91 65.01
9 -34.78 -61.22
10 -18.28 -68.48
11 47.93 55.76
12 -7.34 99.25
13 -32.75 1.32
14 -78.94 60.39
ACCEPTED_PROBABILITIES
0.00
0.20
0.23
0.24
0.19
0.18
0.24
0.25
0.16
0.22
0.15
0.16
0.20
0.23
OUTSOURCING_COSTS
0.00
12.73
20.17
22.33
10.79
6.26
24.11
25.13
1.54
17.21
0.25
1.85
13.49
21.79
