NAME : sz-17-prob_type-uniform-prob-0.20-fee_type-direct_prob-fee-2.7
TYPE : TSP
DIMENSION : 17
EDGE_WEIGHT_TYPE : EUC_2D
NODE_COORD_SECTION
1 0.00 0.00
2 32.49 -41.97
3 -81.46 19.74
4 -28.78 15.80
5 27.90 -84.38
6 -12.04 -52.06
7 -60.04 60.98
8 23.33 58.74
9 -6.41 -11.46
10 68.63 30.87
11 -43.45 80.77
12 53.27 50.35
13 -4.90 -61.72
14 -43.98 11.93
15 6.15 12.22
16 -42.48 -84.43
17 2.83 -2.42
ACCEPTED_PROBABILITIES
0.00
0.16
0.20
0.24
0.20
0.15
0.17
0.24
0.17
0.16
0.18
0.15
0.17
0.22
0.15
0.20
0.18
OUTSOURCING_COSTS
0.00
2.15
9.55
16.71
8.73
0.17
4.60
16.71
3.08
1.06
5.46
0.52
4.08
13.65
0.70
10.09
5.55
