NAME : sz-13-prob_type-uniform-prob-0.05-fee_type-direct_prob-fee-3.3
TYPE : TSP
DIMENSION : 13
EDGE_WEIGHT_TYPE : EUC_2D
NODE_COORD_SECTION
1 0.00 0.00
2 14.63 -66.60
3 -20.58 -20.73
4 -97.83 -15.18
5 92.86 1.01
6 -69.47 -53.76
7 -81.85 -13.96
8 -3.96 -91.56
9 -62.93 -68.80
10 -60.14 73.64
11 -31.68 -1.76
12 -75.61 -19.67
13 -53.05 57.19
ACCEPTED_PROBABILITIES
0.00
0.10
0.00
0.09
0.09
0.08
0.04
0.05
0.00
0.02
0.09
0.05
0.02
OUTSOURCING_COSTS
0.00
27.22
0.28
26.35
24.86
23.40
12.16
13.80
0.28
5.97
26.93
14.00
7.11
