NAME : sz-17-prob_type-uniform-prob-0.15-fee_type-direct_prob-fee-3.4
TYPE : TSP
DIMENSION : 17
EDGE_WEIGHT_TYPE : EUC_2D
NODE_COORD_SECTION
1 0.00 0.00
2 10.34 9.64
3 39.73 91.16
4 25.67 -4.32
5 -17.79 -64.37
6 -44.64 -61.80
7 32.60 -12.53
8 -26.22 83.76
9 -14.40 -84.68
10 -13.66 -86.51
11 15.41 -47.23
12 -41.63 -77.25
13 -23.18 14.92
14 -32.46 26.97
15 42.71 0.83
16 72.14 -65.98
17 24.17 -38.55
ACCEPTED_PROBABILITIES
0.00
0.12
0.19
0.18
0.18
0.15
0.16
0.13
0.11
0.19
0.19
0.16
0.14
0.20
0.19
0.14
0.18
OUTSOURCING_COSTS
0.00
2.58
18.78
17.17
16.56
10.75
12.84
4.03
0.21
19.53
19.87
12.31
8.51
21.04
18.23
8.30
15.86
