NAME : sz-16-prob_type-uniform-prob-0.45-fee_type-inverse_prob-fee-2.5
TYPE : TSP
DIMENSION : 16
EDGE_WEIGHT_TYPE : EUC_2D
NODE_COORD_SECTION
1 0.00 0.00
2 24.84 -80.18
3 -44.74 -65.07
4 21.28 55.93
5 77.23 -18.17
6 -54.84 -33.16
7 -32.11 -78.97
8 -27.36 -6.61
9 -33.92 19.49
10 -81.65 11.74
11 -54.63 -15.49
12 52.60 83.73
13 31.35 -31.94
14 77.92 46.73
15 25.71 -57.40
16 -69.41 5.80
ACCEPTED_PROBABILITIES
0.00
0.48
0.48
0.42
0.45
0.40
0.50
0.46
0.43
0.41
0.49
0.44
0.46
0.44
0.44
0.48
OUTSOURCING_COSTS
0.00
2.16
2.83
12.87
7.30
16.50
0.17
5.85
12.03
15.04
1.32
10.43
5.56
9.38
9.37
2.97
