NAME : sz-15-prob_type-uniform-prob-0.40-fee_type-direct_prob-fee-3.2
TYPE : TSP
DIMENSION : 15
EDGE_WEIGHT_TYPE : EUC_2D
NODE_COORD_SECTION
1 0.00 0.00
2 86.50 -0.47
3 42.73 -33.08
4 -7.02 23.93
5 35.63 39.52
6 -37.41 -24.15
7 -32.78 -27.71
8 -27.83 44.44
9 -37.07 -37.04
10 -12.02 -45.03
11 -27.83 -62.82
12 -42.51 -85.16
13 -0.57 37.75
14 35.70 38.17
15 -37.41 88.41
ACCEPTED_PROBABILITIES
0.00
0.38
0.45
0.36
0.44
0.40
0.41
0.37
0.37
0.44
0.42
0.39
0.38
0.42
0.43
OUTSOURCING_COSTS
0.00
3.94
22.63
0.23
20.94
10.18
13.81
3.47
2.17
21.36
14.24
7.37
4.78
15.22
17.95
