NAME : sz-18-prob_type-uniform-prob-0.30-fee_type-direct_prob-fee-2.9
TYPE : TSP
DIMENSION : 18
EDGE_WEIGHT_TYPE : EUC_2D
NODE_COORD_SECTION
1 0.00 0.00
2 53.96 -60.94
3 -7.42 -0.41
4 67.00 -11.97
5 -11.67 97.81
6 30.63 -46.42
7 35.27 18.56
8 -56.33 11.88
9 -64.30 -72.86
10 -63.87 62.69
11 -33.73 -17.94
12 -89.42 11.89
13 4.30 4.89
14 -21.75 -47.84
15 -17.45 25.75
16 -24.41 -76.98
17 -24.50 -13.50
18 19.62 54.23
ACCEPTED_PROBABILITIES
0.00
0.26
0.26
0.26
0.26
0.30
0.32
0.31
0.30
0.27
0.34
0.32
0.27
0.26
0.31
0.31
0.34
0.29
OUTSOURCING_COSTS
0.00
0.43
0.65
0.17
1.13
8.98
13.34
11.97
8.86
3.07
16.89
13.61
2.84
0.25
10.37
10.19
16.56
6.89
