NAME : sz-19-prob_type-uniform-prob-0.55-fee_type-inverse_prob-fee-2.5
TYPE : TSP
DIMENSION : 19
EDGE_WEIGHT_TYPE : EUC_2D
NODE_COORD_SECTION
1 0.00 0.00
2 -1.69 -6.87
3 -17.95 37.69
4 -21.41 70.87
5 18.64 -4.16
6 -73.72 57.37
7 -37.79 45.87
8 -78.53 1.46
9 54.11 36.99
10 60.67 -11.82
11 -78.96 20.04
12 -9.21 84.03
13 46.26 37.99
14 -71.27 -38.29
15 43.76 -70.62
16 72.81 12.09
17 61.82 -4.76
18 -38.52 -12.67
19 -5.16 72.86
ACCEPTED_PROBABILITIES
0.00
0.51
0.50
0.50
0.57
0.57
0.52
0.55
0.59
0.59
0.59
0.52
0.51
0.52
0.59
0.52
0.57
0.53
0.52
OUTSOURCING_COSTS
0.00
12.64
13.75
13.28
2.69
2.96
10.53
6.13
0.64
0.14
0.14
11.38
11.89
11.38
0.61
11.53
3.12
8.96
10.37
