NAME : sz-15-prob_type-uniform-prob-0.05-fee_type-direct_prob-fee-2.8
TYPE : TSP
DIMENSION : 15
EDGE_WEIGHT_TYPE : EUC_2D
NODE_COORD_SECTION
1 0.00 0.00
2 25.93 23.63
3 -7.17 -51.03
4 76.25 8.67
5 -76.35 28.20
6 10.35 -50.72
7 -34.44 67.35
8 -30.50 92.11
9 -20.61 58.03
10 -64.23 -72.88
11 56.89 68.01
12 -1.04 38.16
13 -91.62 -38.43
14 -90.78 34.67
15 59.36 42.57
ACCEPTED_PROBABILITIES
0.00
0.05
0.09
0.09
0.02
0.03
0.06
0.05
0.05
0.05
0.06
0.07
0.07
0.08
0.10
OUTSOURCING_COSTS
0.00
6.69
17.33
17.52
0.20
2.72
9.87
8.73
8.60
7.43
9.43
14.03
13.29
14.72
19.80
