NAME : sz-19-prob_type-uniform-prob-0.10-fee_type-inverse_prob-fee-2.9
TYPE : TSP
DIMENSION : 19
EDGE_WEIGHT_TYPE : EUC_2D
NODE_COORD_SECTION
1 0.00 0.00
2 -86.13 46.48
3 -17.83 64.70
4 -65.27 -36.87
5 -34.81 15.46
6 6.62 16.37
7 29.16 -8.10
8 33.18 51.15
9 34.24 82.08
10 -68.26 -16.23
11 74.96 -57.37
12 66.65 25.84
13 -1.78 -41.14
14 -87.19 -20.89
15 -0.45 27.12
16 33.57 17.31
17 32.95 -26.81
18 -93.54 -21.19
19 -3.53 -11.65
ACCEPTED_PROBABILITIES
0.00
0.10
0.12
0.07
0.07
0.07
0.14
0.06
0.05
0.10
0.08
0.14
0.11
0.06
0.09
0.08
0.09
0.07
0.09
OUTSOURCING_COSTS
0.00
6.86
4.78
13.58
12.73
12.28
0.87
15.08
15.95
8.03
11.73
0.16
5.95
14.74
8.68
11.29
9.15
12.24
8.63
