NAME : sz-18-prob_type-uniform-prob-0.35-fee_type-inverse_prob-fee-3.5
TYPE : TSP
DIMENSION : 18
EDGE_WEIGHT_TYPE : EUC_2D
NODE_COORD_SECTION
1 0.00 0.00
2 40.13 -14.80
3 -20.60 -1.26
4 42.38 25.65
5 -16.31 -73.83
6 11.37 -26.12
7 -59.70 42.28
8 15.16 -82.26
9 -33.28 -16.06
10 75.00 -54.28
11 -82.90 -51.83
12 -15.52 -29.40
13 -4.30 -48.08
14 -46.44 79.66
15 -58.75 -27.42
16 47.53 78.41
17 -49.42 -81.93
18 89.48 -37.45
ACCEPTED_PROBABILITIES
0.00
0.38
0.38
0.31
0.39
0.33
0.39
0.33
0.38
0.32
0.37
0.38
0.30
0.39
0.32
0.38
0.38
0.33
OUTSOURCING_COSTS
0.00
2.01
3.67
18.97
0.53
14.52
0.21
13.35
3.22
17.11
4.48
3.40
20.38
1.06
16.34
2.40
2.24
14.52
