NAME : sz-15-prob_type-uniform-prob-0.05-fee_type-direct_prob-fee-3.1
TYPE : TSP
DIMENSION : 15
EDGE_WEIGHT_TYPE : EUC_2D
NODE_COORD_SECTION
1 0.00 0.00
2 46.55 6.15
3 84.28 -51.50
4 -15.65 19.36
5 -40.51 -76.22
6 41.93 -63.23
7 22.22 54.07
8 47.26 -41.40
9 -22.19 -12.69
10 34.16 -17.23
11 0.11 -74.65
12 -4.33 -96.62
13 30.27 -12.52
14 34.43 -41.10
15 67.03 -2.48
ACCEPTED_PROBABILITIES
0.00
0.07
0.05
0.03
0.04
0.00
0.09
0.08
0.05
0.10
0.05
0.06
0.09
0.01
0.02
OUTSOURCING_COSTS
0.00
14.98
10.21
5.72
8.24
0.22
19.28
18.37
12.24
21.92
10.54
14.60
21.25
1.17
3.99
