NAME : sz-18-prob_type-inverse_dist-prob-0.25-fee_type-direct_prob-fee-3.5
TYPE : TSP
DIMENSION : 18
EDGE_WEIGHT_TYPE : EUC_2D
NODE_COORD_SECTION
1 0.00 0.00
2 2.39 22.25
3 -30.73 -12.84
4 -22.37 -85.10
5 -64.53 0.60
6 -16.42 54.58
7 85.17 -48.51
8 84.02 34.19
9 40.37 40.03
10 -89.91 -29.38
11 15.29 77.76
12 -18.19 69.32
13 -35.94 52.14
14 -30.47 26.01
15 45.86 -68.96
16 38.93 -28.25
17 8.40 -94.30
18 -28.61 35.39
ACCEPTED_PROBABILITIES
0.00
0.08
0.31
0.27
0.18
0.14
0.25
0.25
0.18
0.25
0.21
0.20
0.26
0.19
0.28
0.26
0.26
0.21
OUTSOURCING_COSTS
0.00
0.21
20.38
17.19
8.79
6.10
15.46
15.30
9.17
15.12
12.06
10.59
16.61
9.90
17.72
16.58
16.45
11.61
