NAME : sz-19-prob_type-uniform-prob-0.10-fee_type-inverse_prob-fee-2.8
TYPE : TSP
DIMENSION : 19
EDGE_WEIGHT_TYPE : EUC_2D
NODE_COORD_SECTION
1 0.00 0.00
2 4.97 45.30
3 -19.12 -90.55
4 36.87 -78.22
5 -56.51 8.14
6 -38.95 3.85
7 19.04 44.58
8 25.04 86.90
9 96.00 26.65
10 41.76 -53.33
11 -83.13 7.09
12 61.15 -61.09
13 39.32 36.93
14 -47.08 86.32
15 -95.00 25.53
16 12.78 61.96
17 -87.59 15.34
18 24.09 -19.22
19 81.48 -33.08
ACCEPTED_PROBABILITIES
0.00
0.13
0.12
0.08
0.11
0.07
0.07
0.12
0.08
0.14
0.13
0.10
0.12
0.08
0.14
0.06
0.13
0.06
0.06
OUTSOURCING_COSTS
0.00
2.27
3.39
11.54
5.63
14.49
14.37
4.92
12.40
0.16
2.93
8.89
3.65
11.77
0.33
14.85
2.93
15.40
15.40
