NAME : sz-16-prob_type-uniform-prob-0.15-fee_type-direct_prob-fee-2.6
TYPE : TSP
DIMENSION : 16
EDGE_WEIGHT_TYPE : EUC_2D
NODE_COORD_SECTION
1 0.00 0.00
2 -5.65 -29.10
3 1.92 46.94
4 -9.95 -21.09
5 39.79 39.53
6 31.94 -11.21
7 -69.15 -31.52
8 75.66 12.87
9 -64.30 -38.93
10 38.30 -19.17
11 -46.07 64.46
12 -27.47 48.65
13 -63.21 34.35
14 64.78 -64.26
15 21.55 -66.12
16 -92.27 -19.95
ACCEPTED_PROBABILITIES
0.00
0.20
0.16
0.14
0.17
0.11
0.13
0.15
0.18
0.14
0.18
0.16
0.15
0.20
0.18
0.14
OUTSOURCING_COSTS
0.00
17.16
9.72
5.81
11.98
0.17
3.31
8.55
14.52
4.82
13.08
10.67
7.36
16.58
13.25
5.48
