NAME : sz-17-prob_type-uniform-prob-0.50-fee_type-direct_prob-fee-2.7
TYPE : TSP
DIMENSION : 17
EDGE_WEIGHT_TYPE : EUC_2D
NODE_COORD_SECTION
1 0.00 0.00
2 36.54 14.95
3 -20.72 9.47
4 -19.38 -18.49
5 -17.31 -33.84
6 13.04 36.06
7 49.06 74.57
8 37.54 75.92
9 22.87 -10.50
10 -30.29 -63.51
11 -61.07 -5.87
12 94.09 -1.23
13 71.44 -53.12
14 -18.71 -26.25
15 -14.52 -2.23
16 42.12 40.00
17 6.31 25.43
ACCEPTED_PROBABILITIES
0.00
0.53
0.50
0.53
0.51
0.51
0.52
0.55
0.47
0.50
0.55
0.49
0.45
0.55
0.54
0.53
0.50
OUTSOURCING_COSTS
0.00
13.78
8.83
14.18
9.79
10.93
11.09
16.71
2.75
7.89
16.71
6.82
0.17
16.31
15.43
12.80
8.91
