NAME : sz-18-prob_type-inverse_dist-prob-0.50-fee_type-inverse_prob
TYPE : TSP
DIMENSION : 18
EDGE_WEIGHT_TYPE : EUC_2D
NODE_COORD_SECTION
1 0.00 0.00
2 -92.25 29.16
3 8.20 37.14
4 -15.60 -69.72
5 -80.61 -46.81
6 -6.66 6.18
7 -45.25 -85.93
8 -93.32 -25.49
9 32.72 63.98
10 -56.57 67.64
11 32.50 30.59
12 58.34 59.89
13 46.53 -51.23
14 37.87 25.75
15 -37.68 89.23
16 -29.76 -19.32
17 17.16 95.39
18 -14.17 14.16
ACCEPTED_PROBABILITIES
0.00
0.51
0.59
0.50
0.51
0.37
0.51
0.49
0.56
0.50
0.59
0.49
0.47
0.46
0.50
0.53
0.49
0.51
OUTSOURCING_COSTS
0.00
6.77
0.18
7.01
6.43
17.47
6.84
8.03
2.79
7.64
0.18
7.89
10.18
10.71
7.03
4.85
7.92
6.39
