NAME : sz-14-prob_type-uniform-prob-0.30-fee_type-inverse_prob-fee-2.6
TYPE : TSP
DIMENSION : 14
EDGE_WEIGHT_TYPE : EUC_2D
NODE_COORD_SECTION
1 0.00 0.00
2 76.14 -33.14
3 40.17 -24.03
4 -63.99 -19.29
5 -60.70 16.82
6 -29.94 53.79
7 26.62 -23.50
8 -75.87 59.87
9 50.76 -6.98
10 -6.30 30.70
11 45.85 -31.37
12 1.79 -13.01
13 -1.10 44.59
14 -28.53 83.09
ACCEPTED_PROBABILITIES
0.00
0.32
0.30
0.31
0.30
0.28
0.30
0.29
0.30
0.31
0.35
0.28
0.32
0.29
OUTSOURCING_COSTS
0.00
7.73
13.32
9.99
13.18
18.97
13.73
17.15
14.34
9.43
0.20
19.80
7.81
16.39
