NAME : sz-16-prob_type-direct_dist-prob-0.50-fee_type-direct_prob
TYPE : TSP
DIMENSION : 16
EDGE_WEIGHT_TYPE : EUC_2D
NODE_COORD_SECTION
1 0.00 0.00
2 22.99 -92.26
3 59.22 7.86
4 -63.89 59.03
5 20.31 -55.78
6 17.65 36.94
7 -84.67 31.75
8 -84.25 27.97
9 74.69 -51.53
10 -96.39 -4.14
11 23.12 -62.09
12 62.82 28.85
13 47.50 -58.17
14 -48.21 -55.60
15 75.07 57.98
16 -6.62 84.70
ACCEPTED_PROBABILITIES
0.00
0.51
0.62
0.68
0.37
0.56
0.63
0.41
0.51
0.52
0.45
0.43
0.56
0.32
0.71
0.50
OUTSOURCING_COSTS
0.00
9.51
15.42
18.64
2.57
12.14
15.77
4.51
9.72
10.22
6.43
5.48
12.22
0.20
19.80
9.29
