NAME : sz-17-prob_type-uniform-prob-0.15-fee_type-inverse_prob-fee-2.8
TYPE : TSP
DIMENSION : 17
EDGE_WEIGHT_TYPE : EUC_2D
NODE_COORD_SECTION
1 0.00 0.00
2 -97.94 16.59
3 6.10 -33.15
4 2.41 68.84
5 33.38 -33.46
6 -42.43 -75.25
7 -34.19 81.25
8 -77.35 -11.78
9 30.84 23.43
10 78.77 -3.85
11 58.38 -32.34
12 15.67 45.56
13 46.70 -15.22
14 -52.10 47.85
15 41.44 20.99
16 16.70 12.20
17 -14.63 3.11
ACCEPTED_PROBABILITIES
0.00
0.18
0.18
0.19
0.20
0.11
0.17
0.17
0.15
0.12
0.19
0.18
0.16
0.18
0.11
0.13
0.11
OUTSOURCING_COSTS
0.00
4.09
2.54
0.65
0.18
17.32
4.97
5.76
9.77
14.87
0.38
2.43
7.23
2.61
17.32
12.71
16.45
