NAME : sz-14-prob_type-uniform-prob-0.60-fee_type-inverse_prob-fee-3.1
TYPE : TSP
DIMENSION : 14
EDGE_WEIGHT_TYPE : EUC_2D
NODE_COORD_SECTION
1 0.00 0.00
2 43.51 -28.54
3 -25.23 -60.36
4 1.98 86.38
5 26.08 -21.29
6 1.37 -10.31
7 -63.46 -53.68
8 78.68 18.11
9 -67.58 49.96
10 -32.28 12.15
11 28.59 -6.60
12 -14.59 -67.85
13 -17.71 -16.27
14 83.91 -2.06
ACCEPTED_PROBABILITIES
0.00
0.61
0.58
0.61
0.63
0.65
0.63
0.59
0.57
0.64
0.63
0.63
0.59
0.56
OUTSOURCING_COSTS
0.00
11.00
19.38
10.90
5.81
0.24
4.86
17.22
22.04
1.22
4.63
6.28
17.38
23.61
