NAME : sz-14-prob_type-uniform-prob-0.25-fee_type-inverse_prob-fee-3.2
TYPE : TSP
DIMENSION : 14
EDGE_WEIGHT_TYPE : EUC_2D
NODE_COORD_SECTION
1 0.00 0.00
2 -0.30 -58.18
3 -64.77 7.33
4 -29.93 77.10
5 -37.06 85.13
6 40.11 -7.14
7 -9.79 26.28
8 73.32 -42.68
9 -55.68 77.02
10 52.45 55.65
11 -9.19 37.28
12 60.96 29.72
13 -32.44 -52.48
14 -16.32 -84.44
ACCEPTED_PROBABILITIES
0.00
0.22
0.28
0.30
0.26
0.26
0.24
0.25
0.21
0.24
0.29
0.27
0.21
0.25
OUTSOURCING_COSTS
0.00
20.10
4.55
0.25
10.69
9.47
14.85
11.88
23.83
16.75
3.45
8.19
24.37
13.27
