NAME : sz-19-prob_type-inverse_dist-prob-0.25-fee_type-inverse_prob-fee-2.9
TYPE : TSP
DIMENSION : 19
EDGE_WEIGHT_TYPE : EUC_2D
NODE_COORD_SECTION
1 0.00 0.00
2 49.03 28.15
3 -56.17 61.75
4 40.83 -18.99
5 3.78 41.69
6 36.34 70.51
7 29.47 -64.18
8 25.03 34.35
9 0.82 -42.22
10 -85.17 -14.07
11 81.56 11.18
12 -3.61 -50.36
13 58.77 -58.66
14 25.83 -70.56
15 40.45 18.69
16 -44.43 88.67
17 75.35 33.36
18 6.44 -91.51
19 -44.62 -40.67
ACCEPTED_PROBABILITIES
0.00
0.33
0.28
0.16
0.37
0.30
0.24
0.25
0.28
0.23
0.22
0.31
0.22
0.22
0.13
0.25
0.21
0.26
0.24
OUTSOURCING_COSTS
0.00
2.80
6.61
14.61
0.16
5.09
9.19
8.21
6.46
9.42
10.60
4.18
10.35
10.42
15.95
8.31
11.03
7.77
9.33
