NAME : sz-16-prob_type-uniform-prob-0.10-fee_type-inverse_prob-fee-3.3
TYPE : TSP
DIMENSION : 16
EDGE_WEIGHT_TYPE : EUC_2D
NODE_COORD_SECTION
1 0.00 0.00
2 1.32 34.71
3 -57.22 80.63
4 63.90 -32.00
5 -77.91 12.16
6 79.22 43.42
7 -92.99 -10.43
8 26.72 7.32
9 -89.42 -43.23
10 -21.71 21.44
11 80.34 -44.80
12 -49.63 -54.15
13 65.25 35.37
14 7.00 38.51
15 -33.06 25.02
16 -19.29 90.18
ACCEPTED_PROBABILITIES
0.00
0.06
0.11
0.08
0.06
0.12
0.11
0.08
0.07
0.07
0.15
0.11
0.07
0.14
0.14
0.09
OUTSOURCING_COSTS
0.00
21.62
10.25
15.39
21.78
6.49
8.93
15.39
18.84
18.13
0.22
9.03
19.12
1.88
0.95
14.97
