NAME : sz-18-prob_type-uniform-prob-0.20-fee_type-inverse_prob-fee-3.2
TYPE : TSP
DIMENSION : 18
EDGE_WEIGHT_TYPE : EUC_2D
NODE_COORD_SECTION
1 0.00 0.00
2 86.85 -47.42
3 -37.42 -64.46
4 41.03 89.29
5 44.99 79.73
6 -14.66 -79.39
7 -44.90 59.80
8 -53.01 -84.65
9 -54.96 -27.92
10 43.63 64.37
11 -65.28 -38.99
12 7.07 80.76
13 6.00 72.16
14 -61.82 -30.80
15 0.95 -38.36
16 29.52 -14.47
17 93.88 12.38
18 -76.87 -45.18
ACCEPTED_PROBABILITIES
0.00
0.17
0.17
0.17
0.23
0.19
0.25
0.23
0.21
0.23
0.17
0.18
0.19
0.17
0.21
0.16
0.15
0.21
OUTSOURCING_COSTS
0.00
15.31
15.61
14.71
3.64
10.52
0.19
3.38
6.69
3.53
16.18
13.85
11.42
15.34
7.63
18.29
18.64
8.24
