NAME : sz-17-prob_type-uniform-prob-0.25-fee_type-inverse_prob-fee-2.5
TYPE : TSP
DIMENSION : 17
EDGE_WEIGHT_TYPE : EUC_2D
NODE_COORD_SECTION
1 0.00 0.00
2 22.85 49.30
3 13.05 -27.07
4 48.40 -22.11
5 -71.33 24.87
6 -78.71 43.67
7 66.45 -44.17
8 35.15 -25.60
9 17.14 -77.50
10 -39.44 -26.11
11 -83.93 -14.00
12 11.23 -77.77
13 47.00 25.01
14 -32.49 74.63
15 69.16 71.45
16 91.12 -34.80
17 -6.76 -95.96
ACCEPTED_PROBABILITIES
0.00
0.27
0.23
0.22
0.26
0.21
0.29
0.25
0.28
0.22
0.25
0.23
0.21
0.26
0.26
0.25
0.27
OUTSOURCING_COSTS
0.00
4.71
11.41
13.47
6.67
15.23
0.16
7.48
2.13
13.63
8.37
11.96
15.47
5.85
5.88
7.00
4.75
