NAME : sz-17-prob_type-uniform-prob-0.10-fee_type-inverse_prob-fee-3.3
TYPE : TSP
DIMENSION : 17
EDGE_WEIGHT_TYPE : EUC_2D
NODE_COORD_SECTION
1 0.00 0.00
2 22.42 27.15
3 -1.31 -84.98
4 25.47 59.26
5 18.10 81.85
6 5.51 -55.48
7 23.25 -65.68
8 0.63 -80.64
9 -41.49 7.40
10 -0.40 -76.46
11 -77.22 41.42
12 29.49 -59.57
13 42.42 -36.38
14 97.31 17.33
15 18.47 -33.69
16 36.06 -0.95
17 50.69 27.06
ACCEPTED_PROBABILITIES
0.00
0.08
0.09
0.09
0.11
0.14
0.11
0.14
0.14
0.08
0.09
0.05
0.13
0.12
0.08
0.12
0.12
OUTSOURCING_COSTS
0.00
13.67
10.99
11.02
6.92
0.21
6.33
0.21
0.71
14.50
12.60
20.42
2.13
4.84
13.15
5.45
5.00
