NAME : sz-16-prob_type-uniform-prob-0.20-fee_type-direct_prob-fee-3.5
TYPE : TSP
DIMENSION : 16
EDGE_WEIGHT_TYPE : EUC_2D
NODE_COORD_SECTION
1 0.00 0.00
2 -29.88 40.61
3 20.32 -94.30
4 10.49 78.18
5 -21.37 9.52
6 60.35 3.27
7 37.84 60.75
8 44.28 -41.47
9 -67.01 -17.54
10 -11.29 29.92
11 31.39 -11.72
12 -81.61 -44.27
13 -92.74 -30.59
14 -16.78 -26.43
15 -4.38 -87.48
16 -44.23 67.19
ACCEPTED_PROBABILITIES
0.00
0.24
0.17
0.24
0.16
0.18
0.20
0.17
0.20
0.16
0.15
0.23
0.17
0.17
0.16
0.16
OUTSOURCING_COSTS
0.00
23.10
4.77
23.10
3.02
6.77
11.89
4.06
12.42
2.33
0.23
20.54
4.76
3.32
2.84
1.35
