NAME : sz-14-prob_type-uniform-prob-0.45-fee_type-inverse_prob-fee-3.3
TYPE : TSP
DIMENSION : 14
EDGE_WEIGHT_TYPE : EUC_2D
NODE_COORD_SECTION
1 0.00 0.00
2 -79.38 7.38
3 13.92 55.53
4 -26.76 44.72
5 -42.55 6.29
6 73.27 51.47
7 5.59 -70.24
8 66.64 36.88
9 28.15 38.60
10 37.11 0.79
11 88.93 39.15
12 21.93 41.06
13 -46.27 5.59
14 36.16 -51.36
ACCEPTED_PROBABILITIES
0.00
0.41
0.48
0.47
0.42
0.42
0.44
0.42
0.50
0.44
0.47
0.49
0.46
0.40
OUTSOURCING_COSTS
0.00
24.81
5.72
8.42
19.78
21.17
15.30
20.10
0.25
14.99
6.43
1.28
9.46
25.13
