NAME : sz-18-prob_type-uniform-prob-0.60-fee_type-direct_prob-fee-2.7
TYPE : TSP
DIMENSION : 18
EDGE_WEIGHT_TYPE : EUC_2D
NODE_COORD_SECTION
1 0.00 0.00
2 -68.17 -3.94
3 25.80 -35.44
4 -19.19 -57.73
5 -91.44 27.33
6 47.35 74.31
7 -69.19 -7.16
8 -11.87 -56.92
9 -29.16 -31.81
10 -40.58 -31.41
11 -75.55 12.53
12 -68.60 -65.75
13 44.22 12.99
14 -78.05 6.22
15 49.53 8.73
16 46.90 54.24
17 -63.21 34.01
18 53.35 7.70
ACCEPTED_PROBABILITIES
0.00
0.58
0.62
0.55
0.60
0.57
0.62
0.55
0.60
0.61
0.62
0.55
0.56
0.59
0.63
0.59
0.56
0.58
OUTSOURCING_COSTS
0.00
6.40
13.74
0.19
10.93
4.91
14.14
0.67
10.73
12.83
14.88
0.16
1.59
7.34
15.72
8.34
1.40
6.90
