NAME : sz-19-prob_type-uniform-prob-0.60-fee_type-inverse_prob-fee-3.5
TYPE : TSP
DIMENSION : 19
EDGE_WEIGHT_TYPE : EUC_2D
NODE_COORD_SECTION
1 0.00 0.00
2 4.71 37.00
3 15.45 52.08
4 15.17 83.95
5 -63.32 -47.66
6 -16.23 -91.19
7 -21.57 -41.55
8 -23.88 46.43
9 57.97 -58.25
10 -36.10 -46.20
11 -63.81 51.83
12 41.80 29.88
13 -33.73 48.72
14 93.57 20.27
15 21.32 -85.31
16 -54.99 81.78
17 -21.38 -91.06
18 -0.54 98.47
19 12.68 -36.31
ACCEPTED_PROBABILITIES
0.00
0.57
0.56
0.60
0.57
0.64
0.56
0.57
0.56
0.59
0.56
0.61
0.58
0.56
0.56
0.64
0.59
0.55
0.63
OUTSOURCING_COSTS
0.00
16.84
19.22
10.65
15.67
0.19
18.47
16.80
19.07
11.27
18.70
7.96
14.65
18.89
18.87
0.19
12.47
19.25
2.46
