NAME : sz-19-prob_type-uniform-prob-0.40-fee_type-direct_prob-fee-2.6
TYPE : TSP
DIMENSION : 19
EDGE_WEIGHT_TYPE : EUC_2D
NODE_COORD_SECTION
1 0.00 0.00
2 15.94 -33.34
3 46.66 -36.43
4 -39.87 65.70
5 -48.73 -82.69
6 16.05 74.39
7 47.75 -28.59
8 78.90 -4.23
9 -10.78 -29.33
10 -38.46 61.16
11 -92.60 -9.63
12 50.62 -66.13
13 -14.78 -54.26
14 37.44 80.73
15 -36.11 -19.70
16 77.06 29.67
17 -29.97 -90.47
18 -36.04 -42.87
19 -60.57 -31.57
ACCEPTED_PROBABILITIES
0.00
0.42
0.42
0.44
0.42
0.40
0.37
0.36
0.39
0.42
0.40
0.45
0.44
0.42
0.44
0.39
0.45
0.38
0.43
OUTSOURCING_COSTS
0.00
9.87
9.03
13.37
9.36
6.71
0.76
0.14
4.98
10.03
5.70
14.30
12.62
9.65
12.81
5.00
14.19
3.02
11.57
