NAME : sz-14-prob_type-uniform-prob-0.60-fee_type-inverse_prob-fee-3.2
TYPE : TSP
DIMENSION : 14
EDGE_WEIGHT_TYPE : EUC_2D
NODE_COORD_SECTION
1 0.00 0.00
2 -30.92 -57.40
3 -47.49 77.31
4 71.10 -46.73
5 -21.81 88.95
6 74.98 1.74
7 16.52 36.51
8 68.64 63.17
9 19.55 -25.02
10 19.00 27.67
11 -58.97 27.81
12 37.27 -42.19
13 -31.61 72.59
14 23.52 64.89
ACCEPTED_PROBABILITIES
0.00
0.61
0.59
0.65
0.59
0.60
0.56
0.62
0.64
0.55
0.65
0.59
0.58
0.63
OUTSOURCING_COSTS
0.00
10.26
14.81
0.25
14.40
11.68
22.53
6.92
0.71
24.37
0.38
14.69
17.76
4.62
