NAME : sz-14-prob_type-uniform-prob-0.20-fee_type-inverse_prob-fee-2.5
TYPE : TSP
DIMENSION : 14
EDGE_WEIGHT_TYPE : EUC_2D
NODE_COORD_SECTION
1 0.00 0.00
2 13.85 -93.24
3 -37.58 60.57
4 -80.35 -15.17
5 -38.78 -44.43
6 -47.07 -75.28
7 22.25 24.60
8 -47.30 -84.94
9 25.28 -22.19
10 -89.45 -22.23
11 -80.46 -34.19
12 17.38 -90.52
13 34.70 -91.15
14 -37.66 0.22
ACCEPTED_PROBABILITIES
0.00
0.22
0.25
0.25
0.23
0.18
0.18
0.20
0.22
0.20
0.16
0.17
0.22
0.22
OUTSOURCING_COSTS
0.00
7.03
0.25
0.19
3.41
13.92
14.21
10.65
6.69
11.45
19.04
17.75
5.52
6.46
