NAME : sz-14-prob_type-uniform-prob-0.30-fee_type-direct_prob-fee-3.3
TYPE : TSP
DIMENSION : 14
EDGE_WEIGHT_TYPE : EUC_2D
NODE_COORD_SECTION
1 0.00 0.00
2 77.92 -60.91
3 33.44 -86.96
4 22.50 97.12
5 -26.74 91.91
6 22.97 9.50
7 -6.59 -51.65
8 -24.53 57.50
9 17.14 -73.49
10 93.22 -31.01
11 -23.69 78.95
12 35.52 -53.80
13 -60.01 79.85
14 96.04 -17.86
ACCEPTED_PROBABILITIES
0.00
0.34
0.33
0.26
0.29
0.31
0.26
0.34
0.33
0.30
0.28
0.25
0.34
0.33
OUTSOURCING_COSTS
0.00
24.53
22.59
1.21
10.64
16.00
0.55
25.13
22.90
14.59
6.92
0.25
25.13
23.43
