NAME : sz-14-prob_type-uniform-prob-0.35-fee_type-direct_prob
TYPE : TSP
DIMENSION : 14
EDGE_WEIGHT_TYPE : EUC_2D
NODE_COORD_SECTION
1 0.00 0.00
2 -40.59 36.80
3 -5.82 82.85
4 83.91 37.17
5 -66.93 44.69
6 26.19 -15.12
7 37.70 45.64
8 44.46 76.46
9 67.93 14.81
10 12.80 -66.91
11 8.96 -70.49
12 -51.21 54.30
13 19.35 83.15
14 -49.58 49.36
ACCEPTED_PROBABILITIES
0.00
0.35
0.30
0.40
0.34
0.38
0.40
0.32
0.33
0.39
0.39
0.31
0.30
0.38
OUTSOURCING_COSTS
0.00
11.51
0.23
22.85
9.95
19.36
22.80
4.14
7.78
20.36
20.79
3.35
0.88
17.41
