NAME : sz-19-prob_type-uniform-prob-0.60-fee_type-direct_prob-fee-2.6
TYPE : TSP
DIMENSION : 19
EDGE_WEIGHT_TYPE : EUC_2D
NODE_COORD_SECTION
1 0.00 0.00
2 18.38 -38.50
3 78.62 32.55
4 -74.81 -37.19
5 77.56 -36.89
6 -70.89 -42.38
7 -46.00 -1.67
8 -63.00 -6.81
9 7.57 -22.76
10 -61.16 41.84
11 82.47 -10.52
12 -52.73 -6.55
13 26.60 29.86
14 -4.84 -87.97
15 10.72 -31.17
16 -0.56 -35.94
17 15.64 -24.46
18 10.02 -70.46
19 3.73 -80.45
ACCEPTED_PROBABILITIES
0.00
0.61
0.61
0.58
0.62
0.57
0.61
0.56
0.64
0.63
0.57
0.64
0.56
0.65
0.65
0.63
0.61
0.57
0.56
OUTSOURCING_COSTS
0.00
8.32
8.98
3.48
9.77
1.51
8.17
0.25
12.35
11.76
1.90
13.48
0.14
14.29
14.30
11.33
8.77
2.57
0.14
