NAME : sz-14-prob_type-uniform-prob-0.40-fee_type-direct_prob-fee-3.5
TYPE : TSP
DIMENSION : 14
EDGE_WEIGHT_TYPE : EUC_2D
NODE_COORD_SECTION
1 0.00 0.00
2 -18.88 -55.44
3 23.47 19.24
4 23.24 -69.78
5 -62.51 -22.65
6 -43.45 59.96
7 55.89 70.43
8 -38.75 -89.41
9 62.22 34.69
10 -12.17 -14.38
11 12.25 -46.50
12 -56.05 36.28
13 -3.12 -23.50
14 -56.37 -19.28
ACCEPTED_PROBABILITIES
0.00
0.36
0.38
0.45
0.40
0.40
0.42
0.38
0.38
0.45
0.43
0.43
0.42
0.38
OUTSOURCING_COSTS
0.00
0.27
5.20
26.65
12.65
10.59
18.41
5.32
6.40
26.48
20.31
19.69
17.79
4.72
