NAME : sz-19-prob_type-uniform-prob-0.40-fee_type-direct_prob-fee-3.3
TYPE : TSP
DIMENSION : 19
EDGE_WEIGHT_TYPE : EUC_2D
NODE_COORD_SECTION
1 0.00 0.00
2 84.74 -27.10
3 -38.27 -34.19
4 36.01 -88.09
5 19.18 17.93
6 -60.90 -11.59
7 -28.23 -45.33
8 -93.92 10.92
9 43.51 -60.12
10 16.24 -91.44
11 -85.13 45.27
12 87.39 -41.33
13 -5.62 39.22
14 -16.02 -19.92
15 51.66 75.94
16 29.82 95.00
17 30.98 -24.97
18 -41.95 -76.65
19 92.31 30.84
ACCEPTED_PROBABILITIES
0.00
0.41
0.41
0.42
0.38
0.42
0.43
0.42
0.44
0.36
0.43
0.43
0.44
0.36
0.43
0.44
0.37
0.43
0.43
OUTSOURCING_COSTS
0.00
11.25
10.97
15.23
5.76
14.46
16.88
13.81
17.69
0.18
16.28
17.30
18.15
0.85
16.73
18.00
2.10
15.85
16.39
