NAME : sz-14-prob_type-uniform-prob-0.30-fee_type-inverse_prob-fee-2.7
TYPE : TSP
DIMENSION : 14
EDGE_WEIGHT_TYPE : EUC_2D
NODE_COORD_SECTION
1 0.00 0.00
2 38.10 87.28
3 -4.38 51.56
4 21.08 9.55
5 -14.72 -49.73
6 -67.98 56.62
7 39.49 18.50
8 -14.66 91.63
9 -48.74 64.43
10 -6.43 -78.02
11 -3.90 -30.16
12 68.42 33.60
13 38.30 43.28
14 -57.78 -48.92
ACCEPTED_PROBABILITIES
0.00
0.31
0.26
0.27
0.32
0.26
0.25
0.27
0.30
0.25
0.34
0.27
0.33
0.31
OUTSOURCING_COSTS
0.00
7.00
19.08
17.08
4.03
18.72
20.56
16.65
9.57
20.34
0.21
17.35
1.26
7.42
