NAME : sz-15-prob_type-uniform-prob-0.55-fee_type-inverse_prob-fee-3.4
TYPE : TSP
DIMENSION : 15
EDGE_WEIGHT_TYPE : EUC_2D
NODE_COORD_SECTION
1 0.00 0.00
2 -25.70 37.23
3 -24.89 -47.98
4 3.51 23.07
5 1.58 89.05
6 -79.37 -28.91
7 -27.75 -10.24
8 34.21 -88.15
9 -90.07 -40.12
10 -58.85 -17.19
11 -38.53 -27.81
12 -4.62 75.04
13 7.64 -62.88
14 -56.30 -37.11
15 -9.38 -11.10
ACCEPTED_PROBABILITIES
0.00
0.55
0.58
0.58
0.55
0.55
0.52
0.51
0.55
0.55
0.54
0.58
0.57
0.51
0.55
OUTSOURCING_COSTS
0.00
11.14
0.24
1.87
9.35
11.50
20.17
24.04
9.62
11.11
13.60
1.15
4.26
23.87
11.26
