NAME : sz-18-prob_type-uniform-prob-0.35-fee_type-inverse_prob-fee-2.7
TYPE : TSP
DIMENSION : 18
EDGE_WEIGHT_TYPE : EUC_2D
NODE_COORD_SECTION
1 0.00 0.00
2 33.57 -32.07
3 62.46 -21.49
4 35.56 48.33
5 53.19 0.24
6 -36.28 44.95
7 -71.72 -2.63
8 71.09 58.45
9 15.51 9.70
10 53.51 -20.90
11 76.03 24.11
12 70.25 -37.05
13 -7.72 -20.34
14 -78.94 -14.86
15 -58.38 47.97
16 61.44 66.23
17 77.70 -46.40
18 -77.31 -43.49
ACCEPTED_PROBABILITIES
0.00
0.40
0.34
0.37
0.36
0.37
0.30
0.37
0.39
0.37
0.37
0.38
0.34
0.33
0.36
0.35
0.36
0.34
OUTSOURCING_COSTS
0.00
0.16
9.22
4.87
5.66
4.76
15.72
5.32
0.84
5.17
5.39
2.55
9.37
11.75
5.71
8.70
7.21
9.50
