NAME : sz-19-prob_type-uniform-prob-0.05-fee_type-inverse_prob-fee-2.8
TYPE : TSP
DIMENSION : 19
EDGE_WEIGHT_TYPE : EUC_2D
NODE_COORD_SECTION
1 0.00 0.00
2 59.15 -10.07
3 15.97 -24.77
4 -40.55 -58.81
5 98.73 -8.66
6 60.01 42.49
7 -5.05 40.20
8 93.91 -32.94
9 18.17 -79.51
10 78.95 -51.54
11 -81.18 16.52
12 17.94 -0.15
13 -63.10 -57.71
14 50.57 -46.34
15 44.49 -21.41
16 -67.09 -5.49
17 -89.15 -17.63
18 39.49 87.27
19 -59.83 1.06
ACCEPTED_PROBABILITIES
0.00
0.09
0.10
0.08
0.09
0.04
0.07
0.01
0.03
0.00
0.04
0.06
0.07
0.02
0.05
0.08
0.07
0.03
0.03
OUTSOURCING_COSTS
0.00
1.69
0.16
2.91
0.16
8.95
4.60
13.94
11.35
15.40
9.84
6.20
4.12
13.40
7.23
3.21
4.47
11.08
11.04
