NAME : sz-19-prob_type-uniform-prob-0.05-fee_type-direct_prob-fee-2.9
TYPE : TSP
DIMENSION : 19
EDGE_WEIGHT_TYPE : EUC_2D
NODE_COORD_SECTION
1 0.00 0.00
2 -14.04 -86.05
3 -35.91 81.86
4 -75.47 47.25
5 -2.69 -73.29
6 -11.61 -80.42
7 11.18 46.28
8 -19.20 -73.49
9 -75.85 7.12
10 11.59 46.84
11 -70.03 17.83
12 38.17 89.49
13 -30.89 29.20
14 59.69 46.39
15 69.13 -45.96
16 42.56 -48.41
17 -84.83 8.11
18 25.44 68.36
19 -55.13 -80.65
ACCEPTED_PROBABILITIES
0.00
0.09
0.08
0.04
0.02
0.09
0.06
0.09
0.08
0.10
0.02
0.09
0.01
0.08
0.03
0.10
0.07
0.06
0.09
OUTSOURCING_COSTS
0.00
14.47
12.29
5.03
2.04
13.67
9.23
14.52
13.14
15.37
0.88
14.39
0.16
11.97
2.67
15.95
10.78
8.19
14.92
