NAME : sz-18-prob_type-uniform-prob-0.05-fee_type-direct_prob-fee-2.8
TYPE : TSP
DIMENSION : 18
EDGE_WEIGHT_TYPE : EUC_2D
NODE_COORD_SECTION
1 0.00 0.00
2 -42.85 -0.74
3 39.35 -28.07
4 22.30 20.03
5 -36.78 -87.36
6 -53.97 3.52
7 -20.93 -94.58
8 72.07 -36.73
9 53.68 84.23
10 -48.26 -72.73
11 -78.87 17.60
12 21.12 -45.47
13 19.79 -95.65
14 31.30 -30.33
15 -15.09 7.82
16 -15.14 35.16
17 -39.84 82.07
18 87.01 -35.17
ACCEPTED_PROBABILITIES
0.00
0.00
0.08
0.06
0.05
0.05
0.08
0.02
0.08
0.02
0.01
0.00
0.06
0.04
0.07
0.06
0.06
0.09
OUTSOURCING_COSTS
0.00
0.16
15.03
12.30
10.23
9.97
15.40
4.63
15.49
3.72
1.48
0.44
11.78
7.40
13.04
12.13
10.93
16.31
