NAME : sz-15-prob_type-uniform-prob-0.30-fee_type-direct_prob-fee-3.2
TYPE : TSP
DIMENSION : 15
EDGE_WEIGHT_TYPE : EUC_2D
NODE_COORD_SECTION
1 0.00 0.00
2 -25.09 63.28
3 60.69 49.88
4 65.14 -10.19
5 -47.13 -33.13
6 -27.25 46.13
7 4.82 63.24
8 3.00 -80.06
9 53.04 -3.49
10 81.43 -14.72
11 -67.71 12.22
12 -52.67 74.06
13 -86.18 -17.86
14 -42.13 0.81
15 0.14 -24.60
ACCEPTED_PROBABILITIES
0.00
0.26
0.28
0.30
0.26
0.25
0.27
0.26
0.32
0.30
0.26
0.35
0.26
0.25
0.29
OUTSOURCING_COSTS
0.00
2.29
5.58
12.67
1.12
0.23
4.38
2.14
15.65
11.59
2.41
22.63
1.35
0.29
9.47
