NAME : sz-17-prob_type-direct_dist-prob-0.25-fee_type-inverse_prob-fee-3.4
TYPE : TSP
DIMENSION : 17
EDGE_WEIGHT_TYPE : EUC_2D
NODE_COORD_SECTION
1 0.00 0.00
2 16.14 52.96
3 33.99 -50.19
4 -36.31 -53.48
5 -39.64 10.82
6 -85.54 19.18
7 -85.44 46.08
8 97.15 -7.21
9 -96.84 23.67
10 48.59 9.08
11 27.33 -74.94
12 -37.16 -58.97
13 -33.94 50.10
14 17.91 -1.66
15 -74.10 61.47
16 8.38 25.72
17 -30.08 4.30
ACCEPTED_PROBABILITIES
0.00
0.15
0.14
0.38
0.22
0.12
0.25
0.45
0.20
0.15
0.21
0.25
0.31
0.21
0.41
0.20
0.27
OUTSOURCING_COSTS
0.00
19.61
19.86
4.55
14.69
21.04
12.59
0.21
15.98
19.21
15.60
13.11
8.88
15.25
2.67
15.91
11.52
