NAME : sz-15-prob_type-inverse_dist-prob-0.25-fee_type-inverse_prob-fee-3.3
TYPE : TSP
DIMENSION : 15
EDGE_WEIGHT_TYPE : EUC_2D
NODE_COORD_SECTION
1 0.00 0.00
2 59.59 -22.12
3 -42.27 28.54
4 -1.68 98.40
5 -65.10 65.89
6 5.82 -95.01
7 7.86 -54.53
8 -48.56 75.69
9 59.59 52.52
10 54.32 13.82
11 -63.97 -58.98
12 -37.65 -2.94
13 -19.64 71.68
14 -38.94 -73.36
15 -5.68 -99.35
ACCEPTED_PROBABILITIES
0.00
0.28
0.23
0.25
0.25
0.25
0.16
0.25
0.26
0.24
0.26
0.19
0.22
0.26
0.25
OUTSOURCING_COSTS
0.00
0.24
10.54
6.03
6.89
5.20
23.34
6.93
4.43
8.16
3.57
16.69
12.35
3.55
6.18
