NAME : sz-19-prob_type-uniform-prob-0.30-fee_type-inverse_prob-fee-3.2
TYPE : TSP
DIMENSION : 19
EDGE_WEIGHT_TYPE : EUC_2D
NODE_COORD_SECTION
1 0.00 0.00
2 -5.75 61.55
3 69.39 -19.25
4 86.92 -46.25
5 -6.18 -40.98
6 -46.06 -0.74
7 -43.97 87.96
8 -94.91 14.83
9 7.09 -9.16
10 -45.20 -86.43
11 -37.14 15.87
12 16.49 25.03
13 57.37 28.73
14 -38.12 -4.76
15 94.39 29.16
16 43.17 72.91
17 38.05 34.68
18 84.07 7.12
19 31.79 -32.55
ACCEPTED_PROBABILITIES
0.00
0.33
0.29
0.29
0.25
0.29
0.27
0.33
0.28
0.35
0.26
0.26
0.30
0.31
0.35
0.33
0.27
0.35
0.28
OUTSOURCING_COSTS
0.00
4.32
11.82
11.52
17.60
11.86
14.14
3.96
12.09
0.18
17.47
16.88
9.12
6.87
0.18
3.91
14.13
0.18
13.69
