NAME : sz-16-prob_type-uniform-prob-0.30-fee_type-direct_prob-fee-3.1
TYPE : TSP
DIMENSION : 16
EDGE_WEIGHT_TYPE : EUC_2D
NODE_COORD_SECTION
1 0.00 0.00
2 51.68 12.03
3 40.84 -26.96
4 -53.56 27.01
5 -79.08 -57.33
6 -34.35 -23.93
7 19.49 -5.70
8 -35.55 58.50
9 90.04 -18.44
10 89.88 -11.69
11 -44.32 41.34
12 -95.02 -16.99
13 -7.58 -91.81
14 -98.55 0.41
15 84.59 -47.81
16 45.62 -55.84
ACCEPTED_PROBABILITIES
0.00
0.31
0.31
0.26
0.26
0.26
0.30
0.27
0.26
0.31
0.28
0.25
0.35
0.32
0.29
0.33
OUTSOURCING_COSTS
0.00
13.19
11.87
2.16
1.36
3.09
10.85
5.24
2.93
13.25
7.32
0.21
20.46
14.30
8.71
17.20
