NAME : sz-15-prob_type-uniform-prob-0.15-fee_type-inverse_prob-fee-3.1
TYPE : TSP
DIMENSION : 15
EDGE_WEIGHT_TYPE : EUC_2D
NODE_COORD_SECTION
1 0.00 0.00
2 24.32 35.44
3 -7.27 26.09
4 78.13 25.47
5 76.28 60.49
6 -58.99 -55.63
7 31.33 -41.97
8 -31.87 -89.41
9 -17.84 63.67
10 69.54 -45.83
11 49.03 22.43
12 17.46 18.04
13 -14.37 36.85
14 -53.79 37.17
15 2.44 18.95
ACCEPTED_PROBABILITIES
0.00
0.11
0.19
0.12
0.18
0.14
0.10
0.16
0.18
0.10
0.13
0.12
0.18
0.10
0.11
OUTSOURCING_COSTS
0.00
19.00
0.22
18.11
3.42
13.31
21.92
7.42
2.81
21.56
14.57
18.38
2.31
21.50
19.54
