NAME : sz-17-prob_type-uniform-prob-0.35-fee_type-inverse_prob-fee-3.1
TYPE : TSP
DIMENSION : 17
EDGE_WEIGHT_TYPE : EUC_2D
NODE_COORD_SECTION
1 0.00 0.00
2 68.54 -66.25
3 -53.09 73.11
4 -25.11 -88.02
5 -5.46 -83.50
6 57.43 -72.08
7 -76.88 19.40
8 41.67 -4.14
9 -96.40 15.68
10 -57.89 29.89
11 31.05 -18.60
12 26.67 -2.75
13 -48.13 -36.55
14 -5.55 -12.58
15 42.73 7.68
16 31.51 94.60
17 -10.50 75.03
ACCEPTED_PROBABILITIES
0.00
0.38
0.36
0.32
0.39
0.34
0.39
0.36
0.40
0.33
0.35
0.35
0.37
0.32
0.39
0.40
0.39
OUTSOURCING_COSTS
0.00
4.80
9.03
19.17
1.28
13.80
1.55
9.81
0.19
16.69
12.81
12.17
6.41
19.18
1.94
0.77
1.99
