NAME : sz-19-prob_type-direct_dist-prob-0.25-fee_type-direct_prob-fee-2.5
TYPE : TSP
DIMENSION : 19
EDGE_WEIGHT_TYPE : EUC_2D
NODE_COORD_SECTION
1 0.00 0.00
2 24.06 -52.67
3 -48.19 21.55
4 29.15 40.80
5 88.34 -33.70
6 -36.47 -17.62
7 -7.97 14.55
8 -44.31 51.11
9 20.97 90.40
10 17.18 -35.77
11 36.36 53.52
12 -66.50 -43.40
13 75.90 -5.74
14 -3.16 81.45
15 -38.00 0.46
16 -56.22 -44.08
17 38.06 54.33
18 -51.53 18.97
19 90.65 -9.15
ACCEPTED_PROBABILITIES
0.00
0.33
0.18
0.33
0.26
0.15
0.21
0.34
0.03
0.35
0.34
0.38
0.28
0.10
0.19
0.33
0.38
0.24
0.28
OUTSOURCING_COSTS
0.00
11.62
5.63
11.85
8.98
4.77
7.14
12.25
0.14
12.39
12.17
13.72
9.79
2.68
6.22
11.66
13.75
8.28
9.75
