NAME : sz-15-prob_type-uniform-prob-0.55-fee_type-inverse_prob-fee-3.1
TYPE : TSP
DIMENSION : 15
EDGE_WEIGHT_TYPE : EUC_2D
NODE_COORD_SECTION
1 0.00 0.00
2 0.31 32.38
3 26.25 55.94
4 -58.41 7.98
5 -7.96 92.74
6 57.79 -66.53
7 19.79 18.07
8 78.72 -6.46
9 57.82 -75.09
10 43.11 54.61
11 25.98 -76.26
12 20.13 -81.59
13 62.22 69.44
14 -7.96 27.27
15 -33.94 88.49
ACCEPTED_PROBABILITIES
0.00
0.51
0.51
0.56
0.58
0.58
0.54
0.52
0.57
0.53
0.53
0.53
0.55
0.59
0.56
OUTSOURCING_COSTS
0.00
21.01
21.92
7.10
2.11
4.07
12.15
19.05
4.99
16.86
15.24
15.62
10.24
0.22
9.00
