NAME : sz-15-prob_type-uniform-prob-0.25-fee_type-direct_prob-fee-3.5
TYPE : TSP
DIMENSION : 15
EDGE_WEIGHT_TYPE : EUC_2D
NODE_COORD_SECTION
1 0.00 0.00
2 56.63 64.36
3 -23.88 36.36
4 -41.40 89.90
5 62.18 25.22
6 -23.28 -14.34
7 -5.98 14.45
8 -39.55 -33.06
9 -10.42 13.93
10 26.53 66.52
11 97.89 11.51
12 56.51 80.09
13 38.12 53.41
14 27.89 -92.51
15 -47.12 28.95
ACCEPTED_PROBABILITIES
0.00
0.24
0.22
0.22
0.28
0.28
0.25
0.24
0.26
0.25
0.20
0.24
0.22
0.25
0.29
OUTSOURCING_COSTS
0.00
10.27
4.60
4.19
22.47
22.55
13.82
9.51
17.34
14.00
0.25
10.63
3.48
14.54
24.75
