NAME : sz-15-prob_type-direct_dist-prob-0.50-fee_type-inverse_prob-fee-3.2
TYPE : TSP
DIMENSION : 15
EDGE_WEIGHT_TYPE : EUC_2D
NODE_COORD_SECTION
1 0.00 0.00
2 -46.92 43.47
3 -39.17 66.52
4 -43.27 -51.32
5 53.27 34.66
6 24.19 -57.39
7 -82.93 -46.52
8 60.61 48.20
9 -89.63 -2.18
10 51.54 -15.90
11 -39.27 -21.97
12 -57.76 -2.31
13 -28.82 14.36
14 -88.95 39.75
15 -31.51 -41.62
ACCEPTED_PROBABILITIES
0.00
0.42
0.53
0.42
0.62
0.43
0.63
0.62
0.40
0.61
0.45
0.53
0.43
0.40
0.56
OUTSOURCING_COSTS
0.00
20.23
9.08
20.52
0.74
19.90
0.23
0.23
22.11
1.33
17.21
9.83
19.34
22.63
6.41
