NAME : sz-19-prob_type-uniform-prob-0.15-fee_type-direct_prob-fee-3.2
TYPE : TSP
DIMENSION : 19
EDGE_WEIGHT_TYPE : EUC_2D
NODE_COORD_SECTION
1 0.00 0.00
2 18.97 73.50
3 -24.37 10.79
4 -27.72 -90.96
5 92.46 0.54
6 -5.56 66.66
7 -37.24 -79.72
8 -62.91 7.30
9 -64.82 40.92
10 35.11 -43.38
11 4.13 46.36
12 68.20 18.52
13 -57.04 42.18
14 54.79 3.81
15 -74.41 27.12
16 -70.30 -60.73
17 68.97 50.87
18 46.66 -26.83
19 94.04 -7.74
ACCEPTED_PROBABILITIES
0.00
0.13
0.12
0.18
0.19
0.11
0.13
0.13
0.17
0.12
0.16
0.12
0.14
0.15
0.19
0.14
0.15
0.11
0.20
OUTSOURCING_COSTS
0.00
3.84
1.43
13.40
16.93
0.18
2.99
3.67
11.00
1.58
10.73
1.57
6.59
8.55
16.38
6.06
7.93
0.81
17.60
