NAME : sz-15-prob_type-uniform-prob-0.50-fee_type-direct_prob-fee-2.8
TYPE : TSP
DIMENSION : 15
EDGE_WEIGHT_TYPE : EUC_2D
NODE_COORD_SECTION
1 0.00 0.00
2 -8.27 70.35
3 -21.73 -16.26
4 30.09 -73.87
5 -77.10 31.27
6 36.40 -79.02
7 -53.45 -33.73
8 -66.95 73.52
9 35.85 -64.40
10 -7.49 83.62
11 -57.33 -68.55
12 81.19 53.25
13 -55.74 -30.14
14 10.05 -98.45
15 86.21 38.72
ACCEPTED_PROBABILITIES
0.00
0.52
0.50
0.51
0.45
0.46
0.51
0.54
0.49
0.46
0.46
0.47
0.52
0.53
0.46
OUTSOURCING_COSTS
0.00
14.66
11.34
12.13
0.20
0.59
13.49
19.80
7.29
1.29
1.56
4.37
15.30
17.90
0.73
