NAME : sz-19-prob_type-uniform-prob-0.20-fee_type-direct_prob-fee-3.3
TYPE : TSP
DIMENSION : 19
EDGE_WEIGHT_TYPE : EUC_2D
NODE_COORD_SECTION
1 0.00 0.00
2 -0.14 76.40
3 9.68 66.47
4 10.82 31.99
5 -56.46 23.19
6 55.72 82.59
7 86.99 -34.45
8 -51.20 -65.90
9 -25.54 -2.21
10 -59.80 -31.07
11 -16.84 70.73
12 3.82 -19.32
13 10.37 81.65
14 7.81 -92.00
15 65.74 -9.90
16 47.81 68.31
17 10.86 -37.53
18 8.35 43.26
19 61.51 -56.97
ACCEPTED_PROBABILITIES
0.00
0.21
0.17
0.17
0.22
0.22
0.19
0.19
0.21
0.25
0.19
0.21
0.21
0.23
0.16
0.21
0.23
0.19
0.22
OUTSOURCING_COSTS
0.00
9.56
1.40
1.88
13.08
11.75
6.92
5.26
11.26
18.15
6.82
11.39
11.38
15.40
0.18
9.54
15.27
5.05
11.61
