NAME : sz-18-prob_type-uniform-prob-0.35-fee_type-direct_prob-fee-3.4
TYPE : TSP
DIMENSION : 18
EDGE_WEIGHT_TYPE : EUC_2D
NODE_COORD_SECTION
1 0.00 0.00
2 -77.86 -53.83
3 64.68 47.62
4 31.16 83.53
5 7.13 1.18
6 -24.55 -58.11
7 -51.39 6.61
8 -85.29 21.82
9 -84.12 -46.16
10 59.71 58.30
11 38.11 85.58
12 -53.92 39.99
13 85.91 33.31
14 47.48 46.55
15 65.60 12.62
16 69.14 -44.67
17 72.93 32.95
18 -64.27 -46.82
ACCEPTED_PROBABILITIES
0.00
0.36
0.40
0.32
0.32
0.36
0.34
0.32
0.39
0.32
0.32
0.33
0.35
0.33
0.37
0.31
0.31
0.36
OUTSOURCING_COSTS
0.00
10.82
19.80
2.04
3.88
10.86
7.99
3.52
19.29
2.23
3.80
4.05
9.73
5.93
14.22
0.20
0.20
12.74
