NAME : sz-17-prob_type-uniform-prob-0.15-fee_type-direct_prob-fee-3.3
TYPE : TSP
DIMENSION : 17
EDGE_WEIGHT_TYPE : EUC_2D
NODE_COORD_SECTION
1 0.00 0.00
2 93.96 -17.51
3 78.52 -31.65
4 -29.32 61.96
5 -31.37 27.38
6 -74.12 13.59
7 15.46 -39.84
8 -28.31 -37.25
9 49.76 64.36
10 -39.07 24.92
11 46.06 -42.94
12 6.77 -97.58
13 -29.95 -1.67
14 -71.75 18.48
15 60.91 56.99
16 20.32 -95.59
17 92.14 34.96
ACCEPTED_PROBABILITIES
0.00
0.19
0.10
0.17
0.13
0.11
0.11
0.13
0.17
0.14
0.18
0.14
0.12
0.14
0.14
0.19
0.12
OUTSOURCING_COSTS
0.00
20.42
0.21
14.49
7.23
2.08
2.29
5.78
14.78
8.43
16.50
8.64
2.89
7.58
8.50
19.82
3.58
