NAME : sz-15-prob_type-uniform-prob-0.25-fee_type-direct_prob-fee-2.6
TYPE : TSP
DIMENSION : 15
EDGE_WEIGHT_TYPE : EUC_2D
NODE_COORD_SECTION
1 0.00 0.00
2 -28.64 87.59
3 -80.98 -11.36
4 -66.96 28.33
5 -68.07 -9.12
6 -9.88 -70.91
7 -4.86 -67.09
8 -42.38 -18.34
9 16.71 33.34
10 52.58 65.45
11 58.28 16.26
12 -27.52 -88.44
13 -42.43 77.08
14 -75.64 -5.45
15 25.05 -29.55
ACCEPTED_PROBABILITIES
0.00
0.21
0.24
0.25
0.20
0.21
0.22
0.23
0.28
0.27
0.28
0.23
0.24
0.28
0.27
OUTSOURCING_COSTS
0.00
2.31
7.86
12.00
0.19
1.98
4.90
6.95
18.39
15.65
17.37
6.94
9.67
18.39
16.76
