NAME : sz-17-prob_type-inverse_dist-prob-0.50-fee_type-direct_prob-fee-3.2
TYPE : TSP
DIMENSION : 17
EDGE_WEIGHT_TYPE : EUC_2D
NODE_COORD_SECTION
1 0.00 0.00
2 -17.18 -24.42
3 -30.37 73.21
4 64.44 48.64
5 -23.70 -94.91
6 -82.99 -55.74
7 42.42 11.76
8 -50.26 5.57
9 4.41 21.07
10 -25.36 42.89
11 19.66 -40.17
12 40.12 -14.63
13 47.58 74.41
14 -20.17 7.31
15 71.65 65.87
16 -6.35 -35.55
17 15.59 18.86
ACCEPTED_PROBABILITIES
0.00
0.48
0.53
0.45
0.50
0.50
0.43
0.45
0.63
0.44
0.54
0.59
0.51
0.31
0.51
0.61
0.51
OUTSOURCING_COSTS
0.00
10.85
13.85
8.83
11.79
11.90
7.39
8.76
19.80
8.34
14.25
17.54
12.79
0.20
12.28
19.22
12.81
