NAME : sz-18-prob_type-uniform-prob-0.15-fee_type-direct_prob-fee-2.9
TYPE : TSP
DIMENSION : 18
EDGE_WEIGHT_TYPE : EUC_2D
NODE_COORD_SECTION
1 0.00 0.00
2 5.26 41.15
3 -26.14 -69.14
4 40.74 -16.02
5 -82.46 -47.97
6 56.43 53.59
7 -38.75 59.28
8 73.56 -26.21
9 -3.17 -57.33
10 -12.81 31.27
11 57.85 -30.64
12 -70.57 -60.79
13 -49.76 41.67
14 -13.11 -44.04
15 -88.61 24.28
16 56.91 -34.82
17 -76.64 20.98
18 -66.48 -30.03
ACCEPTED_PROBABILITIES
0.00
0.11
0.14
0.12
0.19
0.11
0.16
0.11
0.16
0.15
0.16
0.20
0.17
0.15
0.18
0.19
0.20
0.13
OUTSOURCING_COSTS
0.00
0.17
7.22
1.96
15.74
1.19
9.10
0.60
9.41
9.03
10.03
16.87
12.26
8.42
14.09
15.48
16.89
4.69
