NAME : sz-15-prob_type-uniform-prob-0.15-fee_type-direct_prob-fee-3.4
TYPE : TSP
DIMENSION : 15
EDGE_WEIGHT_TYPE : EUC_2D
NODE_COORD_SECTION
1 0.00 0.00
2 -45.01 42.21
3 89.25 -29.35
4 13.26 -43.98
5 -36.96 -22.19
6 80.59 0.01
7 8.56 -62.72
8 -8.20 -47.61
9 7.39 -40.72
10 -13.60 -31.00
11 -21.40 38.06
12 -22.91 -28.07
13 -89.32 11.79
14 -30.54 14.37
15 15.51 -15.59
ACCEPTED_PROBABILITIES
0.00
0.12
0.14
0.13
0.17
0.13
0.15
0.12
0.13
0.16
0.17
0.16
0.14
0.11
0.16
OUTSOURCING_COSTS
0.00
5.65
11.36
8.40
23.07
8.92
17.06
4.65
7.21
18.75
24.04
20.29
10.53
0.24
18.16
