NAME : sz-17-prob_type-direct_dist-prob-0.25-fee_type-direct_prob-fee-3.5
TYPE : TSP
DIMENSION : 17
EDGE_WEIGHT_TYPE : EUC_2D
NODE_COORD_SECTION
1 0.00 0.00
2 -2.00 -68.03
3 9.44 -72.86
4 -57.70 49.00
5 58.43 -0.56
6 16.78 -30.98
7 53.45 52.05
8 23.60 -32.80
9 -3.34 -1.21
10 -38.91 0.79
11 38.87 -60.98
12 -40.85 55.14
13 -30.58 71.37
14 -80.66 -36.22
15 96.01 -11.89
16 61.56 63.30
17 11.41 25.51
ACCEPTED_PROBABILITIES
0.00
0.10
0.20
0.11
0.16
0.22
0.22
0.31
0.24
0.29
0.32
0.41
0.38
0.47
0.11
0.07
0.23
OUTSOURCING_COSTS
0.00
1.91
7.04
2.29
4.82
8.54
8.38
13.45
9.57
11.87
13.67
18.75
17.25
21.66
2.49
0.22
8.66
