NAME : sz-17-prob_type-uniform-prob-0.20-fee_type-inverse_prob-fee-3.3
TYPE : TSP
DIMENSION : 17
EDGE_WEIGHT_TYPE : EUC_2D
NODE_COORD_SECTION
1 0.00 0.00
2 -54.70 47.41
3 -24.39 52.13
4 -49.74 65.07
5 22.96 -45.54
6 -2.97 -48.48
7 42.50 1.36
8 43.82 -56.43
9 -24.56 -88.14
10 61.12 -38.41
11 56.32 -66.11
12 -35.09 -16.96
13 -48.73 -55.20
14 -54.60 8.91
15 53.76 82.52
16 16.73 26.74
17 -12.89 -93.61
ACCEPTED_PROBABILITIES
0.00
0.17
0.19
0.16
0.17
0.20
0.23
0.20
0.23
0.18
0.17
0.22
0.18
0.15
0.16
0.15
0.21
OUTSOURCING_COSTS
0.00
15.24
11.74
17.68
16.36
6.72
1.14
6.90
0.21
11.98
16.69
3.69
12.04
19.89
18.53
20.42
5.14
