NAME : sz-17-prob_type-uniform-prob-0.05-fee_type-direct_prob-fee-2.6
TYPE : TSP
DIMENSION : 17
EDGE_WEIGHT_TYPE : EUC_2D
NODE_COORD_SECTION
1 0.00 0.00
2 21.17 -77.04
3 11.30 23.46
4 61.60 65.00
5 -57.09 8.29
6 86.83 19.65
7 -73.00 62.25
8 36.18 -5.36
9 3.03 -36.12
10 0.27 -54.40
11 -81.95 30.95
12 -81.36 -25.04
13 11.17 -50.89
14 36.61 16.17
15 -29.71 40.61
16 -38.37 -37.39
17 22.45 9.17
ACCEPTED_PROBABILITIES
0.00
0.08
0.06
0.09
0.05
0.04
0.03
0.06
0.03
0.08
0.07
0.02
0.01
0.10
0.04
0.03
0.04
OUTSOURCING_COSTS
0.00
13.63
9.03
14.48
8.38
6.46
4.59
10.66
5.28
12.62
11.10
2.98
0.16
16.09
6.68
4.46
5.51
