NAME : sz-19-prob_type-uniform-prob-0.60-fee_type-inverse_prob-fee-2.9
TYPE : TSP
DIMENSION : 19
EDGE_WEIGHT_TYPE : EUC_2D
NODE_COORD_SECTION
1 0.00 0.00
2 -34.90 21.04
3 22.65 -1.86
4 -63.61 -76.25
5 15.72 -87.17
6 -8.70 80.32
7 -34.67 -0.73
8 84.78 -24.45
9 -75.56 18.72
10 -48.97 -71.23
11 -93.46 -22.43
12 5.00 -60.15
13 58.90 -65.49
14 25.70 -2.72
15 37.95 54.91
16 -43.14 -53.67
17 87.17 23.82
18 -86.85 -0.84
19 87.11 -3.78
ACCEPTED_PROBABILITIES
0.00
0.62
0.61
0.63
0.62
0.63
0.62
0.56
0.57
0.61
0.58
0.59
0.64
0.61
0.56
0.60
0.62
0.61
0.58
OUTSOURCING_COSTS
0.00
4.39
6.25
2.61
5.62
2.43
4.27
15.34
14.36
7.40
12.91
11.03
0.16
5.95
15.95
8.60
5.13
5.84
12.32
