NAME : sz-15-prob_type-inverse_dist-prob-0.25-fee_type-direct_prob-fee-2.5
TYPE : TSP
DIMENSION : 15
EDGE_WEIGHT_TYPE : EUC_2D
NODE_COORD_SECTION
1 0.00 0.00
2 27.03 30.79
3 16.73 73.66
4 23.65 -82.09
5 78.45 19.33
6 36.94 89.87
7 4.68 -29.56
8 38.91 14.42
9 66.80 37.37
10 57.96 -30.93
11 2.21 55.61
12 15.28 -55.77
13 -31.24 35.78
14 8.27 47.11
15 59.03 15.17
ACCEPTED_PROBABILITIES
0.00
0.32
0.25
0.25
0.23
0.24
0.20
0.20
0.28
0.30
0.20
0.26
0.32
0.24
0.32
OUTSOURCING_COSTS
0.00
17.68
7.83
7.45
5.12
6.79
0.18
0.34
12.09
14.99
0.91
8.43
17.53
6.62
17.18
