NAME : sz-17-prob_type-direct_dist-prob-0.50-fee_type-inverse_prob-fee-2.7
TYPE : TSP
DIMENSION : 17
EDGE_WEIGHT_TYPE : EUC_2D
NODE_COORD_SECTION
1 0.00 0.00
2 30.50 19.96
3 44.44 -61.10
4 -85.38 17.45
5 23.16 70.64
6 -32.66 -57.71
7 -1.56 85.87
8 -0.98 -5.27
9 17.20 73.48
10 -4.68 77.54
11 56.51 -79.01
12 -8.91 -17.87
13 -57.06 -50.93
14 46.73 80.54
15 -58.57 -33.61
16 39.58 -59.91
17 -63.74 38.18
ACCEPTED_PROBABILITIES
0.00
0.57
0.65
0.70
0.34
0.35
0.39
0.50
0.33
0.33
0.62
0.51
0.38
0.40
0.50
0.50
0.37
OUTSOURCING_COSTS
0.00
5.93
2.43
0.17
16.27
16.01
13.82
8.96
16.69
16.71
3.76
8.47
14.66
13.64
8.95
9.07
15.01
