NAME : sz-15-prob_type-uniform-prob-0.10-fee_type-direct_prob-fee-2.6
TYPE : TSP
DIMENSION : 15
EDGE_WEIGHT_TYPE : EUC_2D
NODE_COORD_SECTION
1 0.00 0.00
2 -38.39 -63.68
3 3.49 6.48
4 24.10 -82.87
5 19.04 69.30
6 -93.60 -11.54
7 -72.28 67.01
8 8.59 -86.09
9 38.94 75.93
10 -86.70 -24.80
11 -20.67 -87.60
12 42.26 -70.25
13 -54.91 75.47
14 -51.32 72.22
15 51.98 -67.68
ACCEPTED_PROBABILITIES
0.00
0.09
0.12
0.12
0.13
0.06
0.11
0.11
0.11
0.14
0.12
0.12
0.05
0.05
0.08
OUTSOURCING_COSTS
0.00
8.93
13.34
13.87
15.79
1.20
11.93
12.07
12.62
18.39
15.09
14.84
0.19
0.19
5.17
