NAME : sz-15-prob_type-uniform-prob-0.30-fee_type-inverse_prob
TYPE : TSP
DIMENSION : 15
EDGE_WEIGHT_TYPE : EUC_2D
NODE_COORD_SECTION
1 0.00 0.00
2 -2.41 -10.43
3 12.84 85.15
4 -28.95 8.86
5 -38.41 -23.14
6 -25.48 87.96
7 33.31 -53.72
8 75.52 46.75
9 -82.30 44.62
10 41.68 38.04
11 3.31 -42.67
12 -22.52 -42.06
13 -49.05 -79.71
14 5.71 -89.21
15 -50.65 66.17
ACCEPTED_PROBABILITIES
0.00
0.25
0.28
0.29
0.27
0.31
0.34
0.27
0.29
0.29
0.28
0.27
0.28
0.35
0.29
OUTSOURCING_COSTS
0.00
21.21
14.30
12.33
16.69
8.57
2.52
18.25
14.15
12.59
15.93
18.39
16.43
0.21
12.66
