NAME : sz-15-prob_type-uniform-prob-0.25-fee_type-inverse_prob-fee-2.8
TYPE : TSP
DIMENSION : 15
EDGE_WEIGHT_TYPE : EUC_2D
NODE_COORD_SECTION
1 0.00 0.00
2 31.09 44.69
3 -17.90 72.60
4 61.48 -11.22
5 44.90 76.26
6 6.74 -41.73
7 -66.31 24.11
8 64.97 -54.23
9 66.43 15.40
10 -57.17 68.92
11 20.82 -14.34
12 -35.00 -85.47
13 78.28 18.41
14 -22.15 59.73
15 43.85 76.71
ACCEPTED_PROBABILITIES
0.00
0.28
0.24
0.24
0.21
0.20
0.24
0.23
0.29
0.26
0.21
0.25
0.26
0.27
0.25
OUTSOURCING_COSTS
0.00
0.61
12.40
10.90
17.36
19.80
11.85
13.31
0.20
7.37
17.78
7.87
6.75
4.20
8.14
