NAME : sz-17-prob_type-inverse_dist-prob-0.50-fee_type-direct_prob-fee-2.7
TYPE : TSP
DIMENSION : 17
EDGE_WEIGHT_TYPE : EUC_2D
NODE_COORD_SECTION
1 0.00 0.00
2 -20.95 54.66
3 53.15 5.60
4 30.93 64.99
5 -18.52 -89.17
6 75.18 50.27
7 50.95 -26.83
8 -58.72 -78.74
9 18.36 -75.38
10 51.25 -36.42
11 -51.86 68.15
12 -39.80 25.36
13 -58.98 -19.37
14 -32.70 -63.17
15 -58.28 59.55
16 -26.72 53.65
17 -56.99 -32.10
ACCEPTED_PROBABILITIES
0.00
0.54
0.43
0.49
0.52
0.52
0.46
0.50
0.44
0.46
0.51
0.49
0.49
0.51
0.52
0.47
0.49
OUTSOURCING_COSTS
0.00
16.71
0.17
9.01
12.67
12.91
3.85
9.93
1.68
4.71
12.29
8.04
9.39
11.39
12.61
5.59
8.88
