NAME : sz-19-prob_type-inverse_dist-prob-0.25-fee_type-direct_prob-fee-3.2
TYPE : TSP
DIMENSION : 19
EDGE_WEIGHT_TYPE : EUC_2D
NODE_COORD_SECTION
1 0.00 0.00
2 43.21 45.00
3 -63.27 50.97
4 33.52 90.23
5 63.29 73.42
6 -25.69 50.61
7 -71.18 -37.76
8 -62.92 71.15
9 -21.73 88.57
10 -70.79 -24.64
11 -11.68 67.31
12 -0.99 8.99
13 67.00 -10.42
14 -4.17 30.97
15 76.76 18.28
16 21.03 7.40
17 53.03 -5.25
18 32.82 35.25
19 0.62 -8.25
ACCEPTED_PROBABILITIES
0.00
0.25
0.27
0.26
0.24
0.15
0.21
0.24
0.25
0.21
0.19
0.45
0.18
0.38
0.29
0.15
0.26
0.35
0.10
OUTSOURCING_COSTS
0.00
7.82
8.43
8.07
7.33
2.45
5.83
7.28
7.39
5.39
4.85
17.60
4.09
13.97
9.80
2.54
8.08
12.43
0.18
