NAME : sz-18-prob_type-uniform-prob-0.60-fee_type-direct_prob
TYPE : TSP
DIMENSION : 18
EDGE_WEIGHT_TYPE : EUC_2D
NODE_COORD_SECTION
1 0.00 0.00
2 -62.92 -17.82
3 -36.46 -5.98
4 -74.91 38.44
5 -46.08 49.39
6 -70.70 -61.37
7 -60.57 -5.22
8 -18.34 -21.24
9 40.10 74.76
10 31.70 56.98
11 -16.71 -19.55
12 84.44 -4.55
13 -81.51 -36.73
14 44.85 82.04
15 -85.88 23.05
16 -88.22 38.63
17 -83.18 -50.44
18 -25.07 -67.80
ACCEPTED_PROBABILITIES
0.00
0.64
0.56
0.63
0.61
0.59
0.63
0.57
0.65
0.63
0.61
0.65
0.59
0.56
0.62
0.58
0.62
0.64
OUTSOURCING_COSTS
0.00
16.59
0.18
14.20
10.47
5.94
13.53
1.51
17.47
14.32
9.46
17.47
5.13
0.74
11.68
3.67
12.88
16.20
