NAME : sz-17-prob_type-inverse_dist-prob-0.25-fee_type-inverse_prob-fee-2.9
TYPE : TSP
DIMENSION : 17
EDGE_WEIGHT_TYPE : EUC_2D
NODE_COORD_SECTION
1 0.00 0.00
2 55.49 -12.94
3 58.85 65.94
4 40.55 -67.45
5 40.91 -77.18
6 19.60 -95.33
7 55.05 67.76
8 -12.17 -56.24
9 27.93 94.54
10 14.24 41.18
11 17.79 75.89
12 80.19 -32.98
13 -77.66 38.43
14 67.11 -0.14
15 12.46 18.01
16 52.60 -14.19
17 54.28 -68.54
ACCEPTED_PROBABILITIES
0.00
0.26
0.27
0.26
0.25
0.26
0.23
0.22
0.25
0.27
0.21
0.28
0.22
0.28
0.42
0.32
0.24
OUTSOURCING_COSTS
0.00
13.39
12.56
13.42
14.33
13.83
16.28
17.33
14.23
12.78
17.94
11.64
17.17
11.64
0.18
8.72
15.21
