NAME : sz-15-prob_type-uniform-prob-0.20-fee_type-inverse_prob-fee-3.3
TYPE : TSP
DIMENSION : 15
EDGE_WEIGHT_TYPE : EUC_2D
NODE_COORD_SECTION
1 0.00 0.00
2 63.94 35.03
3 48.94 -51.86
4 -46.90 65.11
5 -94.84 15.37
6 -35.57 82.01
7 -16.98 -32.06
8 -19.78 5.40
9 54.59 47.09
10 -94.65 8.43
11 -57.64 12.39
12 73.88 27.80
13 -55.58 76.04
14 -34.04 86.00
15 -62.08 -32.96
ACCEPTED_PROBABILITIES
0.00
0.17
0.15
0.23
0.21
0.20
0.19
0.22
0.19
0.16
0.24
0.17
0.15
0.21
0.17
OUTSOURCING_COSTS
0.00
18.31
22.38
2.01
7.54
8.76
13.92
3.17
11.57
20.75
0.24
18.30
23.34
6.26
17.71
