NAME : sz-16-prob_type-direct_dist-prob-0.50-fee_type-inverse_prob-fee-2.5
TYPE : TSP
DIMENSION : 16
EDGE_WEIGHT_TYPE : EUC_2D
NODE_COORD_SECTION
1 0.00 0.00
2 -41.30 20.90
3 -47.37 53.32
4 -81.60 13.46
5 81.86 52.31
6 41.43 27.08
7 23.00 -40.75
8 -6.10 -75.91
9 -1.38 86.26
10 86.71 41.54
11 -41.91 -89.21
12 66.73 -38.17
13 62.24 77.89
14 60.46 35.73
15 70.68 52.34
16 -95.23 -7.78
ACCEPTED_PROBABILITIES
0.00
0.40
0.56
0.57
0.41
0.41
0.48
0.37
0.61
0.64
0.67
0.37
0.52
0.38
0.29
0.71
OUTSOURCING_COSTS
0.00
12.13
5.82
5.45
11.96
11.99
9.10
13.47
4.00
2.59
1.60
13.54
7.40
12.86
16.50
0.17
