NAME : sz-19-prob_type-uniform-prob-0.25-fee_type-inverse_prob-fee-2.7
TYPE : TSP
DIMENSION : 19
EDGE_WEIGHT_TYPE : EUC_2D
NODE_COORD_SECTION
1 0.00 0.00
2 4.36 95.96
3 -44.30 -31.31
4 24.99 -24.81
5 -17.04 35.98
6 -9.91 -10.56
7 -29.50 47.94
8 95.86 -3.15
9 79.23 25.93
10 60.14 34.87
11 -24.71 24.79
12 -18.08 98.20
13 13.58 -58.28
14 -87.25 23.22
15 -88.48 -39.29
16 75.83 -53.00
17 -60.78 -33.20
18 -14.35 70.08
19 -44.91 6.77
ACCEPTED_PROBABILITIES
0.00
0.20
0.22
0.28
0.25
0.21
0.29
0.27
0.24
0.25
0.29
0.29
0.28
0.30
0.21
0.22
0.22
0.23
0.20
OUTSOURCING_COSTS
0.00
14.85
11.71
2.75
8.18
13.92
0.86
3.79
8.95
7.51
0.98
0.73
3.37
0.15
14.20
12.43
11.88
10.80
14.77
