NAME : sz-18-prob_type-uniform-prob-0.15-fee_type-direct_prob
TYPE : TSP
DIMENSION : 18
EDGE_WEIGHT_TYPE : EUC_2D
NODE_COORD_SECTION
1 0.00 0.00
2 73.60 -31.33
3 52.94 -33.94
4 -49.95 -50.01
5 -57.62 -10.52
6 1.48 7.27
7 0.67 -63.05
8 51.30 -17.73
9 -26.95 -51.01
10 2.48 -42.59
11 -53.29 -71.11
12 -0.94 29.09
13 -22.13 48.71
14 34.87 -35.36
15 -7.81 4.97
16 -88.05 -21.22
17 -23.88 4.40
18 -60.29 29.92
ACCEPTED_PROBABILITIES
0.00
0.18
0.11
0.18
0.18
0.17
0.20
0.15
0.14
0.18
0.13
0.15
0.13
0.18
0.16
0.12
0.10
0.15
OUTSOURCING_COSTS
0.00
13.92
2.17
14.79
13.72
12.40
17.47
9.46
7.01
13.71
5.80
9.49
5.65
14.13
10.48
3.21
0.18
9.20
