NAME : sz-15-prob_type-uniform-prob-0.20-fee_type-direct_prob-fee-3.2
TYPE : TSP
DIMENSION : 15
EDGE_WEIGHT_TYPE : EUC_2D
NODE_COORD_SECTION
1 0.00 0.00
2 16.93 -42.78
3 51.97 24.01
4 25.79 39.25
5 24.80 85.48
6 -62.93 50.30
7 -58.18 26.91
8 -31.64 32.44
9 70.83 46.32
10 -8.32 -35.12
11 -58.51 -50.10
12 -22.97 32.20
13 -37.34 74.41
14 14.68 4.91
15 48.70 43.79
ACCEPTED_PROBABILITIES
0.00
0.24
0.17
0.18
0.22
0.23
0.23
0.23
0.24
0.21
0.20
0.16
0.22
0.24
0.24
OUTSOURCING_COSTS
0.00
20.60
3.64
7.00
15.65
17.94
18.16
18.41
22.63
13.72
12.42
0.23
15.17
22.41
22.63
