NAME : sz-19-prob_type-uniform-prob-0.55-fee_type-inverse_prob-fee-2.6
TYPE : TSP
DIMENSION : 19
EDGE_WEIGHT_TYPE : EUC_2D
NODE_COORD_SECTION
1 0.00 0.00
2 -85.71 2.41
3 0.57 92.70
4 59.56 -5.69
5 43.33 86.21
6 -71.53 20.05
7 25.76 -28.77
8 43.31 12.08
9 -22.70 -27.60
10 -69.38 -50.05
11 -42.65 -66.79
12 -42.68 -38.82
13 -3.89 -24.40
14 49.85 -6.14
15 -2.58 86.65
16 -80.43 -31.49
17 -35.34 37.03
18 35.67 -35.71
19 -64.15 -65.74
ACCEPTED_PROBABILITIES
0.00
0.52
0.58
0.52
0.51
0.52
0.53
0.56
0.56
0.53
0.50
0.55
0.59
0.57
0.50
0.56
0.56
0.57
0.57
OUTSOURCING_COSTS
0.00
10.70
1.55
12.16
13.13
11.79
10.41
4.01
5.11
9.38
14.18
5.61
0.14
3.50
14.30
5.24
4.66
2.75
3.21
