NAME : sz-15-prob_type-direct_dist-prob-0.50-fee_type-direct_prob-fee-2.6
TYPE : TSP
DIMENSION : 15
EDGE_WEIGHT_TYPE : EUC_2D
NODE_COORD_SECTION
1 0.00 0.00
2 53.30 -53.34
3 28.36 -65.52
4 17.60 53.19
5 66.09 -50.95
6 29.04 -89.97
7 -25.32 -42.36
8 44.65 -26.84
9 -21.67 -94.56
10 57.74 -2.92
11 -15.60 63.00
12 -20.42 74.44
13 -71.15 26.43
14 -43.01 13.14
15 10.07 -7.62
ACCEPTED_PROBABILITIES
0.00
0.37
0.50
0.62
0.55
0.59
0.51
0.50
0.57
0.59
0.35
0.59
0.65
0.45
0.51
OUTSOURCING_COSTS
0.00
1.33
9.20
16.78
12.22
15.29
10.15
9.53
14.00
15.33
0.19
14.73
18.39
6.01
9.91
