NAME : sz-14-prob_type-direct_dist-prob-0.25-fee_type-inverse_prob-fee-2.8
TYPE : TSP
DIMENSION : 14
EDGE_WEIGHT_TYPE : EUC_2D
NODE_COORD_SECTION
1 0.00 0.00
2 -82.38 19.43
3 -86.14 -36.75
4 6.35 -22.49
5 35.16 -65.93
6 58.64 -32.21
7 -17.30 -15.10
8 74.01 63.44
9 -78.41 -32.43
10 41.51 89.68
11 27.60 -27.42
12 26.76 -75.28
13 70.53 -65.92
14 60.96 -26.69
ACCEPTED_PROBABILITIES
0.00
0.31
0.39
0.24
0.08
0.10
0.23
0.03
0.44
0.37
0.28
0.08
0.37
0.25
OUTSOURCING_COSTS
0.00
6.95
2.54
10.35
18.53
17.89
10.82
21.32
0.22
3.60
8.27
18.67
3.57
9.95
