NAME : sz-14-prob_type-uniform-prob-0.15-fee_type-direct_prob-fee-2.7
TYPE : TSP
DIMENSION : 14
EDGE_WEIGHT_TYPE : EUC_2D
NODE_COORD_SECTION
1 0.00 0.00
2 67.19 55.61
3 73.26 27.21
4 8.10 38.90
5 -82.41 -7.10
6 -9.92 -6.51
7 29.74 -46.37
8 15.60 -82.70
9 -30.21 46.03
10 -15.71 93.43
11 -47.41 19.28
12 -40.99 42.35
13 78.36 59.06
14 -34.77 50.98
ACCEPTED_PROBABILITIES
0.00
0.12
0.15
0.11
0.13
0.15
0.11
0.16
0.12
0.15
0.12
0.11
0.11
0.13
OUTSOURCING_COSTS
0.00
6.23
16.36
1.17
9.27
17.02
1.38
20.56
4.47
15.70
5.47
0.21
1.11
9.49
