NAME : sz-16-prob_type-uniform-prob-0.55-fee_type-inverse_prob-fee-2.8
TYPE : TSP
DIMENSION : 16
EDGE_WEIGHT_TYPE : EUC_2D
NODE_COORD_SECTION
1 0.00 0.00
2 9.22 -58.95
3 -2.29 82.91
4 -53.49 36.13
5 2.84 -73.26
6 -17.80 58.59
7 -10.67 -94.88
8 54.88 26.99
9 90.93 40.25
10 4.74 44.70
11 70.29 -0.03
12 88.07 -23.04
13 2.28 68.43
14 -34.62 92.64
15 14.49 65.70
16 41.34 -3.54
ACCEPTED_PROBABILITIES
0.00
0.58
0.57
0.60
0.51
0.53
0.57
0.59
0.55
0.52
0.59
0.52
0.57
0.54
0.55
0.50
OUTSOURCING_COSTS
0.00
4.31
5.98
0.19
16.13
12.59
4.58
1.64
9.29
14.08
1.45
15.38
5.37
11.97
8.91
18.48
