NAME : sz-14-prob_type-uniform-prob-0.45-fee_type-inverse_prob-fee-3.5
TYPE : TSP
DIMENSION : 14
EDGE_WEIGHT_TYPE : EUC_2D
NODE_COORD_SECTION
1 0.00 0.00
2 -34.42 76.52
3 -26.07 -54.21
4 17.75 23.25
5 36.70 -5.09
6 69.11 47.29
7 62.99 -64.07
8 -41.91 -3.25
9 22.64 63.57
10 70.47 53.11
11 96.30 -15.70
12 59.21 40.40
13 -38.97 -0.97
14 43.73 -14.19
ACCEPTED_PROBABILITIES
0.00
0.43
0.41
0.47
0.47
0.50
0.44
0.44
0.42
0.43
0.42
0.46
0.48
0.45
OUTSOURCING_COSTS
0.00
21.68
26.65
8.46
9.20
0.27
17.90
17.15
24.16
19.28
22.11
10.65
4.44
15.42
