NAME : sz-17-prob_type-uniform-prob-0.50-fee_type-inverse_prob-fee-2.6
TYPE : TSP
DIMENSION : 17
EDGE_WEIGHT_TYPE : EUC_2D
NODE_COORD_SECTION
1 0.00 0.00
2 -84.86 11.98
3 29.44 40.33
4 20.90 60.36
5 44.25 -26.36
6 -8.19 50.43
7 -0.42 86.62
8 78.29 -13.27
9 -50.61 44.70
10 -56.36 -75.40
11 23.90 -64.96
12 -26.43 53.55
13 42.84 36.15
14 -28.09 -75.69
15 64.29 -66.40
16 28.58 -73.73
17 42.87 -20.93
ACCEPTED_PROBABILITIES
0.00
0.52
0.46
0.52
0.52
0.53
0.50
0.47
0.47
0.48
0.47
0.49
0.46
0.54
0.46
0.54
0.50
OUTSOURCING_COSTS
0.00
3.04
15.21
2.98
2.93
1.73
6.85
13.16
13.78
11.28
12.85
9.28
16.09
0.16
16.09
0.16
7.13
