NAME : sz-14-prob_type-uniform-prob-0.25-fee_type-direct_prob-fee-2.5
TYPE : TSP
DIMENSION : 14
EDGE_WEIGHT_TYPE : EUC_2D
NODE_COORD_SECTION
1 0.00 0.00
2 -34.73 -41.55
3 66.58 33.98
4 58.66 15.36
5 83.81 -51.80
6 -21.20 21.87
7 -65.23 58.83
8 -50.67 15.39
9 -70.70 61.21
10 62.31 -76.50
11 -12.80 18.37
12 -26.94 6.31
13 6.10 -70.08
14 9.17 94.53
ACCEPTED_PROBABILITIES
0.00
0.28
0.23
0.27
0.22
0.26
0.20
0.28
0.26
0.27
0.21
0.23
0.26
0.25
OUTSOURCING_COSTS
0.00
19.04
6.56
17.15
4.66
14.17
0.19
18.84
14.14
17.69
2.10
7.94
14.87
11.79
