NAME : sz-17-prob_type-uniform-prob-0.30-fee_type-inverse_prob-fee-2.6
TYPE : TSP
DIMENSION : 17
EDGE_WEIGHT_TYPE : EUC_2D
NODE_COORD_SECTION
1 0.00 0.00
2 84.78 -52.01
3 75.52 26.20
4 92.21 -35.56
5 80.80 -47.09
6 33.85 69.01
7 52.23 -0.87
8 -13.80 -18.47
9 -60.43 -26.33
10 -72.63 34.98
11 -84.79 51.85
12 -86.14 -4.46
13 14.21 69.19
14 -23.88 94.85
15 93.05 18.24
16 10.84 -83.77
17 35.41 -15.78
ACCEPTED_PROBABILITIES
0.00
0.34
0.29
0.27
0.31
0.27
0.27
0.33
0.34
0.28
0.26
0.28
0.25
0.31
0.29
0.33
0.34
OUTSOURCING_COSTS
0.00
0.70
9.18
12.74
6.52
13.69
13.60
1.94
0.98
11.46
15.32
11.59
16.09
6.56
9.34
2.92
0.16
