NAME : sz-15-prob_type-uniform-prob-0.10-fee_type-direct_prob-fee-3.4
TYPE : TSP
DIMENSION : 15
EDGE_WEIGHT_TYPE : EUC_2D
NODE_COORD_SECTION
1 0.00 0.00
2 -12.41 12.04
3 0.57 -32.57
4 -0.29 -81.42
5 -61.23 11.34
6 81.52 43.41
7 -92.76 -19.05
8 -43.76 33.24
9 69.24 -44.17
10 37.11 -80.28
11 -23.42 90.87
12 7.08 -4.60
13 -41.81 -50.92
14 -42.96 -66.29
15 70.82 -58.40
ACCEPTED_PROBABILITIES
0.00
0.08
0.12
0.09
0.10
0.10
0.09
0.11
0.10
0.10
0.15
0.07
0.11
0.07
0.12
OUTSOURCING_COSTS
0.00
2.35
17.20
5.28
8.11
10.61
5.09
12.43
8.90
8.48
24.04
0.24
13.40
1.40
17.14
