NAME : sz-17-prob_type-uniform-prob-0.45-fee_type-inverse_prob-fee-2.7
TYPE : TSP
DIMENSION : 17
EDGE_WEIGHT_TYPE : EUC_2D
NODE_COORD_SECTION
1 0.00 0.00
2 -71.96 17.48
3 -25.51 11.96
4 4.59 68.45
5 86.73 0.74
6 -71.35 -5.02
7 9.10 72.85
8 -18.54 -93.64
9 -13.58 -64.32
10 27.22 66.54
11 -97.33 9.39
12 -6.25 -97.73
13 20.90 -44.45
14 50.44 2.49
15 -50.66 46.76
16 44.60 69.43
17 60.88 77.14
ACCEPTED_PROBABILITIES
0.00
0.49
0.43
0.41
0.44
0.46
0.46
0.45
0.47
0.47
0.49
0.42
0.46
0.42
0.50
0.47
0.46
OUTSOURCING_COSTS
0.00
1.26
13.32
16.71
10.69
6.70
8.10
9.02
5.27
5.97
2.54
15.75
8.17
14.11
0.17
4.72
8.00
