NAME : sz-16-prob_type-direct_dist-prob-0.50-fee_type-inverse_prob
TYPE : TSP
DIMENSION : 16
EDGE_WEIGHT_TYPE : EUC_2D
NODE_COORD_SECTION
1 0.00 0.00
2 80.42 41.72
3 -4.84 18.92
4 -49.26 -15.31
5 -16.40 -82.63
6 -62.24 -13.14
7 62.19 -13.25
8 -19.12 6.60
9 -75.45 -3.67
10 90.11 -24.32
11 -61.32 6.56
12 27.31 32.23
13 -92.41 -33.93
14 -23.66 -89.10
15 82.04 -46.19
16 25.82 -67.20
ACCEPTED_PROBABILITIES
0.00
0.30
0.48
0.40
0.39
0.57
0.41
0.55
0.37
0.50
0.37
0.51
0.56
0.58
0.67
0.34
OUTSOURCING_COSTS
0.00
19.80
10.43
14.19
15.09
5.52
14.06
6.40
16.12
9.33
16.08
8.53
5.90
4.60
0.20
17.42
