NAME : sz-16-prob_type-uniform-prob-0.05-fee_type-direct_prob-fee-3.2
TYPE : TSP
DIMENSION : 16
EDGE_WEIGHT_TYPE : EUC_2D
NODE_COORD_SECTION
1 0.00 0.00
2 -75.67 -21.63
3 -12.82 66.19
4 -21.77 46.83
5 -59.46 57.98
6 -40.84 -19.63
7 57.99 -6.38
8 44.25 43.85
9 52.53 10.25
10 -16.38 70.11
11 25.09 8.54
12 4.98 10.63
13 51.09 76.93
14 -23.65 18.14
15 46.24 75.16
16 76.48 2.37
ACCEPTED_PROBABILITIES
0.00
0.04
0.06
0.05
0.06
0.00
0.02
0.09
0.01
0.07
0.01
0.01
0.01
0.08
0.05
0.02
OUTSOURCING_COSTS
0.00
8.17
14.26
12.80
14.67
0.21
4.04
21.12
2.41
16.58
2.75
1.80
2.77
19.21
11.66
5.01
