NAME : sz-15-prob_type-direct_dist-prob-0.25-fee_type-direct_prob-fee-2.8
TYPE : TSP
DIMENSION : 15
EDGE_WEIGHT_TYPE : EUC_2D
NODE_COORD_SECTION
1 0.00 0.00
2 -51.12 80.03
3 80.90 -3.40
4 -77.23 48.32
5 92.10 -23.92
6 73.15 -36.89
7 -82.78 -55.89
8 61.98 -42.90
9 -65.13 -31.22
10 30.43 -1.62
11 27.38 -93.82
12 28.43 88.96
13 60.57 -3.11
14 -11.03 -95.25
15 -11.02 -96.32
ACCEPTED_PROBABILITIES
0.00
0.36
0.28
0.05
0.42
0.13
0.39
0.22
0.34
0.19
0.19
0.43
0.36
0.07
0.25
OUTSOURCING_COSTS
0.00
16.42
12.20
0.20
19.71
4.19
18.31
9.17
15.35
7.29
7.74
19.80
16.23
1.06
10.74
