NAME : sz-16-prob_type-inverse_dist-prob-0.25-fee_type-direct_prob-fee-3.4
TYPE : TSP
DIMENSION : 16
EDGE_WEIGHT_TYPE : EUC_2D
NODE_COORD_SECTION
1 0.00 0.00
2 46.61 36.31
3 -86.22 32.71
4 59.65 23.79
5 -16.75 -48.45
6 1.94 -35.79
7 55.03 -13.44
8 -66.17 -72.43
9 15.08 -10.03
10 -12.44 90.23
11 34.39 1.45
12 11.87 -86.48
13 -58.68 26.83
14 87.33 27.09
15 59.26 -79.70
16 75.67 -36.36
ACCEPTED_PROBABILITIES
0.00
0.25
0.26
0.18
0.26
0.19
0.33
0.25
0.45
0.23
0.30
0.27
0.30
0.24
0.25
0.29
OUTSOURCING_COSTS
0.00
6.40
6.77
0.23
7.09
0.83
12.59
6.56
22.44
4.72
10.42
7.79
10.75
5.74
6.07
9.51
