NAME : sz-15-prob_type-uniform-prob-0.05-fee_type-direct_prob-fee-3.5
TYPE : TSP
DIMENSION : 15
EDGE_WEIGHT_TYPE : EUC_2D
NODE_COORD_SECTION
1 0.00 0.00
2 19.60 1.12
3 49.11 -63.31
4 38.17 68.63
5 -71.26 60.21
6 47.60 -86.37
7 7.84 -43.19
8 53.32 -19.82
9 16.07 62.39
10 88.53 -11.32
11 35.98 31.73
12 56.60 -49.07
13 -22.27 1.19
14 21.23 -76.10
15 23.33 -92.86
ACCEPTED_PROBABILITIES
0.00
0.08
0.02
0.05
0.09
0.04
0.02
0.06
0.07
0.01
0.02
0.04
0.01
0.06
0.09
OUTSOURCING_COSTS
0.00
22.09
2.11
13.40
24.75
8.10
4.83
14.30
17.87
0.25
4.17
10.39
1.42
14.26
24.28
