NAME : sz-19-prob_type-uniform-prob-0.60-fee_type-direct_prob-fee-2.9
TYPE : TSP
DIMENSION : 19
EDGE_WEIGHT_TYPE : EUC_2D
NODE_COORD_SECTION
1 0.00 0.00
2 68.19 39.63
3 42.74 -13.35
4 -82.00 30.35
5 -1.37 72.33
6 69.19 -21.97
7 -51.78 31.58
8 -44.42 -83.08
9 -26.24 -80.09
10 22.83 -16.25
11 -7.85 24.44
12 32.09 18.55
13 -93.23 24.14
14 23.74 68.16
15 12.34 -67.77
16 -54.04 -82.06
17 21.66 -52.07
18 6.66 -82.19
19 -47.98 -84.09
ACCEPTED_PROBABILITIES
0.00
0.58
0.60
0.64
0.56
0.62
0.62
0.59
0.56
0.64
0.65
0.62
0.61
0.56
0.56
0.56
0.56
0.61
0.64
OUTSOURCING_COSTS
0.00
4.63
6.85
15.08
0.16
10.70
10.28
6.20
0.16
15.14
15.95
11.03
9.52
0.32
0.16
1.45
0.71
10.19
13.82
