NAME : sz-18-prob_type-uniform-prob-0.45-fee_type-direct_prob-fee-3.1
TYPE : TSP
DIMENSION : 18
EDGE_WEIGHT_TYPE : EUC_2D
NODE_COORD_SECTION
1 0.00 0.00
2 -29.91 82.06
3 -50.78 -51.68
4 64.73 16.72
5 -63.59 68.62
6 -8.12 -98.16
7 -50.45 -23.20
8 -41.68 -63.93
9 98.85 -10.52
10 -8.35 -15.97
11 -77.88 55.53
12 -19.09 -94.31
13 -78.07 17.10
14 25.36 3.15
15 -3.43 -86.25
16 -9.40 -24.86
17 40.19 -58.45
18 17.40 -88.44
ACCEPTED_PROBABILITIES
0.00
0.44
0.46
0.44
0.45
0.50
0.49
0.43
0.46
0.41
0.46
0.49
0.45
0.46
0.42
0.49
0.45
0.47
OUTSOURCING_COSTS
0.00
6.07
10.31
6.95
8.82
18.05
16.85
4.52
9.80
0.18
10.43
17.08
8.23
10.82
3.07
17.31
9.21
11.80
