NAME : sz-15-prob_type-uniform-prob-0.25-fee_type-inverse_prob
TYPE : TSP
DIMENSION : 15
EDGE_WEIGHT_TYPE : EUC_2D
NODE_COORD_SECTION
1 0.00 0.00
2 -43.93 -44.28
3 -41.36 -1.65
4 -64.83 -7.08
5 -49.37 70.12
6 -23.15 64.76
7 -48.01 1.75
8 37.23 -32.34
9 -27.66 8.71
10 75.12 0.65
11 97.55 -6.58
12 -73.44 52.80
13 34.89 -13.87
14 44.75 62.97
15 11.60 -33.15
ACCEPTED_PROBABILITIES
0.00
0.24
0.24
0.23
0.28
0.22
0.27
0.23
0.28
0.23
0.22
0.21
0.21
0.21
0.29
OUTSOURCING_COSTS
0.00
12.62
12.27
14.47
2.50
18.79
5.71
16.34
3.18
14.51
18.01
21.11
20.57
21.21
0.21
