NAME : sz-17-prob_type-uniform-prob-0.15-fee_type-inverse_prob-fee-3.4
TYPE : TSP
DIMENSION : 17
EDGE_WEIGHT_TYPE : EUC_2D
NODE_COORD_SECTION
1 0.00 0.00
2 78.84 -8.66
3 -47.02 32.68
4 81.43 -54.18
5 -0.84 -83.13
6 30.59 -62.24
7 -53.94 54.70
8 17.18 -79.95
9 -38.67 -14.82
10 -31.22 -68.51
11 -51.35 -16.17
12 17.26 -97.05
13 -46.39 76.00
14 21.46 52.39
15 29.54 -7.85
16 70.51 -42.92
17 79.19 -3.54
ACCEPTED_PROBABILITIES
0.00
0.17
0.12
0.17
0.12
0.18
0.17
0.12
0.17
0.19
0.20
0.11
0.18
0.18
0.16
0.13
0.11
OUTSOURCING_COSTS
0.00
6.89
18.41
5.83
18.72
3.97
6.14
16.80
6.14
1.96
0.21
21.04
4.23
4.15
9.14
14.86
19.55
