NAME : sz-15-prob_type-uniform-prob-0.10-fee_type-inverse_prob-fee-3.2
TYPE : TSP
DIMENSION : 15
EDGE_WEIGHT_TYPE : EUC_2D
NODE_COORD_SECTION
1 0.00 0.00
2 -30.99 -19.87
3 -51.88 73.72
4 -24.08 58.49
5 -40.32 79.01
6 -93.30 -15.34
7 61.11 -66.37
8 30.97 -78.58
9 -47.33 -44.88
10 16.70 -77.08
11 -69.93 -9.96
12 3.23 96.05
13 93.28 24.31
14 -33.99 18.10
15 -37.47 75.44
ACCEPTED_PROBABILITIES
0.00
0.11
0.06
0.14
0.07
0.08
0.13
0.10
0.13
0.13
0.13
0.11
0.13
0.14
0.06
OUTSOURCING_COSTS
0.00
7.56
22.10
0.23
20.39
16.64
2.95
10.67
2.26
3.37
4.39
10.02
2.80
1.69
22.63
