NAME : sz-18-prob_type-uniform-prob-0.20-fee_type-inverse_prob-fee-2.8
TYPE : TSP
DIMENSION : 18
EDGE_WEIGHT_TYPE : EUC_2D
NODE_COORD_SECTION
1 0.00 0.00
2 15.18 -90.12
3 -78.95 -28.15
4 -24.17 59.89
5 79.54 -28.88
6 -12.13 93.99
7 8.97 47.24
8 -3.50 -61.43
9 60.33 67.15
10 12.20 -87.73
11 -20.32 -48.39
12 -75.21 -36.15
13 56.30 14.93
14 6.55 -36.56
15 7.74 9.55
16 -59.39 -1.27
17 -6.53 -49.08
18 -25.30 -76.95
ACCEPTED_PROBABILITIES
0.00
0.16
0.16
0.20
0.17
0.24
0.21
0.17
0.18
0.18
0.19
0.17
0.20
0.18
0.17
0.25
0.20
0.23
OUTSOURCING_COSTS
0.00
16.31
16.31
9.30
13.66
2.18
6.64
13.34
12.55
11.67
10.22
13.33
8.22
11.72
14.13
0.16
8.39
3.61
