NAME : sz-15-prob_type-direct_dist-prob-0.50-fee_type-direct_prob-fee-3.1
TYPE : TSP
DIMENSION : 15
EDGE_WEIGHT_TYPE : EUC_2D
NODE_COORD_SECTION
1 0.00 0.00
2 32.70 -40.53
3 21.99 -4.14
4 73.16 17.61
5 -28.52 -24.62
6 63.35 -23.67
7 76.97 56.93
8 -69.53 -71.80
9 -83.32 17.37
10 48.43 30.96
11 -35.86 -7.48
12 33.73 48.20
13 28.63 43.16
14 17.54 -91.09
15 53.82 75.04
ACCEPTED_PROBABILITIES
0.00
0.42
0.52
0.64
0.58
0.58
0.32
0.66
0.71
0.60
0.58
0.48
0.55
0.30
0.45
OUTSOURCING_COSTS
0.00
6.42
12.02
18.44
15.24
15.29
0.96
19.58
21.92
16.14
15.15
9.70
13.79
0.22
8.05
