NAME : sz-16-prob_type-uniform-prob-0.50-fee_type-direct_prob
TYPE : TSP
DIMENSION : 16
EDGE_WEIGHT_TYPE : EUC_2D
NODE_COORD_SECTION
1 0.00 0.00
2 -38.13 45.96
3 -91.80 -7.49
4 -97.27 -9.22
5 -19.69 -37.45
6 -43.62 40.81
7 44.33 60.55
8 59.86 20.74
9 -87.67 43.23
10 78.67 -38.68
11 -29.56 -84.79
12 -2.00 63.98
13 -6.63 -32.89
14 -72.30 -12.73
15 74.61 29.02
16 17.08 -25.59
ACCEPTED_PROBABILITIES
0.00
0.49
0.53
0.53
0.46
0.53
0.46
0.47
0.53
0.48
0.52
0.53
0.46
0.47
0.55
0.52
OUTSOURCING_COSTS
0.00
6.13
17.13
17.04
0.20
15.07
0.77
1.74
17.21
4.18
14.00
15.32
1.03
2.24
19.80
14.48
