NAME : sz-18-prob_type-inverse_dist-prob-0.50-fee_type-inverse_prob-fee-2.7
TYPE : TSP
DIMENSION : 18
EDGE_WEIGHT_TYPE : EUC_2D
NODE_COORD_SECTION
1 0.00 0.00
2 35.71 59.83
3 25.33 29.37
4 48.28 -80.26
5 -26.84 -74.14
6 -76.50 53.73
7 26.46 -94.06
8 -63.97 -50.91
9 -14.43 51.49
10 61.33 74.95
11 39.28 19.52
12 -34.65 -41.64
13 80.78 4.47
14 -49.82 22.91
15 13.50 57.99
16 33.10 71.91
17 -53.16 45.31
18 32.76 -35.16
ACCEPTED_PROBABILITIES
0.00
0.43
0.58
0.50
0.51
0.49
0.50
0.49
0.62
0.50
0.39
0.46
0.50
0.61
0.46
0.53
0.57
0.40
OUTSOURCING_COSTS
0.00
12.65
2.27
8.11
7.64
8.66
8.15
8.63
0.16
8.30
15.72
10.65
8.21
0.37
10.70
6.00
2.88
14.97
