NAME : sz-14-prob_type-uniform-prob-0.10-fee_type-direct_prob-fee-2.9
TYPE : TSP
DIMENSION : 14
EDGE_WEIGHT_TYPE : EUC_2D
NODE_COORD_SECTION
1 0.00 0.00
2 91.80 -7.17
3 4.32 20.88
4 50.25 -12.20
5 92.68 19.83
6 -8.35 -5.85
7 -77.49 19.81
8 -85.91 -8.56
9 23.55 -37.36
10 -21.81 59.14
11 35.41 87.14
12 0.61 57.54
13 0.05 43.05
14 -27.88 63.35
ACCEPTED_PROBABILITIES
0.00
0.09
0.14
0.06
0.09
0.13
0.06
0.06
0.13
0.14
0.08
0.15
0.14
0.13
OUTSOURCING_COSTS
0.00
7.32
20.30
0.22
8.02
17.79
1.29
1.52
17.48
20.57
5.70
22.08
21.04
19.48
