NAME : sz-17-prob_type-inverse_dist-prob-0.50-fee_type-inverse_prob-fee-3.1
TYPE : TSP
DIMENSION : 17
EDGE_WEIGHT_TYPE : EUC_2D
NODE_COORD_SECTION
1 0.00 0.00
2 63.99 -9.83
3 10.46 -11.05
4 34.49 -7.52
5 -55.48 -30.09
6 -54.16 42.50
7 20.41 78.52
8 11.08 -55.78
9 7.93 -66.43
10 -62.42 11.48
11 18.45 -92.71
12 -77.44 -8.95
13 -84.14 -16.36
14 -27.77 47.81
15 54.08 -60.58
16 6.66 -99.27
17 -93.45 -13.70
ACCEPTED_PROBABILITIES
0.00
0.50
0.60
0.44
0.55
0.56
0.45
0.52
0.57
0.51
0.49
0.53
0.52
0.39
0.46
0.50
0.50
OUTSOURCING_COSTS
0.00
9.14
0.19
14.51
4.24
3.35
13.20
7.45
2.60
8.19
9.49
6.38
7.05
19.18
12.71
9.02
9.33
