NAME : sz-16-prob_type-direct_dist-prob-0.50-fee_type-inverse_prob-fee-3.2
TYPE : TSP
DIMENSION : 16
EDGE_WEIGHT_TYPE : EUC_2D
NODE_COORD_SECTION
1 0.00 0.00
2 73.14 -44.37
3 28.46 34.96
4 -36.06 5.89
5 -21.02 57.89
6 22.49 -93.30
7 22.73 -19.32
8 3.62 86.97
9 -64.61 18.69
10 -59.64 -79.25
11 -40.29 0.16
12 84.53 19.24
13 78.07 -43.77
14 48.24 -3.36
15 15.74 -48.47
16 -29.43 -81.82
ACCEPTED_PROBABILITIES
0.00
0.51
0.52
0.48
0.40
0.29
0.53
0.65
0.54
0.42
0.59
0.70
0.72
0.41
0.53
0.49
OUTSOURCING_COSTS
0.00
10.50
9.81
11.90
15.69
21.12
9.20
3.30
8.63
14.67
6.61
0.74
0.21
15.45
9.15
11.11
