NAME : sz-18-prob_type-uniform-prob-0.45-fee_type-inverse_prob-fee-2.9
TYPE : TSP
DIMENSION : 18
EDGE_WEIGHT_TYPE : EUC_2D
NODE_COORD_SECTION
1 0.00 0.00
2 -67.14 52.74
3 36.25 -9.12
4 57.16 21.80
5 49.33 79.93
6 -68.86 -42.64
7 4.79 -18.68
8 -97.09 -19.58
9 14.08 -75.20
10 -14.17 94.12
11 48.21 54.21
12 27.40 57.92
13 -63.62 59.76
14 11.47 62.66
15 -29.33 -73.86
16 -3.49 -51.84
17 -22.18 14.94
18 -22.72 71.01
ACCEPTED_PROBABILITIES
0.00
0.50
0.45
0.42
0.40
0.44
0.47
0.42
0.44
0.47
0.50
0.48
0.43
0.50
0.48
0.43
0.49
0.43
OUTSOURCING_COSTS
0.00
0.23
8.82
12.98
16.89
10.71
4.67
13.03
9.88
5.24
0.17
3.13
11.59
0.17
3.83
11.65
2.27
12.23
