NAME : sz-19-prob_type-uniform-prob-0.50-fee_type-direct_prob
TYPE : TSP
DIMENSION : 19
EDGE_WEIGHT_TYPE : EUC_2D
NODE_COORD_SECTION
1 0.00 0.00
2 2.62 -89.81
3 40.40 2.98
4 -36.12 87.06
5 44.05 -82.50
6 -3.52 -5.10
7 -88.20 42.33
8 92.58 19.47
9 3.45 -17.66
10 -46.24 -76.85
11 -17.74 25.96
12 51.34 -19.21
13 2.44 90.58
14 68.65 -21.35
15 20.25 84.68
16 -50.81 78.58
17 -61.93 17.53
18 -28.22 41.74
19 21.71 -87.78
ACCEPTED_PROBABILITIES
0.00
0.48
0.50
0.45
0.53
0.46
0.53
0.51
0.51
0.49
0.54
0.49
0.51
0.54
0.54
0.50
0.52
0.54
0.46
OUTSOURCING_COSTS
0.00
4.84
8.96
0.17
14.82
1.19
15.29
10.07
10.54
7.49
16.50
6.15
11.30
15.61
15.78
9.59
13.45
15.92
0.54
