NAME : sz-14-prob_type-uniform-prob-0.25-fee_type-direct_prob-fee-3.1
TYPE : TSP
DIMENSION : 14
EDGE_WEIGHT_TYPE : EUC_2D
NODE_COORD_SECTION
1 0.00 0.00
2 44.59 7.24
3 51.83 52.78
4 29.38 -63.23
5 79.89 57.23
6 77.80 -7.40
7 -54.54 14.34
8 -56.97 39.69
9 58.59 -65.23
10 5.69 23.18
11 -87.51 -18.85
12 3.83 -41.13
13 52.59 73.47
14 -57.24 58.84
ACCEPTED_PROBABILITIES
0.00
0.26
0.20
0.24
0.24
0.21
0.27
0.30
0.26
0.22
0.29
0.23
0.28
0.22
OUTSOURCING_COSTS
0.00
14.94
0.24
9.27
9.74
2.73
16.39
23.61
13.98
5.67
22.54
6.64
19.16
5.95
