NAME : sz-16-prob_type-uniform-prob-0.15-fee_type-inverse_prob-fee-3.3
TYPE : TSP
DIMENSION : 16
EDGE_WEIGHT_TYPE : EUC_2D
NODE_COORD_SECTION
1 0.00 0.00
2 64.21 -23.58
3 14.24 35.20
4 5.91 -98.57
5 -40.81 -8.91
6 68.80 -50.46
7 -24.46 -9.28
8 5.17 -29.47
9 3.92 4.16
10 -32.18 -15.67
11 41.60 -34.56
12 -45.22 -77.85
13 -33.85 82.00
14 60.03 61.71
15 1.82 -47.32
16 40.91 39.15
ACCEPTED_PROBABILITIES
0.00
0.10
0.15
0.14
0.20
0.17
0.18
0.16
0.20
0.10
0.14
0.16
0.17
0.19
0.19
0.12
OUTSOURCING_COSTS
0.00
21.51
12.11
14.59
0.22
5.66
5.49
8.04
0.22
21.78
13.77
9.57
6.12
1.65
2.04
18.47
