NAME : sz-16-prob_type-uniform-prob-0.25-fee_type-direct_prob-fee-3.4
TYPE : TSP
DIMENSION : 16
EDGE_WEIGHT_TYPE : EUC_2D
NODE_COORD_SECTION
1 0.00 0.00
2 -9.83 -54.63
3 -82.60 -11.97
4 -27.61 77.95
5 -28.51 -31.32
6 -16.52 88.05
7 -6.42 -54.88
8 56.61 -49.99
9 12.62 -51.80
10 0.25 -88.52
11 -79.79 -54.70
12 -41.91 69.76
13 44.44 -25.34
14 -65.06 38.20
15 2.91 -66.23
16 98.24 4.18
ACCEPTED_PROBABILITIES
0.00
0.21
0.20
0.21
0.24
0.20
0.29
0.26
0.26
0.24
0.26
0.27
0.26
0.26
0.24
0.25
OUTSOURCING_COSTS
0.00
0.88
0.23
2.68
10.16
0.23
22.44
13.44
14.44
8.50
14.58
17.98
15.14
15.49
10.15
10.78
