NAME : sz-14-prob_type-uniform-prob-0.15-fee_type-inverse_prob-fee-3.4
TYPE : TSP
DIMENSION : 14
EDGE_WEIGHT_TYPE : EUC_2D
NODE_COORD_SECTION
1 0.00 0.00
2 -34.61 9.74
3 62.59 -68.60
4 54.42 22.13
5 48.62 35.07
6 34.14 -86.06
7 -30.67 10.33
8 30.96 -92.31
9 -12.08 28.72
10 -70.03 70.79
11 11.80 81.93
12 -25.72 -0.55
13 11.77 -25.29
14 53.86 -77.91
ACCEPTED_PROBABILITIES
0.00
0.10
0.15
0.16
0.20
0.15
0.11
0.19
0.10
0.16
0.15
0.19
0.17
0.15
OUTSOURCING_COSTS
0.00
25.89
11.66
10.31
0.26
11.27
24.18
1.96
24.98
9.08
12.46
0.48
7.34
11.45
