NAME : sz-15-prob_type-uniform-prob-0.20-fee_type-inverse_prob-fee-2.6
TYPE : TSP
DIMENSION : 15
EDGE_WEIGHT_TYPE : EUC_2D
NODE_COORD_SECTION
1 0.00 0.00
2 -50.17 -5.60
3 16.44 -27.07
4 14.80 9.68
5 2.91 -87.78
6 -24.87 -69.57
7 -89.62 -6.59
8 79.03 38.42
9 -10.67 28.54
10 66.21 69.14
11 30.44 81.84
12 -31.17 -93.16
13 -89.88 -25.95
14 40.15 -32.50
15 19.16 0.84
ACCEPTED_PROBABILITIES
0.00
0.21
0.23
0.18
0.23
0.22
0.21
0.20
0.24
0.22
0.23
0.19
0.22
0.22
0.16
OUTSOURCING_COSTS
0.00
7.53
2.69
13.03
0.85
3.42
6.87
8.97
0.19
4.17
1.22
10.50
4.36
2.92
18.39
