NAME : sz-19-prob_type-direct_dist-prob-0.25-fee_type-inverse_prob-fee-2.8
TYPE : TSP
DIMENSION : 19
EDGE_WEIGHT_TYPE : EUC_2D
NODE_COORD_SECTION
1 0.00 0.00
2 -24.86 87.78
3 -48.38 86.15
4 63.54 -27.70
5 -32.57 -76.79
6 42.18 -50.71
7 -37.44 65.37
8 57.56 -1.86
9 63.20 34.68
10 77.95 -23.23
11 -45.14 -67.90
12 41.17 25.64
13 1.66 21.67
14 14.69 -83.76
15 71.23 27.42
16 -82.51 15.68
17 71.14 18.39
18 -36.56 -84.34
19 -7.10 36.35
ACCEPTED_PROBABILITIES
0.00
0.42
0.07
0.34
0.15
0.26
0.43
0.26
0.18
0.23
0.11
0.15
0.21
0.29
0.17
0.22
0.36
0.35
0.17
OUTSOURCING_COSTS
0.00
0.69
15.40
3.86
12.04
7.38
0.16
7.42
11.02
8.52
14.00
12.25
9.44
6.30
11.36
9.00
3.14
3.55
11.33
