NAME : sz-18-prob_type-uniform-prob-0.05-fee_type-direct_prob-fee-3.1
TYPE : TSP
DIMENSION : 18
EDGE_WEIGHT_TYPE : EUC_2D
NODE_COORD_SECTION
1 0.00 0.00
2 3.10 52.70
3 68.49 64.60
4 91.27 -17.39
5 20.42 59.09
6 43.21 -57.24
7 62.62 -14.97
8 25.92 -45.43
9 58.98 56.26
10 62.37 -56.37
11 -77.53 27.82
12 2.25 69.10
13 -5.42 64.98
14 -4.49 94.65
15 -3.33 -69.96
16 61.47 2.69
17 45.88 55.23
18 -82.21 36.98
ACCEPTED_PROBABILITIES
0.00
0.00
0.03
0.01
0.07
0.01
0.02
0.02
0.03
0.07
0.09
0.05
0.01
0.01
0.04
0.10
0.05
0.07
OUTSOURCING_COSTS
0.00
0.18
5.89
1.06
12.38
2.00
2.93
3.79
5.73
12.49
16.61
9.03
2.61
2.23
6.97
18.05
9.47
14.05
