NAME : sz-16-prob_type-uniform-prob-0.45-fee_type-inverse_prob-fee-2.7
TYPE : TSP
DIMENSION : 16
EDGE_WEIGHT_TYPE : EUC_2D
NODE_COORD_SECTION
1 0.00 0.00
2 58.29 62.39
3 -67.57 -53.99
4 80.77 28.85
5 -68.95 9.25
6 43.09 88.40
7 -15.25 3.55
8 45.35 -60.26
9 -39.80 -2.00
10 19.12 -16.15
11 -71.02 50.80
12 54.86 10.45
13 -93.19 10.21
14 3.69 -63.81
15 -1.80 -44.36
16 23.25 -82.59
ACCEPTED_PROBABILITIES
0.00
0.41
0.45
0.44
0.49
0.43
0.46
0.43
0.43
0.44
0.46
0.46
0.47
0.50
0.41
0.48
OUTSOURCING_COSTS
0.00
17.41
8.81
10.32
1.19
13.41
7.80
13.84
12.22
11.17
6.77
8.06
6.05
0.18
17.82
3.44
