NAME : sz-14-prob_type-uniform-prob-0.50-fee_type-inverse_prob-fee-3.5
TYPE : TSP
DIMENSION : 14
EDGE_WEIGHT_TYPE : EUC_2D
NODE_COORD_SECTION
1 0.00 0.00
2 -77.00 -26.84
3 66.08 -71.85
4 -82.04 27.89
5 -66.01 41.99
6 -22.90 28.44
7 -28.04 29.03
8 42.70 -70.95
9 77.50 16.95
10 17.76 24.83
11 16.97 -11.41
12 4.42 7.42
13 27.10 67.69
14 -34.63 1.29
ACCEPTED_PROBABILITIES
0.00
0.49
0.52
0.47
0.47
0.46
0.51
0.52
0.45
0.52
0.48
0.47
0.48
0.47
OUTSOURCING_COSTS
0.00
10.93
0.27
17.78
19.04
22.22
4.43
0.27
26.65
1.74
15.52
17.81
14.21
20.86
