NAME : sz-19-prob_type-uniform-prob-0.15-fee_type-inverse_prob-fee-2.8
TYPE : TSP
DIMENSION : 19
EDGE_WEIGHT_TYPE : EUC_2D
NODE_COORD_SECTION
1 0.00 0.00
2 41.55 -56.95
3 -82.62 41.42
4 -63.63 -55.51
5 83.82 -41.64
6 -60.36 37.96
7 -54.04 47.86
8 51.27 55.46
9 -86.13 26.11
10 -64.91 -21.96
11 59.70 -18.13
12 -66.38 35.44
13 -9.65 -34.78
14 -71.17 -69.53
15 93.16 9.34
16 44.88 4.89
17 15.74 -5.30
18 68.44 18.03
19 81.55 -10.36
ACCEPTED_PROBABILITIES
0.00
0.11
0.16
0.18
0.19
0.12
0.16
0.11
0.19
0.14
0.20
0.11
0.16
0.14
0.20
0.11
0.15
0.20
0.16
OUTSOURCING_COSTS
0.00
15.40
6.42
3.65
1.31
12.85
6.12
15.40
1.70
10.04
0.72
14.95
7.28
9.45
0.16
15.31
8.12
0.76
5.99
