NAME : sz-17-prob_type-direct_dist-prob-0.25-fee_type-inverse_prob-fee-3.2
TYPE : TSP
DIMENSION : 17
EDGE_WEIGHT_TYPE : EUC_2D
NODE_COORD_SECTION
1 0.00 0.00
2 -84.62 53.10
3 -34.53 -70.73
4 49.81 -82.58
5 9.56 54.88
6 -47.46 -64.01
7 21.76 -52.06
8 32.05 81.28
9 46.80 1.87
10 -12.22 47.81
11 -26.94 16.60
12 -92.21 12.45
13 50.94 -79.91
14 -51.20 13.11
15 -35.40 54.18
16 -53.13 77.97
17 -74.62 10.81
ACCEPTED_PROBABILITIES
0.00
0.07
0.32
0.09
0.29
0.44
0.29
0.09
0.27
0.14
0.21
0.20
0.11
0.37
0.11
0.29
0.09
OUTSOURCING_COSTS
0.00
19.80
6.67
19.13
8.16
0.20
7.90
19.25
9.17
16.39
12.25
12.78
18.16
3.64
17.67
7.95
18.78
