NAME : sz-17-prob_type-uniform-prob-0.20-fee_type-inverse_prob-fee-2.5
TYPE : TSP
DIMENSION : 17
EDGE_WEIGHT_TYPE : EUC_2D
NODE_COORD_SECTION
1 0.00 0.00
2 26.92 -56.74
3 -60.64 -60.59
4 -1.81 -57.69
5 -25.36 -89.12
6 0.26 35.81
7 -38.97 56.55
8 -93.11 -19.04
9 -62.54 43.54
10 26.68 -68.95
11 9.53 -31.55
12 45.14 62.27
13 38.73 17.67
14 37.92 10.65
15 80.94 -22.37
16 -34.72 48.53
17 -57.47 -6.53
ACCEPTED_PROBABILITIES
0.00
0.19
0.23
0.16
0.16
0.16
0.21
0.19
0.19
0.22
0.17
0.16
0.22
0.15
0.16
0.19
0.19
OUTSOURCING_COSTS
0.00
8.69
0.16
14.10
13.68
13.18
2.87
6.97
7.23
1.63
12.42
14.05
1.97
15.47
14.41
7.01
7.93
