NAME : sz-14-prob_type-direct_dist-prob-0.50-fee_type-inverse_prob
TYPE : TSP
DIMENSION : 14
EDGE_WEIGHT_TYPE : EUC_2D
NODE_COORD_SECTION
1 0.00 0.00
2 -1.60 82.07
3 38.99 73.20
4 -37.23 -5.58
5 -31.22 81.38
6 -88.04 -5.89
7 -91.88 -6.88
8 -83.64 -43.24
9 -74.36 -28.22
10 10.00 -12.42
11 78.23 9.17
12 -29.40 -19.32
13 -10.49 20.49
14 -58.80 -80.80
ACCEPTED_PROBABILITIES
0.00
0.47
0.53
0.56
0.58
0.54
0.45
0.29
0.33
0.49
0.48
0.57
0.49
0.66
OUTSOURCING_COSTS
0.00
11.84
7.89
6.19
4.82
7.57
12.74
22.85
20.71
10.67
10.89
5.20
10.42
0.23
