NAME : sz-14-prob_type-uniform-prob-0.55-fee_type-inverse_prob-fee-2.9
TYPE : TSP
DIMENSION : 14
EDGE_WEIGHT_TYPE : EUC_2D
NODE_COORD_SECTION
1 0.00 0.00
2 17.56 -93.08
3 -48.37 15.93
4 24.83 76.23
5 55.50 -1.31
6 -66.79 -60.02
7 41.52 -68.36
8 -33.62 80.39
9 -71.42 -12.86
10 -21.45 -71.20
11 -40.13 70.38
12 -37.63 32.44
13 -44.81 -73.93
14 -63.12 -67.55
ACCEPTED_PROBABILITIES
0.00
0.57
0.51
0.57
0.57
0.52
0.51
0.52
0.57
0.56
0.52
0.57
0.60
0.54
OUTSOURCING_COSTS
0.00
7.25
21.01
7.65
6.19
19.72
22.08
19.53
6.22
8.04
17.56
5.68
0.22
14.40
