NAME : sz-14-prob_type-uniform-prob-0.60-fee_type-inverse_prob
TYPE : TSP
DIMENSION : 14
EDGE_WEIGHT_TYPE : EUC_2D
NODE_COORD_SECTION
1 0.00 0.00
2 30.68 41.92
3 -54.44 -14.26
4 51.96 49.24
5 92.73 -27.07
6 -23.56 7.30
7 -2.08 -66.19
8 65.44 70.19
9 -46.00 37.59
10 49.88 -79.39
11 -6.18 55.80
12 18.27 61.17
13 -24.27 13.35
14 4.84 -81.40
ACCEPTED_PROBABILITIES
0.00
0.61
0.56
0.60
0.63
0.62
0.62
0.58
0.63
0.63
0.64
0.57
0.56
0.62
OUTSOURCING_COSTS
0.00
8.76
22.85
9.69
2.60
6.13
4.51
17.13
1.08
3.35
0.23
19.71
22.05
5.43
