NAME : sz-14-prob_type-direct_dist-prob-0.50-fee_type-inverse_prob-fee-2.6
TYPE : TSP
DIMENSION : 14
EDGE_WEIGHT_TYPE : EUC_2D
NODE_COORD_SECTION
1 0.00 0.00
2 71.99 -43.79
3 59.75 27.70
4 70.62 -7.13
5 -4.57 43.61
6 72.75 7.45
7 -26.09 -86.60
8 -29.83 -75.46
9 42.98 -43.67
10 -13.16 -31.54
11 35.80 -46.60
12 -76.47 29.45
13 59.43 -74.43
14 46.32 48.80
ACCEPTED_PROBABILITIES
0.00
0.37
0.35
0.65
0.45
0.46
0.56
0.62
0.46
0.48
0.61
0.36
0.40
0.34
OUTSOURCING_COSTS
0.00
17.86
19.00
0.20
12.70
12.16
5.28
1.74
12.27
10.69
2.25
18.62
15.72
19.80
