NAME : sz-15-prob_type-uniform-prob-0.50-fee_type-direct_prob-fee-2.5
TYPE : TSP
DIMENSION : 15
EDGE_WEIGHT_TYPE : EUC_2D
NODE_COORD_SECTION
1 0.00 0.00
2 74.65 40.02
3 -7.16 -5.81
4 -92.64 -18.26
5 4.80 -57.60
6 -2.29 2.55
7 44.93 22.96
8 77.26 -20.32
9 -3.41 97.51
10 41.41 -22.97
11 16.76 63.46
12 -26.00 -22.32
13 13.93 95.30
14 -60.36 -40.97
15 15.97 -50.21
ACCEPTED_PROBABILITIES
0.00
0.50
0.46
0.55
0.46
0.54
0.50
0.55
0.53
0.49
0.46
0.50
0.47
0.47
0.48
OUTSOURCING_COSTS
0.00
7.49
0.18
17.68
1.27
17.13
7.46
17.68
13.60
6.73
1.30
8.90
2.03
3.14
4.07
