NAME : sz-19-prob_type-uniform-prob-0.20-fee_type-inverse_prob-fee-2.9
TYPE : TSP
DIMENSION : 19
EDGE_WEIGHT_TYPE : EUC_2D
NODE_COORD_SECTION
1 0.00 0.00
2 54.64 -0.01
3 -22.58 70.93
4 -19.50 -27.56
5 -63.79 38.45
6 -10.77 31.35
7 6.47 -27.18
8 -57.26 -35.48
9 -35.41 85.35
10 83.16 50.56
11 50.83 76.67
12 39.59 -4.29
13 21.21 40.03
14 -1.57 -78.12
15 59.73 20.13
16 20.81 16.57
17 -17.96 -15.77
18 14.51 69.77
19 -78.94 60.86
ACCEPTED_PROBABILITIES
0.00
0.25
0.16
0.21
0.17
0.23
0.21
0.20
0.15
0.25
0.18
0.21
0.21
0.17
0.23
0.18
0.21
0.23
0.22
OUTSOURCING_COSTS
0.00
0.16
15.27
7.22
13.06
4.00
6.75
8.97
15.95
0.16
12.29
6.69
6.75
12.82
2.82
11.80
6.19
2.63
5.36
