NAME : sz-16-prob_type-uniform-prob-0.60-fee_type-direct_prob-fee-3.2
TYPE : TSP
DIMENSION : 16
EDGE_WEIGHT_TYPE : EUC_2D
NODE_COORD_SECTION
1 0.00 0.00
2 -55.75 77.54
3 -5.50 -12.54
4 59.86 9.91
5 55.00 -62.91
6 -65.75 52.25
7 -56.96 -34.48
8 25.23 64.53
9 -53.72 65.15
10 -54.11 57.44
11 -25.35 42.20
12 -53.07 56.65
13 35.58 -18.03
14 22.49 -37.12
15 -77.76 41.06
16 -94.63 3.83
ACCEPTED_PROBABILITIES
0.00
0.56
0.57
0.61
0.64
0.63
0.62
0.64
0.58
0.59
0.64
0.56
0.63
0.59
0.60
0.63
OUTSOURCING_COSTS
0.00
0.21
2.58
13.80
21.12
18.29
15.40
20.11
5.63
7.76
19.94
0.55
18.71
8.48
9.83
16.89
