NAME : sz-19-prob_type-uniform-prob-0.20-fee_type-inverse_prob-fee-3.5
TYPE : TSP
DIMENSION : 19
EDGE_WEIGHT_TYPE : EUC_2D
NODE_COORD_SECTION
1 0.00 0.00
2 -13.28 -70.25
3 69.50 -17.09
4 -25.30 93.33
5 -88.96 -0.58
6 9.09 3.10
7 53.29 -35.18
8 -3.53 -10.71
9 23.34 -61.53
10 -72.21 -64.27
11 53.28 -14.97
12 -46.77 3.19
13 -70.98 16.85
14 80.16 -4.49
15 22.40 -43.34
16 -45.70 86.28
17 8.34 -47.97
18 -17.28 -14.18
19 -15.92 -83.18
ACCEPTED_PROBABILITIES
0.00
0.17
0.15
0.24
0.19
0.19
0.22
0.22
0.25
0.17
0.16
0.15
0.21
0.24
0.24
0.19
0.22
0.23
0.21
OUTSOURCING_COSTS
0.00
15.28
19.25
1.48
11.66
11.80
5.28
5.49
0.19
16.85
18.32
19.25
8.77
2.51
0.97
11.35
6.42
4.19
7.63
