NAME : sz-17-prob_type-uniform-prob-0.40-fee_type-direct_prob
TYPE : TSP
DIMENSION : 17
EDGE_WEIGHT_TYPE : EUC_2D
NODE_COORD_SECTION
1 0.00 0.00
2 81.42 42.57
3 40.34 -90.13
4 75.05 23.82
5 -61.61 -16.34
6 17.86 8.66
7 -69.08 -2.40
8 -41.19 16.50
9 -53.91 55.14
10 9.53 43.95
11 -36.05 -4.65
12 -74.28 37.59
13 91.50 31.86
14 -67.47 66.45
15 -22.27 90.46
16 -69.41 41.01
17 -66.89 -8.20
ACCEPTED_PROBABILITIES
0.00
0.38
0.36
0.45
0.39
0.38
0.37
0.39
0.40
0.43
0.38
0.35
0.35
0.41
0.40
0.41
0.44
OUTSOURCING_COSTS
0.00
5.38
1.35
18.56
8.35
5.74
3.03
7.74
10.33
15.93
6.04
0.19
0.42
11.92
8.51
10.90
16.74
