NAME : sz-15-prob_type-uniform-prob-0.40-fee_type-inverse_prob-fee-3.3
TYPE : TSP
DIMENSION : 15
EDGE_WEIGHT_TYPE : EUC_2D
NODE_COORD_SECTION
1 0.00 0.00
2 -10.56 -44.17
3 76.98 22.13
4 -43.14 -76.52
5 32.75 26.30
6 -5.14 -86.37
7 39.10 56.62
8 -63.85 68.79
9 -7.28 11.98
10 -51.01 -36.70
11 73.19 -13.15
12 74.60 54.96
13 37.68 40.10
14 -65.08 -11.13
15 28.36 63.82
ACCEPTED_PROBABILITIES
0.00
0.40
0.43
0.36
0.42
0.36
0.39
0.39
0.39
0.36
0.36
0.44
0.41
0.37
0.37
OUTSOURCING_COSTS
0.00
10.63
2.90
22.51
5.94
23.34
15.84
13.64
14.91
23.34
23.34
0.24
9.76
21.23
19.72
