NAME : sz-16-prob_type-uniform-prob-0.40-fee_type-direct_prob-fee-2.7
TYPE : TSP
DIMENSION : 16
EDGE_WEIGHT_TYPE : EUC_2D
NODE_COORD_SECTION
1 0.00 0.00
2 43.40 -17.76
3 71.92 -0.81
4 -39.32 -53.19
5 59.87 50.40
6 26.77 64.20
7 -79.50 48.96
8 52.04 14.79
9 74.47 8.72
10 45.78 -70.63
11 2.46 36.60
12 1.41 70.18
13 -56.37 70.76
14 48.77 61.37
15 48.30 -70.66
16 -46.13 20.35
ACCEPTED_PROBABILITIES
0.00
0.41
0.41
0.43
0.41
0.36
0.36
0.43
0.42
0.42
0.42
0.37
0.36
0.38
0.38
0.39
OUTSOURCING_COSTS
0.00
13.27
11.69
17.82
12.41
0.18
0.18
17.22
16.50
14.33
15.97
2.31
0.74
6.58
6.53
7.53
