NAME : sz-17-prob_type-uniform-prob-0.40-fee_type-direct_prob-fee-2.8
TYPE : TSP
DIMENSION : 17
EDGE_WEIGHT_TYPE : EUC_2D
NODE_COORD_SECTION
1 0.00 0.00
2 -92.03 16.29
3 24.46 -79.68
4 -28.28 82.14
5 -52.20 -2.54
6 -53.23 -76.34
7 -21.77 66.49
8 -4.21 13.25
9 -58.34 18.48
10 -40.02 -55.51
11 -68.68 -20.57
12 3.99 18.71
13 88.17 17.09
14 -23.29 37.36
15 -57.75 26.06
16 -18.75 72.82
17 -64.91 6.47
ACCEPTED_PROBABILITIES
0.00
0.37
0.37
0.43
0.35
0.40
0.43
0.37
0.42
0.35
0.41
0.36
0.41
0.39
0.43
0.45
0.37
OUTSOURCING_COSTS
0.00
2.82
2.58
14.77
0.18
8.05
14.93
2.74
11.44
0.18
10.71
1.49
10.04
7.70
13.98
17.32
2.62
