NAME : sz-19-prob_type-uniform-prob-0.20-fee_type-inverse_prob-fee-2.6
TYPE : TSP
DIMENSION : 19
EDGE_WEIGHT_TYPE : EUC_2D
NODE_COORD_SECTION
1 0.00 0.00
2 93.35 -8.77
3 93.74 -25.83
4 -22.89 26.21
5 27.96 -22.24
6 0.74 -62.14
7 -75.72 55.77
8 63.49 -65.48
9 53.03 -7.47
10 -53.38 -53.76
11 -49.95 48.96
12 -7.32 -95.24
13 40.98 77.81
14 -74.82 35.92
15 -72.04 29.38
16 60.36 48.99
17 33.64 -51.34
18 26.24 67.04
19 28.44 39.08
ACCEPTED_PROBABILITIES
0.00
0.23
0.22
0.19
0.18
0.18
0.17
0.21
0.21
0.20
0.20
0.16
0.22
0.16
0.17
0.19
0.23
0.24
0.20
OUTSOURCING_COSTS
0.00
1.81
4.00
8.64
9.59
11.21
12.50
5.15
5.94
6.32
6.65
14.30
3.71
13.24
11.77
7.85
1.10
0.14
7.11
