NAME : sz-17-prob_type-uniform-prob-0.15-fee_type-inverse_prob
TYPE : TSP
DIMENSION : 17
EDGE_WEIGHT_TYPE : EUC_2D
NODE_COORD_SECTION
1 0.00 0.00
2 -55.86 7.98
3 23.63 -40.34
4 -53.00 83.16
5 25.05 52.56
6 13.83 56.47
7 -63.69 -42.18
8 64.30 7.61
9 97.53 2.70
10 38.82 66.45
11 -64.11 63.04
12 -77.96 32.84
13 68.57 -50.33
14 -50.50 71.63
15 76.40 11.75
16 29.61 -52.91
17 48.36 15.23
ACCEPTED_PROBABILITIES
0.00
0.18
0.16
0.16
0.16
0.12
0.14
0.17
0.12
0.16
0.19
0.17
0.15
0.17
0.16
0.11
0.18
OUTSOURCING_COSTS
0.00
2.39
6.47
6.14
7.90
16.80
11.39
4.21
16.76
5.58
0.19
4.88
8.60
3.87
5.95
18.56
2.99
