NAME : sz-21-prob_type-direct_dist-prob-0.25-fee_type-inverse_prob-fee-2.5
TYPE : TSP
DIMENSION : 21
EDGE_WEIGHT_TYPE : EUC_2D
NODE_COORD_SECTION
1 0.00 0.00
2 -62.09 33.25
3 -22.72 -83.79
4 -58.99 -25.47
5 -33.21 43.85
6 -26.89 -2.88
7 -77.18 -3.20
8 28.35 -69.75
9 50.82 -15.31
10 -8.79 88.99
11 44.38 -12.33
12 -11.77 25.77
13 49.13 77.31
14 37.12 -62.93
15 94.37 -17.86
16 -40.00 -1.76
17 -31.72 -58.45
18 -20.51 51.08
19 -72.24 -6.06
20 -27.87 15.47
21 41.41 -52.72
ACCEPTED_PROBABILITIES
0.00
0.31
0.36
0.16
0.37
0.25
0.12
0.24
0.16
0.43
0.36
0.20
0.21
0.33
0.05
0.19
0.24
0.33
0.34
0.27
0.37
OUTSOURCING_COSTS
0.00
3.83
2.33
8.79
2.14
6.03
10.31
6.25
9.05
0.12
2.21
7.61
7.40
3.48
12.38
7.91
6.43
3.31
2.85
5.25
1.91
