NAME : sz-21-prob_type-uniform-prob-0.35-fee_type-direct_prob-fee-3.4
TYPE : TSP
DIMENSION : 21
EDGE_WEIGHT_TYPE : EUC_2D
NODE_COORD_SECTION
1 0.00 0.00
2 21.15 -26.72
3 -25.42 27.03
4 15.82 -58.44
5 -50.80 -52.77
6 -24.79 -81.99
7 -18.98 46.57
8 3.18 89.30
9 43.95 -43.78
10 -46.89 -35.28
11 71.02 -70.14
12 0.87 -1.43
13 36.96 80.96
14 -0.44 5.01
15 -80.73 -24.61
16 75.84 51.39
17 -49.17 -49.83
18 -85.51 -11.48
19 -46.14 79.58
20 -7.98 36.43
21 48.18 63.91
ACCEPTED_PROBABILITIES
0.00
0.39
0.34
0.35
0.33
0.38
0.33
0.31
0.37
0.35
0.39
0.33
0.33
0.35
0.35
0.34
0.32
0.36
0.33
0.37
0.33
OUTSOURCING_COSTS
0.00
16.83
7.46
8.46
4.35
14.93
5.20
0.17
12.82
7.77
16.04
5.12
4.69
9.35
7.77
6.18
1.60
11.37
4.97
13.86
4.65
