NAME : sz-20-prob_type-uniform-prob-0.40-fee_type-inverse_prob-fee-3.1
TYPE : TSP
DIMENSION : 20
EDGE_WEIGHT_TYPE : EUC_2D
NODE_COORD_SECTION
1 0.00 0.00
2 -87.25 -20.91
3 -3.36 49.77
4 56.09 62.77
5 -46.17 62.41
6 -16.68 -58.22
7 4.57 8.80
8 30.74 44.18
9 -78.52 16.99
10 -96.46 -19.47
11 9.77 -74.05
12 79.16 20.10
13 28.74 -62.60
14 -41.29 -52.94
15 82.65 0.41
16 -25.42 31.44
17 -38.74 -27.47
18 37.11 16.64
19 38.89 -73.12
20 -14.26 75.60
ACCEPTED_PROBABILITIES
0.00
0.37
0.36
0.38
0.44
0.39
0.42
0.42
0.35
0.40
0.44
0.36
0.38
0.44
0.41
0.37
0.37
0.40
0.39
0.37
OUTSOURCING_COSTS
0.00
13.83
14.48
11.06
0.16
8.73
3.63
4.61
16.15
7.91
1.10
14.65
12.12
0.59
6.91
12.69
12.80
8.69
9.74
13.70
