NAME : sz-20-prob_type-uniform-prob-0.05-fee_type-direct_prob-fee-3.2
TYPE : TSP
DIMENSION : 20
EDGE_WEIGHT_TYPE : EUC_2D
NODE_COORD_SECTION
1 0.00 0.00
2 7.63 -78.84
3 -50.06 9.76
4 -40.93 56.24
5 -23.85 -17.69
6 -20.63 7.28
7 63.54 -9.03
8 -25.22 -41.30
9 46.70 -36.81
10 41.72 49.32
11 56.49 70.77
12 -33.85 27.31
13 40.46 43.29
14 58.21 74.12
15 -44.01 -61.42
16 -51.16 -16.04
17 -54.14 69.87
18 -60.17 51.42
19 24.10 -55.34
20 -41.32 -69.16
ACCEPTED_PROBABILITIES
0.00
0.01
0.09
0.03
0.01
0.04
0.09
0.01
0.05
0.01
0.09
0.00
0.03
0.02
0.06
0.09
0.01
0.09
0.09
0.09
OUTSOURCING_COSTS
0.00
0.83
16.25
5.04
2.27
6.71
15.69
1.48
9.57
1.78
15.85
0.17
5.76
3.89
10.62
16.67
1.29
15.86
15.26
15.60
