NAME : sz-20-prob_type-uniform-prob-0.25-fee_type-direct_prob-fee-2.7
TYPE : TSP
DIMENSION : 20
EDGE_WEIGHT_TYPE : EUC_2D
NODE_COORD_SECTION
1 0.00 0.00
2 49.74 -37.28
3 -42.62 46.39
4 -71.46 -30.74
5 -86.21 -14.25
6 21.15 -76.23
7 75.78 -19.40
8 -23.06 -21.44
9 -86.14 -26.69
10 -21.50 44.08
11 -33.96 17.49
12 33.32 42.71
13 -7.39 -41.96
14 -12.94 -24.69
15 -34.01 -37.41
16 -18.95 -7.64
17 87.78 -37.72
18 -15.80 72.05
19 -34.42 -9.95
20 -8.97 -56.87
ACCEPTED_PROBABILITIES
0.00
0.20
0.28
0.21
0.26
0.29
0.30
0.26
0.23
0.28
0.23
0.30
0.25
0.23
0.23
0.29
0.26
0.26
0.26
0.24
OUTSOURCING_COSTS
0.00
0.14
11.98
0.70
7.97
13.32
14.07
8.61
4.68
11.00
4.42
14.07
6.52
4.29
3.36
13.12
8.83
8.71
9.05
5.82
