NAME : sz-20-prob_type-uniform-prob-0.55-fee_type-inverse_prob-fee-3.3
TYPE : TSP
DIMENSION : 20
EDGE_WEIGHT_TYPE : EUC_2D
NODE_COORD_SECTION
1 0.00 0.00
2 31.33 25.44
3 -10.03 58.83
4 98.36 -16.05
5 -29.69 4.04
6 26.95 -40.73
7 -94.30 16.27
8 -8.20 93.27
9 -10.12 86.80
10 68.14 -63.86
11 -23.93 77.86
12 58.85 13.47
13 -32.74 75.20
14 6.80 41.88
15 91.84 3.29
16 96.65 2.84
17 3.91 77.64
18 68.44 -48.28
19 75.38 1.46
20 9.04 71.75
ACCEPTED_PROBABILITIES
0.00
0.58
0.53
0.56
0.58
0.60
0.56
0.54
0.55
0.57
0.54
0.60
0.57
0.54
0.58
0.57
0.59
0.52
0.56
0.58
OUTSOURCING_COSTS
0.00
4.71
15.20
8.32
4.04
0.17
9.33
13.27
10.88
7.37
14.08
0.76
7.37
12.22
5.29
6.09
0.99
17.19
8.85
5.27
