NAME : sz-21-prob_type-uniform-prob-0.35-fee_type-inverse_prob-fee-2.5
TYPE : TSP
DIMENSION : 21
EDGE_WEIGHT_TYPE : EUC_2D
NODE_COORD_SECTION
1 0.00 0.00
2 10.56 -29.08
3 -34.16 9.62
4 -59.64 10.43
5 -55.23 -45.67
6 5.84 -13.94
7 -50.58 33.29
8 15.68 -41.61
9 -46.94 24.95
10 -22.35 82.28
11 -6.03 54.68
12 75.78 14.93
13 -45.70 -29.61
14 -51.47 18.87
15 18.82 -37.56
16 81.78 18.61
17 -30.37 75.70
18 -42.22 -90.22
19 52.97 72.21
20 -10.61 -57.84
21 51.61 75.23
ACCEPTED_PROBABILITIES
0.00
0.38
0.32
0.33
0.34
0.31
0.39
0.38
0.37
0.39
0.36
0.34
0.37
0.31
0.32
0.39
0.32
0.38
0.38
0.34
0.32
OUTSOURCING_COSTS
0.00
2.63
12.15
10.52
9.08
12.38
0.12
1.92
3.69
0.12
4.77
8.47
2.72
12.38
11.54
0.61
11.21
2.15
2.60
9.06
10.91
