NAME : sz-20-prob_type-uniform-prob-0.40-fee_type-inverse_prob-fee-2.8
TYPE : TSP
DIMENSION : 20
EDGE_WEIGHT_TYPE : EUC_2D
NODE_COORD_SECTION
1 0.00 0.00
2 79.45 -33.56
3 46.37 -16.63
4 -63.35 11.93
5 -34.58 35.64
6 23.88 -31.24
7 -78.17 -32.76
8 10.17 53.30
9 11.84 70.60
10 -24.69 -16.51
11 41.12 -24.74
12 -16.54 -83.38
13 -71.21 68.55
14 -78.75 -24.11
15 8.62 47.55
16 77.52 -46.36
17 -2.56 -93.60
18 -15.91 -24.01
19 -41.19 -88.50
20 -14.26 31.23
ACCEPTED_PROBABILITIES
0.00
0.42
0.38
0.39
0.40
0.44
0.41
0.41
0.39
0.37
0.37
0.36
0.41
0.44
0.39
0.38
0.41
0.41
0.35
0.42
OUTSOURCING_COSTS
0.00
3.35
11.02
7.94
7.87
0.15
5.65
5.14
8.69
12.66
12.78
13.68
5.73
0.60
9.48
10.29
5.52
5.40
14.59
4.65
