NAME : sz-20-prob_type-uniform-prob-0.35-fee_type-direct_prob-fee-3.3
TYPE : TSP
DIMENSION : 20
EDGE_WEIGHT_TYPE : EUC_2D
NODE_COORD_SECTION
1 0.00 0.00
2 28.30 19.55
3 -81.47 -1.12
4 37.87 79.01
5 77.47 -41.94
6 31.41 89.98
7 73.89 -14.34
8 -69.60 -18.62
9 28.36 56.25
10 49.76 -54.78
11 -27.28 82.27
12 4.23 -10.65
13 -14.28 -30.63
14 48.91 56.61
15 -45.72 65.11
16 -74.12 -8.93
17 -24.82 -41.79
18 16.03 82.23
19 59.20 -20.82
20 78.30 32.92
ACCEPTED_PROBABILITIES
0.00
0.40
0.34
0.37
0.30
0.38
0.31
0.31
0.39
0.39
0.39
0.40
0.37
0.32
0.30
0.31
0.37
0.30
0.32
0.35
OUTSOURCING_COSTS
0.00
17.19
7.31
11.34
0.27
13.04
2.47
1.41
16.23
16.29
16.05
17.19
11.71
4.01
0.17
1.22
12.31
0.78
3.25
8.52
