NAME : sz-21-prob_type-uniform-prob-0.20-fee_type-direct_prob-fee-2.6
TYPE : TSP
DIMENSION : 21
EDGE_WEIGHT_TYPE : EUC_2D
NODE_COORD_SECTION
1 0.00 0.00
2 -65.17 1.21
3 51.88 -76.84
4 65.20 -71.33
5 43.28 -56.04
6 6.65 -3.95
7 70.29 -33.35
8 62.95 -17.71
9 -75.33 60.99
10 20.02 -76.20
11 73.24 55.51
12 -7.03 13.72
13 -11.58 85.19
14 -18.41 15.79
15 76.36 21.12
16 95.10 13.82
17 -75.76 38.95
18 -7.10 -24.42
19 13.53 53.08
20 0.60 -16.90
21 -19.99 -6.08
ACCEPTED_PROBABILITIES
0.00
0.19
0.24
0.21
0.21
0.22
0.15
0.21
0.16
0.24
0.20
0.22
0.17
0.20
0.20
0.21
0.23
0.21
0.21
0.19
0.23
OUTSOURCING_COSTS
0.00
5.83
12.15
8.75
8.14
9.89
0.13
8.76
0.13
12.87
6.02
9.60
2.14
7.19
7.46
7.62
11.60
7.67
8.14
5.44
11.28
