NAME : sz-21-prob_type-uniform-prob-0.35-fee_type-direct_prob-fee-2.5
TYPE : TSP
DIMENSION : 21
EDGE_WEIGHT_TYPE : EUC_2D
NODE_COORD_SECTION
1 0.00 0.00
2 17.89 87.23
3 53.01 -34.35
4 -23.92 -48.36
5 15.90 -42.42
6 38.94 2.42
7 46.94 13.02
8 20.95 -35.82
9 29.92 12.49
10 64.62 17.92
11 36.04 82.83
12 -51.07 -49.59
13 45.56 -59.32
14 1.66 -82.77
15 19.25 11.62
16 3.67 39.55
17 -2.52 -68.96
18 -21.03 8.98
19 70.10 13.34
20 18.82 13.22
21 -53.81 68.78
ACCEPTED_PROBABILITIES
0.00
0.36
0.36
0.37
0.34
0.39
0.38
0.31
0.36
0.33
0.34
0.38
0.39
0.31
0.36
0.36
0.34
0.36
0.34
0.38
0.39
OUTSOURCING_COSTS
0.00
8.38
8.17
9.19
4.83
12.38
10.37
0.89
7.89
3.33
5.10
10.72
11.69
0.12
7.46
8.10
5.35
8.20
4.57
9.99
11.75
