NAME : sz-21-prob_type-uniform-prob-0.20-fee_type-direct_prob-fee-3.5
TYPE : TSP
DIMENSION : 21
EDGE_WEIGHT_TYPE : EUC_2D
NODE_COORD_SECTION
1 0.00 0.00
2 34.90 57.58
3 -41.12 -26.37
4 -16.47 26.66
5 15.92 8.74
6 -32.65 -50.83
7 64.21 -38.95
8 60.42 13.42
9 17.73 28.10
10 -70.56 -58.50
11 -12.35 7.65
12 -44.55 0.53
13 46.60 -3.53
14 8.51 -91.95
15 -72.42 -41.52
16 -49.33 63.01
17 69.07 63.95
18 53.02 -49.80
19 3.92 46.72
20 12.52 -33.13
21 35.15 27.56
ACCEPTED_PROBABILITIES
0.00
0.21
0.22
0.18
0.16
0.24
0.18
0.16
0.18
0.19
0.20
0.23
0.15
0.20
0.25
0.20
0.15
0.16
0.18
0.24
0.24
OUTSOURCING_COSTS
0.00
11.36
11.99
6.03
1.60
15.46
5.90
2.12
5.18
7.68
9.06
14.31
0.23
9.04
17.32
8.96
0.18
1.09
4.53
16.72
15.49
