NAME : sz-21-prob_type-direct_dist-prob-0.25-fee_type-inverse_prob-fee-3.1
TYPE : TSP
DIMENSION : 21
EDGE_WEIGHT_TYPE : EUC_2D
NODE_COORD_SECTION
1 0.00 0.00
2 -37.03 2.07
3 -78.41 0.32
4 -25.75 51.24
5 -3.26 -53.43
6 -59.56 11.45
7 7.58 -47.47
8 -59.37 -16.79
9 -47.75 75.03
10 63.57 37.66
11 -87.41 13.46
12 -37.22 -46.91
13 -25.87 14.97
14 -28.81 -64.31
15 87.89 2.44
16 23.37 -40.43
17 -3.42 53.75
18 46.81 -80.34
19 -19.83 46.30
20 79.09 10.41
21 -69.87 11.73
ACCEPTED_PROBABILITIES
0.00
0.22
0.41
0.20
0.12
0.31
0.26
0.18
0.23
0.28
0.46
0.14
0.28
0.08
0.25
0.34
0.32
0.12
0.16
0.39
0.08
OUTSOURCING_COSTS
0.00
9.57
1.86
10.37
13.59
5.97
7.91
11.43
9.26
7.07
0.16
12.74
7.02
15.34
8.29
4.69
5.79
13.60
11.94
2.73
15.33
