NAME : sz-20-prob_type-uniform-prob-0.50-fee_type-inverse_prob-fee-3.3
TYPE : TSP
DIMENSION : 20
EDGE_WEIGHT_TYPE : EUC_2D
NODE_COORD_SECTION
1 0.00 0.00
2 -57.63 80.37
3 -33.34 44.88
4 -15.86 -41.67
5 9.44 64.17
6 4.41 17.87
7 -56.39 27.44
8 -24.57 61.95
9 27.26 -67.07
10 5.74 -12.62
11 -20.28 78.88
12 34.40 6.68
13 31.91 -7.56
14 -98.41 2.42
15 40.24 70.15
16 73.12 62.75
17 -19.79 25.14
18 -30.51 64.99
19 -59.31 40.14
20 -93.97 25.44
ACCEPTED_PROBABILITIES
0.00
0.54
0.47
0.52
0.48
0.49
0.52
0.54
0.49
0.55
0.48
0.50
0.51
0.46
0.52
0.54
0.46
0.46
0.54
0.54
OUTSOURCING_COSTS
0.00
0.61
15.37
4.32
12.88
10.62
4.53
0.84
10.82
0.17
13.13
9.78
6.54
15.70
5.82
1.61
17.19
15.75
1.65
1.32
