NAME : sz-20-prob_type-uniform-prob-0.60-fee_type-inverse_prob-fee-2.8
TYPE : TSP
DIMENSION : 20
EDGE_WEIGHT_TYPE : EUC_2D
NODE_COORD_SECTION
1 0.00 0.00
2 -37.17 -1.16
3 -59.10 75.55
4 -52.07 28.89
5 -91.55 37.93
6 2.18 1.87
7 -19.62 -10.12
8 0.90 86.38
9 4.62 3.04
10 68.90 34.03
11 74.70 15.02
12 -97.54 2.34
13 12.89 -86.64
14 -74.61 62.91
15 -41.19 87.31
16 6.42 -46.66
17 -27.86 -17.98
18 43.29 -15.45
19 -67.29 -38.71
20 -26.08 -19.31
ACCEPTED_PROBABILITIES
0.00
0.57
0.60
0.65
0.59
0.60
0.62
0.65
0.57
0.58
0.63
0.56
0.63
0.61
0.60
0.61
0.60
0.64
0.64
0.57
OUTSOURCING_COSTS
0.00
14.12
8.32
0.15
10.64
7.47
4.49
0.15
13.88
11.51
3.66
14.59
3.61
6.84
8.94
7.03
7.80
2.04
0.99
13.33
