NAME : sz-20-prob_type-uniform-prob-0.55-fee_type-direct_prob-fee-2.5
TYPE : TSP
DIMENSION : 20
EDGE_WEIGHT_TYPE : EUC_2D
NODE_COORD_SECTION
1 0.00 0.00
2 -15.55 -49.41
3 1.09 39.41
4 -16.63 93.03
5 -93.59 -5.56
6 -62.43 21.77
7 -61.94 -45.37
8 -42.10 45.10
9 -58.71 65.51
10 17.22 -12.65
11 -17.95 23.14
12 -52.28 -32.33
13 -43.26 -47.49
14 43.90 -78.30
15 -80.90 -25.83
16 -5.37 79.06
17 20.54 92.65
18 2.62 36.65
19 -82.00 -2.63
20 31.34 -75.73
ACCEPTED_PROBABILITIES
0.00
0.56
0.60
0.53
0.53
0.59
0.54
0.60
0.55
0.57
0.54
0.60
0.57
0.51
0.51
0.53
0.58
0.52
0.54
0.55
OUTSOURCING_COSTS
0.00
7.81
12.69
2.39
2.50
11.30
4.37
13.03
5.43
8.89
3.67
13.03
9.12
0.21
0.13
2.07
9.95
1.01
4.54
6.10
