NAME : sz-20-prob_type-uniform-prob-0.35-fee_type-inverse_prob-fee-2.6
TYPE : TSP
DIMENSION : 20
EDGE_WEIGHT_TYPE : EUC_2D
NODE_COORD_SECTION
1 0.00 0.00
2 -40.30 1.76
3 -14.92 76.92
4 70.52 -55.96
5 39.91 -12.20
6 -3.09 -13.84
7 -48.08 -72.52
8 -34.55 91.43
9 -43.47 48.79
10 -32.02 -93.78
11 -34.58 79.38
12 -22.46 -52.81
13 82.45 -37.30
14 57.81 21.83
15 51.21 -75.72
16 -87.55 -14.22
17 -62.94 38.66
18 83.82 -8.52
19 -79.61 26.94
20 -69.93 -19.38
ACCEPTED_PROBABILITIES
0.00
0.38
0.31
0.30
0.32
0.33
0.36
0.40
0.34
0.33
0.39
0.30
0.37
0.34
0.36
0.36
0.38
0.39
0.33
0.37
OUTSOURCING_COSTS
0.00
1.71
12.22
13.55
11.02
9.47
5.32
0.14
7.48
8.87
0.48
13.55
3.46
8.70
5.13
5.57
2.74
0.99
10.12
3.35
