NAME : sz-20-prob_type-uniform-prob-0.25-fee_type-direct_prob-fee-3.3
TYPE : TSP
DIMENSION : 20
EDGE_WEIGHT_TYPE : EUC_2D
NODE_COORD_SECTION
1 0.00 0.00
2 19.22 44.68
3 -17.88 54.93
4 -50.43 52.96
5 63.92 -22.99
6 58.69 57.47
7 -36.42 6.42
8 40.87 -5.18
9 68.81 32.60
10 -86.26 49.50
11 56.01 -16.67
12 70.72 36.86
13 31.54 86.06
14 -37.75 23.20
15 -13.38 -89.45
16 -48.96 -55.06
17 68.21 -40.19
18 11.95 29.25
19 -37.45 4.05
20 42.94 15.01
ACCEPTED_PROBABILITIES
0.00
0.30
0.25
0.30
0.26
0.24
0.30
0.26
0.29
0.25
0.30
0.24
0.27
0.29
0.22
0.29
0.29
0.25
0.24
0.28
OUTSOURCING_COSTS
0.00
16.78
7.62
17.19
9.79
5.10
17.08
9.64
16.58
6.60
16.73
4.06
10.99
14.76
0.17
16.12
16.49
7.82
5.92
13.63
