NAME : sz-20-prob_type-uniform-prob-0.45-fee_type-inverse_prob-fee-3.3
TYPE : TSP
DIMENSION : 20
EDGE_WEIGHT_TYPE : EUC_2D
NODE_COORD_SECTION
1 0.00 0.00
2 -26.43 -67.46
3 -38.90 -10.81
4 -29.90 76.20
5 -91.75 17.49
6 53.81 21.77
7 -12.10 10.96
8 82.60 -21.75
9 -34.70 67.97
10 -44.91 45.13
11 40.82 -63.08
12 -85.31 -48.22
13 38.15 63.37
14 55.76 -0.84
15 -2.94 51.74
16 86.41 -47.15
17 -69.15 39.01
18 9.90 5.56
19 53.88 20.39
20 -58.47 -6.27
ACCEPTED_PROBABILITIES
0.00
0.49
0.44
0.45
0.43
0.49
0.50
0.43
0.45
0.48
0.45
0.43
0.48
0.42
0.44
0.42
0.46
0.43
0.49
0.42
OUTSOURCING_COSTS
0.00
2.00
12.33
10.45
15.45
2.24
0.17
15.66
10.17
4.11
11.13
14.59
2.89
17.19
12.87
17.19
7.70
15.38
0.98
15.81
