NAME : sz-21-prob_type-uniform-prob-0.25-fee_type-inverse_prob-fee-2.7
TYPE : TSP
DIMENSION : 21
EDGE_WEIGHT_TYPE : EUC_2D
NODE_COORD_SECTION
1 0.00 0.00
2 -85.99 12.54
3 14.48 -20.49
4 48.52 -46.47
5 -14.87 48.47
6 -79.39 45.91
7 -26.88 -93.27
8 37.10 -37.43
9 -70.73 22.99
10 -12.14 4.87
11 -75.17 31.99
12 -13.52 84.74
13 38.13 5.99
14 62.01 60.84
15 40.62 11.19
16 99.08 -10.29
17 11.88 69.29
18 -24.83 95.93
19 -5.27 34.25
20 16.17 -86.41
21 -67.41 -7.96
ACCEPTED_PROBABILITIES
0.00
0.29
0.21
0.30
0.21
0.26
0.27
0.27
0.21
0.29
0.22
0.28
0.27
0.23
0.27
0.22
0.24
0.22
0.25
0.24
0.26
OUTSOURCING_COSTS
0.00
0.88
13.36
0.14
13.36
5.22
4.58
3.65
13.17
0.31
12.09
2.88
3.70
10.73
4.21
12.12
8.03
11.00
7.19
8.69
4.93
