NAME : sz-21-prob_type-uniform-prob-0.10-fee_type-direct_prob-fee-3.3
TYPE : TSP
DIMENSION : 21
EDGE_WEIGHT_TYPE : EUC_2D
NODE_COORD_SECTION
1 0.00 0.00
2 -2.74 -15.20
3 -3.51 63.70
4 -11.00 49.35
5 41.62 63.64
6 -4.12 -22.66
7 -97.68 6.15
8 -88.34 -9.47
9 -55.67 3.91
10 -25.79 5.75
11 -36.03 -32.54
12 67.52 -40.97
13 81.34 -17.31
14 -70.47 -57.72
15 15.24 -44.16
16 -10.80 42.03
17 -15.48 -53.50
18 -35.87 -57.86
19 5.38 -29.54
20 -44.28 -87.07
21 -60.29 -64.66
ACCEPTED_PROBABILITIES
0.00
0.07
0.05
0.07
0.12
0.09
0.10
0.06
0.10
0.08
0.11
0.08
0.12
0.11
0.13
0.06
0.10
0.08
0.06
0.15
0.13
OUTSOURCING_COSTS
0.00
2.16
0.16
3.59
12.35
5.95
7.56
1.79
8.17
4.13
10.02
4.18
11.68
10.47
13.99
1.01
8.65
5.01
1.97
16.34
13.36
