NAME : sz-21-prob_type-direct_dist-prob-0.50-fee_type-direct_prob-fee-2.7
TYPE : TSP
DIMENSION : 21
EDGE_WEIGHT_TYPE : EUC_2D
NODE_COORD_SECTION
1 0.00 0.00
2 51.09 75.51
3 -34.00 88.46
4 -16.71 60.89
5 -81.81 46.93
6 21.95 15.89
7 52.78 1.11
8 -46.42 -24.76
9 -15.51 -90.25
10 36.23 32.62
11 70.36 -37.26
12 -74.02 13.39
13 43.55 -52.28
14 -36.01 -90.40
15 -8.37 -51.57
16 37.84 -38.80
17 10.48 90.60
18 65.74 9.70
19 -25.52 3.66
20 67.85 -12.89
21 16.69 -33.59
ACCEPTED_PROBABILITIES
0.00
0.38
0.42
0.45
0.61
0.57
0.63
0.45
0.59
0.43
0.57
0.63
0.38
0.52
0.43
0.55
0.62
0.41
0.48
0.66
0.57
OUTSOURCING_COSTS
0.00
0.14
2.05
3.45
10.81
8.95
11.83
3.67
9.98
2.56
9.07
11.77
0.29
6.59
2.68
8.13
11.34
1.48
4.71
13.36
9.03
