NAME : sz-20-prob_type-uniform-prob-0.20-fee_type-direct_prob-fee-2.6
TYPE : TSP
DIMENSION : 20
EDGE_WEIGHT_TYPE : EUC_2D
NODE_COORD_SECTION
1 0.00 0.00
2 29.11 -63.67
3 -38.51 -18.20
4 68.34 7.14
5 -48.84 23.00
6 3.69 22.97
7 96.63 -16.50
8 -30.02 1.29
9 -42.43 28.80
10 76.59 -31.55
11 -24.35 -38.37
12 21.49 -40.15
13 -51.94 11.71
14 -69.55 -32.42
15 -62.60 -41.66
16 -54.59 -29.81
17 16.85 -5.47
18 -3.19 92.69
19 -34.96 39.20
20 -50.69 49.53
ACCEPTED_PROBABILITIES
0.00
0.20
0.19
0.18
0.21
0.21
0.22
0.18
0.22
0.23
0.24
0.19
0.21
0.22
0.21
0.21
0.22
0.17
0.19
0.16
OUTSOURCING_COSTS
0.00
7.30
4.02
2.60
9.07
7.75
10.01
3.15
10.53
12.20
13.55
4.60
7.89
10.05
8.43
7.94
10.62
0.85
3.95
0.14
