NAME : sz-21-prob_type-uniform-prob-0.10-fee_type-inverse_prob-fee-3.5
TYPE : TSP
DIMENSION : 21
EDGE_WEIGHT_TYPE : EUC_2D
NODE_COORD_SECTION
1 0.00 0.00
2 -11.44 30.59
3 -46.61 -78.98
4 -39.01 -45.53
5 -62.74 59.18
6 -32.70 9.22
7 -94.67 -7.76
8 56.28 48.51
9 72.53 20.75
10 87.17 -20.29
11 -18.41 85.36
12 -6.31 48.25
13 24.55 27.14
14 -28.40 -33.73
15 -32.89 -29.95
16 -16.12 5.50
17 26.43 -46.50
18 -24.54 -62.76
19 -40.69 -46.10
20 0.72 19.04
21 68.34 -13.61
ACCEPTED_PROBABILITIES
0.00
0.12
0.07
0.12
0.05
0.07
0.09
0.08
0.08
0.11
0.06
0.07
0.09
0.05
0.15
0.11
0.14
0.11
0.06
0.08
0.06
OUTSOURCING_COSTS
0.00
5.68
13.22
4.82
17.28
13.28
9.50
13.01
12.00
6.41
15.05
13.95
9.56
17.32
0.18
7.11
0.74
6.94
16.68
12.40
16.47
