NAME : sz-21-prob_type-uniform-prob-0.60-fee_type-inverse_prob-fee-2.7
TYPE : TSP
DIMENSION : 21
EDGE_WEIGHT_TYPE : EUC_2D
NODE_COORD_SECTION
1 0.00 0.00
2 -30.59 61.85
3 -18.07 -61.77
4 72.06 -54.15
5 -63.78 62.46
6 81.45 55.05
7 -27.06 49.28
8 38.10 77.22
9 -10.48 -81.47
10 -7.76 -19.64
11 -53.93 -58.24
12 -56.22 49.44
13 -25.96 -58.06
14 -30.30 66.16
15 -30.41 -36.10
16 70.92 53.12
17 -55.18 77.30
18 13.77 94.19
19 -73.75 -57.43
20 -28.37 -74.93
21 43.73 -29.00
ACCEPTED_PROBABILITIES
0.00
0.62
0.62
0.64
0.56
0.61
0.64
0.59
0.64
0.62
0.58
0.56
0.63
0.65
0.57
0.60
0.60
0.58
0.60
0.63
0.63
OUTSOURCING_COSTS
0.00
3.89
3.08
0.24
12.55
4.77
0.69
7.95
0.57
4.21
10.26
13.36
2.19
0.14
11.11
7.08
6.91
10.20
6.60
3.01
2.86
