NAME : sz-21-prob_type-direct_dist-prob-0.50-fee_type-direct_prob-fee-2.8
TYPE : TSP
DIMENSION : 21
EDGE_WEIGHT_TYPE : EUC_2D
NODE_COORD_SECTION
1 0.00 0.00
2 35.26 -4.02
3 7.08 64.83
4 -23.56 -46.42
5 -37.05 62.72
6 -61.92 62.12
7 -7.47 52.14
8 13.37 -29.92
9 83.03 -41.46
10 56.85 16.82
11 -58.13 -9.90
12 -9.14 86.43
13 -3.67 8.36
14 -0.34 -90.42
15 39.42 20.00
16 59.20 71.37
17 12.64 54.84
18 35.43 26.21
19 -23.72 33.69
20 27.59 3.19
21 13.11 36.81
ACCEPTED_PROBABILITIES
0.00
0.43
0.58
0.54
0.43
0.39
0.49
0.43
0.71
0.54
0.46
0.30
0.48
0.44
0.59
0.67
0.44
0.59
0.52
0.52
0.44
OUTSOURCING_COSTS
0.00
4.33
9.60
8.21
4.51
3.05
6.41
4.32
13.86
8.27
5.58
0.14
6.16
4.89
10.07
12.59
4.83
10.03
7.49
7.61
4.64
