NAME : sz-21-prob_type-uniform-prob-0.10-fee_type-inverse_prob
TYPE : TSP
DIMENSION : 21
EDGE_WEIGHT_TYPE : EUC_2D
NODE_COORD_SECTION
1 0.00 0.00
2 66.71 61.93
3 4.00 7.65
4 35.01 29.63
5 60.77 -14.23
6 67.13 51.76
7 13.00 61.94
8 -14.95 49.36
9 41.44 54.93
10 4.00 20.74
11 70.31 51.45
12 26.82 -10.75
13 43.31 84.61
14 -9.31 -15.40
15 52.00 32.06
16 -54.00 53.31
17 -25.49 68.50
18 51.74 71.60
19 -13.21 -71.92
20 -7.00 -50.39
21 61.78 15.67
ACCEPTED_PROBABILITIES
0.00
0.05
0.12
0.07
0.08
0.08
0.10
0.08
0.13
0.07
0.09
0.08
0.06
0.08
0.11
0.14
0.12
0.11
0.10
0.06
0.10
OUTSOURCING_COSTS
0.00
14.85
2.62
11.03
10.05
10.23
7.07
9.10
1.76
10.95
8.60
9.91
13.94
9.16
5.03
0.15
3.16
4.12
6.92
13.91
5.60
