NAME : sz-21-prob_type-uniform-prob-0.55-fee_type-inverse_prob
TYPE : TSP
DIMENSION : 21
EDGE_WEIGHT_TYPE : EUC_2D
NODE_COORD_SECTION
1 0.00 0.00
2 81.47 7.51
3 64.80 -56.49
4 15.59 -82.71
5 29.71 71.66
6 -45.70 24.55
7 -30.84 -1.06
8 1.61 -33.74
9 -29.34 -59.56
10 -75.55 32.86
11 -82.57 43.96
12 -39.17 80.87
13 33.59 -32.77
14 4.06 12.19
15 23.46 -72.96
16 -25.49 90.12
17 0.54 47.17
18 69.34 26.45
19 13.65 -35.00
20 -19.74 49.27
21 33.88 -50.08
ACCEPTED_PROBABILITIES
0.00
0.52
0.50
0.54
0.54
0.54
0.54
0.53
0.55
0.51
0.53
0.58
0.53
0.57
0.55
0.55
0.54
0.58
0.53
0.56
0.58
OUTSOURCING_COSTS
0.00
11.23
14.85
7.08
7.19
7.39
8.06
9.49
5.85
12.92
8.70
0.15
9.51
1.01
5.86
4.85
7.23
0.15
8.68
3.67
0.15
