NAME : sz-20-prob_type-inverse_dist-prob-0.50-fee_type-inverse_prob-fee-2.5
TYPE : TSP
DIMENSION : 20
EDGE_WEIGHT_TYPE : EUC_2D
NODE_COORD_SECTION
1 0.00 0.00
2 -41.26 37.71
3 94.74 -14.71
4 10.65 -16.65
5 -24.41 26.38
6 47.20 22.05
7 -25.55 -92.27
8 63.67 -23.32
9 36.38 36.86
10 -18.41 88.64
11 8.56 55.09
12 61.88 58.60
13 31.36 -82.69
14 35.13 -57.01
15 -36.76 -59.93
16 -15.45 -83.77
17 2.05 98.65
18 -39.19 -72.18
19 -79.66 -13.58
20 -1.45 5.97
ACCEPTED_PROBABILITIES
0.00
0.43
0.49
0.51
0.51
0.61
0.50
0.54
0.59
0.49
0.53
0.49
0.52
0.47
0.55
0.53
0.50
0.49
0.53
0.47
OUTSOURCING_COSTS
0.00
13.03
8.15
7.34
6.96
0.13
7.79
4.77
0.95
8.27
5.50
8.82
6.21
9.85
4.48
5.49
7.55
8.44
5.84
9.67
