NAME : sz-21-prob_type-uniform-prob-0.60-fee_type-direct_prob-fee-2.7
TYPE : TSP
DIMENSION : 21
EDGE_WEIGHT_TYPE : EUC_2D
NODE_COORD_SECTION
1 0.00 0.00
2 -56.53 -7.90
3 -86.12 40.25
4 5.25 -49.49
5 20.63 -25.23
6 -18.99 11.88
7 22.23 -38.54
8 -66.88 34.00
9 29.84 -65.88
10 -17.85 7.94
11 -33.66 -91.74
12 79.22 -43.47
13 64.80 -20.97
14 -36.65 -80.15
15 -8.19 91.07
16 94.74 9.35
17 -76.18 29.09
18 -75.21 -63.14
19 76.75 41.17
20 -6.15 -97.21
21 57.76 -18.33
ACCEPTED_PROBABILITIES
0.00
0.64
0.61
0.56
0.57
0.64
0.65
0.57
0.61
0.56
0.59
0.62
0.56
0.57
0.64
0.63
0.57
0.56
0.58
0.60
0.57
OUTSOURCING_COSTS
0.00
13.23
8.38
0.35
1.20
12.33
13.36
1.05
8.76
1.01
4.31
9.98
0.14
2.39
12.34
11.20
2.15
0.72
2.96
6.53
1.40
