NAME : sz-20-prob_type-direct_dist-prob-0.50-fee_type-inverse_prob-fee-2.8
TYPE : TSP
DIMENSION : 20
EDGE_WEIGHT_TYPE : EUC_2D
NODE_COORD_SECTION
1 0.00 0.00
2 18.27 -60.89
3 81.49 11.37
4 15.49 25.67
5 49.40 -55.25
6 -4.30 -22.40
7 -86.62 -38.39
8 8.16 95.43
9 58.20 42.07
10 -64.17 73.03
11 35.48 84.43
12 -65.02 33.79
13 -38.61 -70.43
14 60.95 59.40
15 4.00 -93.13
16 72.16 16.63
17 8.42 -44.47
18 -44.88 -37.91
19 91.28 -11.24
20 -72.81 -36.52
ACCEPTED_PROBABILITIES
0.00
0.40
0.53
0.51
0.68
0.55
0.38
0.48
0.46
0.54
0.36
0.47
0.56
0.53
0.50
0.42
0.45
0.43
0.54
0.34
OUTSOURCING_COSTS
0.00
12.00
6.56
7.21
0.15
5.47
12.97
8.73
9.55
5.93
13.80
8.98
5.29
6.56
7.87
11.18
9.77
10.85
5.93
14.59
