NAME : sz-21-prob_type-inverse_dist-prob-0.50-fee_type-direct_prob-fee-2.7
TYPE : TSP
DIMENSION : 21
EDGE_WEIGHT_TYPE : EUC_2D
NODE_COORD_SECTION
1 0.00 0.00
2 -58.22 70.04
3 25.42 -59.72
4 -40.72 -52.78
5 -16.58 -12.19
6 -72.40 -18.59
7 45.56 77.63
8 49.51 43.14
9 -24.10 -83.28
10 -57.55 8.51
11 74.25 3.46
12 -14.07 -45.88
13 -53.25 -41.55
14 97.89 12.19
15 -56.80 81.49
16 42.98 -80.56
17 -20.86 48.55
18 24.57 -21.42
19 -16.95 -37.53
20 -23.35 -16.04
21 -78.05 -59.27
ACCEPTED_PROBABILITIES
0.00
0.50
0.48
0.56
0.37
0.51
0.50
0.56
0.47
0.58
0.52
0.53
0.57
0.50
0.50
0.50
0.52
0.35
0.58
0.45
0.50
OUTSOURCING_COSTS
0.00
8.80
7.44
12.50
0.72
9.29
8.43
12.20
6.79
13.36
9.99
10.47
13.03
8.61
8.69
8.66
10.07
0.14
13.36
5.95
8.99
