NAME : sz-20-prob_type-inverse_dist-prob-0.50-fee_type-inverse_prob-fee-2.9
TYPE : TSP
DIMENSION : 20
EDGE_WEIGHT_TYPE : EUC_2D
NODE_COORD_SECTION
1 0.00 0.00
2 18.30 70.66
3 30.69 30.81
4 -96.64 -14.02
5 -67.50 57.28
6 18.90 6.69
7 -21.73 22.21
8 17.04 67.51
9 -40.31 50.19
10 -31.45 41.21
11 10.84 -74.93
12 -68.82 47.26
13 -14.99 73.83
14 -89.14 31.98
15 -0.33 -31.12
16 93.13 4.83
17 -23.99 -81.91
18 63.04 -25.94
19 0.62 -31.15
20 28.27 -13.62
ACCEPTED_PROBABILITIES
0.00
0.54
0.64
0.50
0.53
0.57
0.45
0.54
0.46
0.45
0.56
0.50
0.44
0.51
0.57
0.51
0.48
0.43
0.56
0.40
OUTSOURCING_COSTS
0.00
5.78
0.15
8.68
6.92
4.32
11.64
5.82
10.96
11.86
4.79
8.92
12.45
7.79
4.03
8.26
10.00
12.83
5.05
15.11
