NAME : sz-21-prob_type-uniform-prob-0.40-fee_type-direct_prob-fee-2.6
TYPE : TSP
DIMENSION : 21
EDGE_WEIGHT_TYPE : EUC_2D
NODE_COORD_SECTION
1 0.00 0.00
2 42.31 1.15
3 57.57 78.69
4 -0.56 -39.77
5 68.61 -25.50
6 -5.07 53.79
7 5.96 -32.52
8 -45.87 -30.65
9 83.61 48.46
10 -82.88 8.30
11 17.02 18.99
12 -55.32 -71.66
13 35.99 37.61
14 -20.29 96.13
15 59.09 -13.28
16 27.96 -58.41
17 11.92 22.86
18 78.03 16.07
19 -12.80 -62.10
20 32.37 -1.49
21 -34.08 41.97
ACCEPTED_PROBABILITIES
0.00
0.41
0.44
0.41
0.39
0.40
0.40
0.41
0.38
0.38
0.40
0.39
0.42
0.41
0.39
0.37
0.38
0.36
0.38
0.38
0.39
OUTSOURCING_COSTS
0.00
8.45
12.87
7.95
4.66
7.48
6.68
9.27
3.45
3.40
7.62
5.57
11.13
8.32
5.67
1.99
3.52
0.13
4.01
3.76
5.45
