NAME : sz-21-prob_type-direct_dist-prob-0.25-fee_type-inverse_prob-fee-3.5
TYPE : TSP
DIMENSION : 21
EDGE_WEIGHT_TYPE : EUC_2D
NODE_COORD_SECTION
1 0.00 0.00
2 4.40 42.07
3 30.26 7.84
4 44.82 13.90
5 -24.01 -2.81
6 -92.68 14.60
7 6.80 -12.54
8 -41.60 -70.09
9 -63.23 55.14
10 -12.78 96.30
11 5.44 24.43
12 50.59 -60.20
13 -19.61 -88.66
14 -12.90 -80.49
15 7.61 -94.60
16 -40.77 -1.90
17 -31.00 -58.81
18 13.74 -90.87
19 6.12 -81.27
20 23.02 -21.69
21 -39.88 52.60
ACCEPTED_PROBABILITIES
0.00
0.22
0.30
0.27
0.20
0.36
0.22
0.16
0.28
0.37
0.27
0.22
0.33
0.22
0.02
0.22
0.14
0.41
0.35
0.23
0.18
OUTSOURCING_COSTS
0.00
8.29
4.83
6.20
9.36
2.06
8.56
11.17
5.54
1.69
6.35
8.27
3.38
8.58
17.32
8.23
11.94
0.18
2.38
7.94
10.32
