NAME : sz-20-prob_type-uniform-prob-0.55-fee_type-inverse_prob-fee-2.6
TYPE : TSP
DIMENSION : 20
EDGE_WEIGHT_TYPE : EUC_2D
NODE_COORD_SECTION
1 0.00 0.00
2 -29.21 61.28
3 -24.15 85.73
4 55.87 -33.10
5 -82.94 -50.46
6 -50.27 -26.68
7 -87.75 40.86
8 7.20 59.97
9 -8.74 34.83
10 -7.59 -76.89
11 3.91 -67.21
12 -43.70 84.13
13 32.39 45.74
14 70.94 9.95
15 80.97 -21.28
16 -37.98 -36.20
17 14.68 47.27
18 58.44 63.85
19 18.11 1.81
20 77.45 11.83
ACCEPTED_PROBABILITIES
0.00
0.51
0.54
0.54
0.56
0.55
0.56
0.52
0.59
0.57
0.58
0.54
0.58
0.55
0.56
0.60
0.52
0.59
0.60
0.53
OUTSOURCING_COSTS
0.00
13.55
9.15
8.67
6.45
7.52
6.38
13.15
0.91
3.97
2.01
9.94
2.99
8.36
6.06
0.14
12.60
1.67
0.14
11.72
