NAME : sz-21-prob_type-uniform-prob-0.10-fee_type-direct_prob
TYPE : TSP
DIMENSION : 21
EDGE_WEIGHT_TYPE : EUC_2D
NODE_COORD_SECTION
1 0.00 0.00
2 -46.98 81.60
3 5.24 90.94
4 -75.50 11.61
5 -38.08 54.83
6 71.42 -50.82
7 -76.42 -30.53
8 35.93 -81.92
9 -41.75 41.51
10 -82.96 53.63
11 -10.10 -67.17
12 -43.33 74.13
13 -59.62 26.78
14 -12.52 90.72
15 -13.69 -18.46
16 43.84 -44.06
17 43.82 -0.15
18 -76.35 -1.84
19 -20.26 65.87
20 32.15 33.48
21 -2.27 36.38
ACCEPTED_PROBABILITIES
0.00
0.13
0.12
0.14
0.12
0.12
0.05
0.06
0.14
0.14
0.10
0.10
0.12
0.14
0.08
0.06
0.15
0.08
0.13
0.07
0.15
OUTSOURCING_COSTS
0.00
12.73
10.11
14.17
9.93
11.15
0.15
1.76
13.64
14.23
7.58
6.95
10.98
13.51
4.72
0.82
14.81
3.58
11.47
1.89
14.85
