NAME : sz-21-prob_type-uniform-prob-0.60-fee_type-inverse_prob-fee-3.2
TYPE : TSP
DIMENSION : 21
EDGE_WEIGHT_TYPE : EUC_2D
NODE_COORD_SECTION
1 0.00 0.00
2 -45.66 8.90
3 -30.60 -3.15
4 78.13 0.98
5 -97.77 8.56
6 78.58 33.24
7 -6.45 63.96
8 68.24 45.45
9 -21.14 0.81
10 3.30 46.83
11 71.12 -12.89
12 74.77 25.79
13 -43.41 -29.12
14 -56.52 38.22
15 -51.82 -80.96
16 -57.51 26.31
17 -62.75 43.83
18 48.47 65.60
19 39.39 75.84
20 -2.36 -67.70
21 48.88 62.64
ACCEPTED_PROBABILITIES
0.00
0.57
0.62
0.58
0.62
0.60
0.60
0.61
0.59
0.63
0.57
0.61
0.57
0.61
0.60
0.57
0.61
0.61
0.65
0.58
0.61
OUTSOURCING_COSTS
0.00
15.84
5.95
12.83
5.44
10.10
9.88
7.61
10.87
2.94
15.84
7.87
15.59
8.27
8.85
15.84
7.17
6.64
0.16
12.85
7.80
