NAME : sz-20-prob_type-direct_dist-prob-0.25-fee_type-direct_prob-fee-3.2
TYPE : TSP
DIMENSION : 20
EDGE_WEIGHT_TYPE : EUC_2D
NODE_COORD_SECTION
1 0.00 0.00
2 -27.52 -48.21
3 -7.67 -66.73
4 83.29 12.60
5 -10.02 -87.64
6 -51.64 -25.70
7 -23.21 73.60
8 -95.80 -20.46
9 9.17 -16.23
10 -35.95 3.47
11 90.99 20.32
12 57.46 38.27
13 -70.13 3.63
14 -66.92 -19.12
15 44.22 40.37
16 41.04 -47.95
17 20.17 -44.25
18 49.46 82.43
19 37.29 -50.30
20 -27.93 43.79
ACCEPTED_PROBABILITIES
0.00
0.34
0.35
0.35
0.19
0.24
0.20
0.23
0.22
0.19
0.11
0.32
0.13
0.33
0.34
0.10
0.35
0.21
0.15
0.18
OUTSOURCING_COSTS
0.00
15.73
16.25
16.61
5.74
9.46
6.81
8.29
7.57
6.01
0.42
14.49
1.73
15.06
16.01
0.17
16.67
7.09
3.01
5.42
