NAME : sz-21-prob_type-uniform-prob-0.30-fee_type-inverse_prob-fee-3.2
TYPE : TSP
DIMENSION : 21
EDGE_WEIGHT_TYPE : EUC_2D
NODE_COORD_SECTION
1 0.00 0.00
2 -47.83 19.04
3 65.35 50.49
4 -81.35 52.72
5 4.54 -32.62
6 4.16 -43.89
7 75.47 53.82
8 -43.76 -36.85
9 -55.72 40.58
10 -73.97 -57.63
11 60.74 -61.90
12 18.09 -18.74
13 26.17 -27.78
14 -77.18 -3.09
15 -5.68 -43.46
16 52.96 -57.11
17 96.61 -20.68
18 -60.70 21.96
19 -42.95 88.24
20 -38.35 89.55
21 9.07 -16.37
ACCEPTED_PROBABILITIES
0.00
0.27
0.29
0.34
0.31
0.35
0.32
0.29
0.27
0.30
0.32
0.31
0.27
0.34
0.32
0.30
0.35
0.29
0.25
0.30
0.34
OUTSOURCING_COSTS
0.00
12.51
9.71
1.95
6.47
0.26
5.07
10.37
13.30
7.54
5.28
6.07
13.80
2.00
4.58
8.67
0.16
9.35
15.84
8.11
1.58
