NAME : sz-21-prob_type-uniform-prob-0.40-fee_type-direct_prob-fee-3.1
TYPE : TSP
DIMENSION : 21
EDGE_WEIGHT_TYPE : EUC_2D
NODE_COORD_SECTION
1 0.00 0.00
2 -50.22 -13.53
3 -2.38 10.96
4 -24.64 0.74
5 4.24 86.55
6 -31.72 -73.65
7 -13.02 -17.16
8 63.68 -41.45
9 23.68 -95.10
10 40.34 35.01
11 -8.39 -17.93
12 -15.65 -90.59
13 75.02 34.97
14 -30.83 47.97
15 76.44 29.13
16 -48.78 -83.14
17 -44.87 -36.23
18 47.26 80.95
19 -93.52 -23.54
20 61.48 16.00
21 -79.17 39.45
ACCEPTED_PROBABILITIES
0.00
0.42
0.40
0.42
0.41
0.37
0.43
0.35
0.40
0.45
0.39
0.40
0.41
0.39
0.37
0.38
0.43
0.36
0.42
0.44
0.44
OUTSOURCING_COSTS
0.00
11.04
7.01
10.82
9.79
3.66
12.41
0.16
7.72
15.34
6.09
8.19
9.52
6.24
2.94
5.08
12.89
1.03
11.05
14.30
14.23
