NAME : sz-21-prob_type-uniform-prob-0.55-fee_type-direct_prob-fee-2.8
TYPE : TSP
DIMENSION : 21
EDGE_WEIGHT_TYPE : EUC_2D
NODE_COORD_SECTION
1 0.00 0.00
2 17.58 -68.32
3 75.52 -25.24
4 78.73 -15.82
5 -3.43 70.99
6 -56.56 -72.30
7 13.91 -51.11
8 61.94 -35.78
9 56.98 -13.46
10 -37.89 41.20
11 -14.19 15.89
12 -62.94 26.14
13 71.52 -47.24
14 -43.49 15.14
15 -2.29 10.65
16 -12.44 35.00
17 -24.99 -57.82
18 -95.86 21.85
19 -10.76 -61.06
20 -23.10 -29.04
21 -38.32 -18.41
ACCEPTED_PROBABILITIES
0.00
0.50
0.55
0.52
0.51
0.52
0.53
0.60
0.52
0.57
0.57
0.55
0.57
0.57
0.51
0.55
0.51
0.60
0.50
0.50
0.60
OUTSOURCING_COSTS
0.00
0.44
6.99
2.92
1.05
3.17
4.46
13.71
2.24
9.92
9.69
6.57
10.70
9.38
1.36
6.71
1.87
13.73
0.62
0.14
13.86
