NAME : sz-21-prob_type-uniform-prob-0.10-fee_type-direct_prob-fee-2.6
TYPE : TSP
DIMENSION : 21
EDGE_WEIGHT_TYPE : EUC_2D
NODE_COORD_SECTION
1 0.00 0.00
2 -76.13 44.75
3 31.60 52.40
4 37.83 -64.57
5 53.84 66.24
6 -77.70 39.47
7 -80.21 -58.17
8 14.95 -73.73
9 1.23 -58.37
10 -84.41 -6.28
11 58.41 55.66
12 61.89 -49.67
13 -0.87 49.00
14 -31.33 10.29
15 -88.56 -3.54
16 -5.09 96.52
17 -51.81 -49.68
18 38.34 66.31
19 -9.87 -18.61
20 96.52 22.82
21 -5.54 -88.39
ACCEPTED_PROBABILITIES
0.00
0.11
0.10
0.10
0.14
0.07
0.06
0.07
0.15
0.10
0.07
0.06
0.10
0.12
0.13
0.10
0.12
0.10
0.06
0.06
0.07
OUTSOURCING_COSTS
0.00
7.07
6.56
5.37
11.73
1.56
0.13
1.24
12.87
6.67
1.46
0.94
5.58
8.33
9.95
5.40
9.19
6.05
0.74
0.70
2.54
