NAME : sz-20-prob_type-uniform-prob-0.50-fee_type-direct_prob-fee-2.8
TYPE : TSP
DIMENSION : 20
EDGE_WEIGHT_TYPE : EUC_2D
NODE_COORD_SECTION
1 0.00 0.00
2 -80.65 -28.60
3 -69.42 -48.86
4 -88.00 -39.53
5 -78.24 -22.99
6 75.52 29.36
7 -49.10 -40.47
8 14.61 -22.20
9 -41.61 10.28
10 -34.58 -67.65
11 -61.82 35.81
12 28.32 -86.86
13 -39.19 33.29
14 -30.41 43.63
15 -41.39 3.50
16 24.10 -35.15
17 -47.10 35.62
18 -95.76 -12.03
19 -42.94 58.27
20 -90.84 -6.60
ACCEPTED_PROBABILITIES
0.00
0.45
0.50
0.49
0.50
0.50
0.50
0.51
0.46
0.53
0.52
0.48
0.45
0.47
0.46
0.50
0.53
0.48
0.55
0.53
OUTSOURCING_COSTS
0.00
0.38
7.65
6.57
6.73
8.05
7.00
9.15
1.57
12.49
11.16
3.92
0.15
3.04
0.71
7.38
11.79
4.87
14.59
11.65
