NAME : sz-21-prob_type-direct_dist-prob-0.25-fee_type-direct_prob-fee-2.7
TYPE : TSP
DIMENSION : 21
EDGE_WEIGHT_TYPE : EUC_2D
NODE_COORD_SECTION
1 0.00 0.00
2 -27.34 -39.67
3 -59.49 65.46
4 17.21 96.98
5 -62.51 54.95
6 -60.86 56.94
7 -23.05 -56.48
8 44.96 23.17
9 17.95 -88.46
10 -42.41 13.90
11 -12.83 -23.21
12 5.52 -23.11
13 28.67 51.71
14 63.61 20.13
15 -68.21 -55.23
16 39.73 -40.01
17 -17.12 -96.21
18 77.31 -61.73
19 -18.40 -45.38
20 -55.12 4.76
21 49.05 -33.45
ACCEPTED_PROBABILITIES
0.00
0.21
0.31
0.46
0.08
0.26
0.34
0.36
0.18
0.15
0.26
0.22
0.29
0.27
0.27
0.39
0.26
0.39
0.36
0.30
0.11
OUTSOURCING_COSTS
0.00
4.45
8.04
13.36
0.14
6.48
9.02
9.87
3.46
2.25
6.21
5.04
7.32
6.78
6.65
10.91
6.25
10.99
9.80
7.82
1.17
