NAME : sz-20-prob_type-uniform-prob-0.15-fee_type-inverse_prob-fee-2.5
TYPE : TSP
DIMENSION : 20
EDGE_WEIGHT_TYPE : EUC_2D
NODE_COORD_SECTION
1 0.00 0.00
2 -79.59 57.61
3 -8.88 -27.07
4 -28.91 60.99
5 -36.51 42.91
6 76.42 -63.21
7 25.52 -50.61
8 -5.06 -83.35
9 -50.32 9.38
10 -14.68 -59.72
11 10.15 94.15
12 -62.85 3.31
13 23.48 -33.80
14 73.72 35.96
15 -93.90 -1.04
16 79.54 -32.66
17 -70.70 -24.59
18 67.83 -13.14
19 -0.05 -89.48
20 36.17 6.00
ACCEPTED_PROBABILITIES
0.00
0.13
0.18
0.17
0.15
0.13
0.20
0.11
0.14
0.18
0.13
0.18
0.11
0.14
0.19
0.13
0.19
0.12
0.14
0.13
OUTSOURCING_COSTS
0.00
9.50
2.24
4.03
6.41
10.26
0.13
13.03
8.13
2.81
9.65
2.11
12.82
7.74
0.39
9.78
1.18
11.26
8.76
10.26
