NAME : sz-20-prob_type-uniform-prob-0.50-fee_type-inverse_prob-fee-2.8
TYPE : TSP
DIMENSION : 20
EDGE_WEIGHT_TYPE : EUC_2D
NODE_COORD_SECTION
1 0.00 0.00
2 6.79 17.16
3 6.90 50.36
4 -52.13 -31.16
5 3.26 67.36
6 74.58 -16.96
7 61.72 29.36
8 -22.51 -78.22
9 25.94 31.30
10 -10.02 79.64
11 -47.14 -73.92
12 -40.35 33.90
13 -1.45 32.33
14 -45.68 -76.65
15 51.82 68.65
16 -44.11 84.14
17 1.66 -86.04
18 -6.11 -71.21
19 -76.99 52.94
20 22.55 -42.79
ACCEPTED_PROBABILITIES
0.00
0.52
0.48
0.50
0.53
0.51
0.49
0.54
0.51
0.51
0.48
0.51
0.51
0.53
0.51
0.50
0.55
0.54
0.48
0.52
OUTSOURCING_COSTS
0.00
5.76
13.62
10.24
3.75
8.72
11.68
1.48
8.73
6.85
14.50
6.91
8.09
2.86
8.31
9.71
0.15
0.65
14.59
5.82
