NAME : sz-21-prob_type-uniform-prob-0.50-fee_type-inverse_prob-fee-2.7
TYPE : TSP
DIMENSION : 21
EDGE_WEIGHT_TYPE : EUC_2D
NODE_COORD_SECTION
1 0.00 0.00
2 60.48 3.22
3 -27.47 40.01
4 58.52 11.59
5 97.70 -20.53
6 85.51 -27.72
7 4.25 35.47
8 68.85 -47.83
9 -66.98 33.11
10 32.12 -50.71
11 -33.47 4.74
12 36.79 18.45
13 -43.79 38.88
14 -45.25 16.39
15 72.13 -42.53
16 -42.01 42.05
17 53.52 18.11
18 -45.21 65.31
19 -30.02 10.25
20 -98.67 15.05
21 66.69 -18.28
ACCEPTED_PROBABILITIES
0.00
0.50
0.49
0.53
0.46
0.47
0.55
0.47
0.52
0.55
0.49
0.51
0.48
0.45
0.46
0.47
0.52
0.48
0.52
0.50
0.51
OUTSOURCING_COSTS
0.00
6.69
7.99
2.15
12.90
11.15
0.14
11.34
3.46
0.14
7.68
4.94
9.60
13.36
12.30
11.65
4.41
9.40
4.45
7.04
6.00
