NAME : sz-20-prob_type-uniform-prob-0.05-fee_type-direct_prob-fee-2.9
TYPE : TSP
DIMENSION : 20
EDGE_WEIGHT_TYPE : EUC_2D
NODE_COORD_SECTION
1 0.00 0.00
2 34.61 8.34
3 88.09 -34.91
4 -23.89 -38.93
5 11.87 74.43
6 -38.22 -9.62
7 59.81 34.52
8 -40.95 -61.92
9 -66.95 62.73
10 -2.34 -40.91
11 -2.88 -60.28
12 -76.80 -39.59
13 -13.17 -73.66
14 -67.22 -6.92
15 -13.32 30.56
16 -4.49 -40.81
17 -17.97 -85.52
18 1.27 -56.86
19 53.57 21.70
20 37.94 -70.33
ACCEPTED_PROBABILITIES
0.00
0.00
0.05
0.00
0.05
0.02
0.10
0.08
0.08
0.09
0.00
0.05
0.02
0.05
0.03
0.03
0.09
0.08
0.06
0.03
OUTSOURCING_COSTS
0.00
0.19
7.14
0.15
6.98
3.49
15.11
12.27
12.31
13.43
0.15
8.36
2.72
6.89
4.37
4.80
13.34
12.05
8.51
5.15
