NAME : sz-21-prob_type-uniform-prob-0.30-fee_type-direct_prob-fee-3.5
TYPE : TSP
DIMENSION : 21
EDGE_WEIGHT_TYPE : EUC_2D
NODE_COORD_SECTION
1 0.00 0.00
2 42.20 -39.12
3 -11.62 -66.60
4 51.15 -58.63
5 17.94 -51.65
6 50.90 50.38
7 -60.28 62.00
8 52.61 60.43
9 50.96 -42.63
10 -7.52 14.94
11 -3.09 -49.93
12 -30.45 38.37
13 15.77 -93.84
14 -7.27 -57.78
15 4.33 45.68
16 29.34 21.74
17 46.77 36.96
18 61.92 63.90
19 60.59 -65.28
20 -35.60 78.94
21 -49.90 13.87
ACCEPTED_PROBABILITIES
0.00
0.27
0.33
0.34
0.31
0.33
0.27
0.27
0.28
0.35
0.31
0.33
0.25
0.27
0.26
0.29
0.30
0.33
0.34
0.28
0.35
OUTSOURCING_COSTS
0.00
3.67
13.90
16.57
11.31
13.56
2.97
2.79
5.43
17.32
10.88
14.02
0.18
3.39
1.44
6.23
9.59
13.90
16.48
5.47
17.25
