NAME : sz-21-prob_type-uniform-prob-0.20-fee_type-inverse_prob-fee-3.4
TYPE : TSP
DIMENSION : 21
EDGE_WEIGHT_TYPE : EUC_2D
NODE_COORD_SECTION
1 0.00 0.00
2 2.23 53.93
3 -73.43 -39.55
4 29.68 15.92
5 55.47 21.62
6 21.45 -70.43
7 -61.44 5.46
8 -61.13 -22.43
9 -4.86 84.63
10 20.02 -4.73
11 -87.49 34.43
12 -13.83 36.02
13 80.12 -51.95
14 -94.73 3.26
15 97.69 -3.40
16 15.21 -30.40
17 -11.87 -91.73
18 -40.72 54.06
19 -66.20 31.03
20 55.78 -73.21
21 -26.94 36.41
ACCEPTED_PROBABILITIES
0.00
0.20
0.16
0.15
0.20
0.22
0.24
0.20
0.21
0.18
0.24
0.24
0.20
0.23
0.22
0.21
0.16
0.17
0.16
0.23
0.17
OUTSOURCING_COSTS
0.00
8.16
15.06
16.83
8.56
3.35
1.39
7.41
6.04
12.41
0.74
0.17
8.56
2.77
3.44
5.93
15.73
12.87
15.44
2.13
14.15
