NAME : sz-20-prob_type-uniform-prob-0.20-fee_type-inverse_prob
TYPE : TSP
DIMENSION : 20
EDGE_WEIGHT_TYPE : EUC_2D
NODE_COORD_SECTION
1 0.00 0.00
2 11.33 -8.08
3 -21.69 -25.13
4 52.92 -30.11
5 4.84 41.38
6 -14.06 -89.46
7 72.99 -64.54
8 0.38 -0.91
9 18.77 -5.11
10 -24.09 -93.64
11 -89.30 -27.27
12 42.02 -86.38
13 -45.78 -19.38
14 -38.85 -91.84
15 87.57 -32.80
16 31.29 -90.62
17 61.50 -38.95
18 18.87 -9.27
19 22.21 -57.94
20 -90.23 -8.55
ACCEPTED_PROBABILITIES
0.00
0.23
0.16
0.22
0.24
0.19
0.23
0.21
0.24
0.15
0.16
0.25
0.17
0.24
0.22
0.20
0.16
0.23
0.20
0.21
OUTSOURCING_COSTS
0.00
3.67
15.36
5.09
1.41
9.50
3.30
5.85
2.07
15.63
15.56
0.16
13.34
0.80
4.75
8.27
14.15
2.98
7.70
6.31
