NAME : sz-20-prob_type-uniform-prob-0.60-fee_type-direct_prob-fee-3.5
TYPE : TSP
DIMENSION : 20
EDGE_WEIGHT_TYPE : EUC_2D
NODE_COORD_SECTION
1 0.00 0.00
2 11.59 42.28
3 31.87 60.93
4 -36.82 57.13
5 61.19 -38.99
6 -42.09 -9.81
7 -19.67 87.77
8 -83.33 38.57
9 74.00 -64.24
10 96.11 -8.19
11 67.99 25.21
12 26.04 -50.16
13 82.78 28.30
14 87.87 37.29
15 -65.59 41.88
16 -14.44 -95.42
17 -63.65 70.41
18 -79.42 45.29
19 -26.66 95.72
20 73.60 32.87
ACCEPTED_PROBABILITIES
0.00
0.60
0.60
0.57
0.64
0.60
0.55
0.58
0.57
0.55
0.63
0.62
0.63
0.57
0.60
0.65
0.59
0.56
0.57
0.63
OUTSOURCING_COSTS
0.00
8.86
9.33
3.89
17.11
9.30
0.18
6.22
3.81
0.18
15.82
13.33
14.80
2.91
8.79
18.24
6.53
2.33
3.45
14.41
