NAME : sz-20-prob_type-uniform-prob-0.40-fee_type-inverse_prob-fee-3.5
TYPE : TSP
DIMENSION : 20
EDGE_WEIGHT_TYPE : EUC_2D
NODE_COORD_SECTION
1 0.00 0.00
2 -57.73 77.19
3 -10.34 11.02
4 -28.17 -57.01
5 -57.97 72.38
6 17.74 63.85
7 -23.28 -86.95
8 34.80 65.65
9 -32.22 9.19
10 4.15 17.19
11 75.86 -63.19
12 52.42 10.01
13 92.69 27.52
14 87.70 -32.14
15 -27.40 -70.61
16 32.47 49.86
17 22.98 16.36
18 -23.58 -32.51
19 73.08 3.21
20 -68.26 33.63
ACCEPTED_PROBABILITIES
0.00
0.40
0.38
0.43
0.45
0.40
0.44
0.40
0.37
0.40
0.45
0.45
0.39
0.45
0.38
0.45
0.42
0.40
0.38
0.36
OUTSOURCING_COSTS
0.00
9.11
14.25
3.04
0.18
9.23
1.35
9.44
16.01
9.75
0.64
0.69
11.06
0.18
14.53
0.77
5.20
9.83
14.34
18.24
