NAME : sz-20-prob_type-uniform-prob-0.50-fee_type-direct_prob-fee-3.5
TYPE : TSP
DIMENSION : 20
EDGE_WEIGHT_TYPE : EUC_2D
NODE_COORD_SECTION
1 0.00 0.00
2 -49.58 -80.21
3 -82.48 -0.67
4 -30.73 -84.52
5 -60.28 -73.63
6 -17.00 38.36
7 75.08 -6.39
8 -73.69 28.62
9 -85.58 0.09
10 21.94 -5.58
11 -16.52 -95.88
12 -69.65 -59.81
13 38.89 10.06
14 -97.51 7.51
15 -10.85 -26.87
16 86.62 -23.32
17 -62.25 -43.20
18 -2.30 61.05
19 2.87 67.96
20 -28.86 31.60
ACCEPTED_PROBABILITIES
0.00
0.51
0.48
0.48
0.51
0.50
0.48
0.46
0.49
0.48
0.54
0.50
0.47
0.49
0.46
0.51
0.51
0.48
0.49
0.51
OUTSOURCING_COSTS
0.00
10.07
3.32
4.96
12.01
9.53
3.88
0.33
5.78
4.25
18.24
8.50
1.45
6.48
0.18
11.88
11.56
5.06
6.10
10.00
