NAME : sz-21-prob_type-inverse_dist-prob-0.50-fee_type-inverse_prob-fee-2.8
TYPE : TSP
DIMENSION : 21
EDGE_WEIGHT_TYPE : EUC_2D
NODE_COORD_SECTION
1 0.00 0.00
2 81.78 -19.42
3 37.46 -71.41
4 41.94 -2.67
5 34.97 31.83
6 -58.27 -75.38
7 27.34 56.32
8 35.55 33.81
9 14.37 -16.02
10 44.81 77.31
11 24.06 -42.00
12 28.67 -32.79
13 30.54 20.91
14 59.37 27.61
15 -54.80 -64.59
16 -55.03 64.48
17 -84.66 -48.21
18 47.10 79.76
19 -82.78 -33.17
20 -28.56 48.42
21 66.95 47.02
ACCEPTED_PROBABILITIES
0.00
0.50
0.54
0.64
0.40
0.51
0.56
0.42
0.68
0.49
0.44
0.52
0.57
0.47
0.47
0.52
0.50
0.50
0.49
0.54
0.53
OUTSOURCING_COSTS
0.00
9.16
6.86
2.13
13.86
8.80
5.83
13.02
0.14
9.33
12.25
7.84
5.63
10.79
10.44
7.82
9.33
9.12
9.44
7.07
7.32
