NAME : sz-20-prob_type-inverse_dist-prob-0.50-fee_type-inverse_prob
TYPE : TSP
DIMENSION : 20
EDGE_WEIGHT_TYPE : EUC_2D
NODE_COORD_SECTION
1 0.00 0.00
2 45.42 -67.53
3 16.03 -50.39
4 -93.86 13.41
5 16.08 68.27
6 54.58 -54.14
7 -46.32 -15.20
8 47.94 18.73
9 46.46 -35.01
10 -18.85 22.91
11 -16.86 -70.19
12 36.15 39.82
13 -69.19 -18.47
14 -57.48 -22.49
15 7.47 22.93
16 -7.95 -76.96
17 -21.46 -61.52
18 -72.99 61.27
19 -6.06 37.81
20 57.11 -17.93
ACCEPTED_PROBABILITIES
0.00
0.54
0.56
0.51
0.55
0.51
0.42
0.44
0.46
0.64
0.48
0.45
0.47
0.50
0.64
0.51
0.55
0.49
0.42
0.52
OUTSOURCING_COSTS
0.00
7.61
5.94
9.56
6.69
9.12
15.58
14.41
13.04
0.16
11.19
13.57
12.36
10.07
0.48
9.67
6.91
10.67
15.63
8.44
