NAME : sz-21-prob_type-uniform-prob-0.10-fee_type-inverse_prob-fee-2.6
TYPE : TSP
DIMENSION : 21
EDGE_WEIGHT_TYPE : EUC_2D
NODE_COORD_SECTION
1 0.00 0.00
2 46.05 39.89
3 12.52 4.59
4 -26.30 -34.13
5 -93.57 -30.32
6 44.55 -74.61
7 39.64 8.25
8 -58.23 62.00
9 71.75 59.19
10 -9.14 -89.85
11 10.08 -36.32
12 -57.19 -37.16
13 15.37 74.60
14 34.67 21.79
15 83.09 13.68
16 -22.29 -5.73
17 87.50 -2.65
18 61.60 -32.54
19 -2.69 80.62
20 -20.54 19.76
21 65.63 36.01
ACCEPTED_PROBABILITIES
0.00
0.05
0.11
0.14
0.05
0.13
0.06
0.12
0.07
0.13
0.06
0.11
0.07
0.07
0.13
0.12
0.10
0.13
0.12
0.15
0.14
OUTSOURCING_COSTS
0.00
12.87
4.80
1.26
12.87
2.93
12.87
3.52
10.49
2.24
11.90
5.79
10.51
11.41
2.39
3.48
6.21
2.47
4.40
0.13
1.46
