NAME : sz-21-prob_type-uniform-prob-0.30-fee_type-inverse_prob-fee-3.4
TYPE : TSP
DIMENSION : 21
EDGE_WEIGHT_TYPE : EUC_2D
NODE_COORD_SECTION
1 0.00 0.00
2 -58.34 34.36
3 -50.71 55.54
4 -26.34 15.61
5 -8.75 69.73
6 -33.41 -42.68
7 20.75 -78.55
8 -72.76 26.76
9 -39.57 -46.71
10 -6.89 -31.08
11 -61.08 48.19
12 -8.11 -96.42
13 -65.83 -19.41
14 -71.63 26.09
15 84.93 25.76
16 -12.98 -67.01
17 62.62 24.80
18 -42.69 -60.04
19 -12.00 -42.92
20 18.33 -89.35
21 97.11 22.63
ACCEPTED_PROBABILITIES
0.00
0.35
0.33
0.35
0.27
0.32
0.35
0.27
0.27
0.25
0.29
0.34
0.26
0.34
0.28
0.31
0.26
0.31
0.28
0.28
0.27
OUTSOURCING_COSTS
0.00
0.64
3.66
0.17
13.34
4.45
0.20
14.68
14.40
16.83
10.18
1.49
15.75
1.63
12.42
7.41
15.82
6.40
12.46
12.51
13.89
