NAME : sz-20-prob_type-inverse_dist-prob-0.25-fee_type-inverse_prob-fee-2.7
TYPE : TSP
DIMENSION : 20
EDGE_WEIGHT_TYPE : EUC_2D
NODE_COORD_SECTION
1 0.00 0.00
2 -13.24 -80.67
3 16.16 8.86
4 71.55 -62.97
5 -34.83 88.19
6 25.70 -9.74
7 55.92 -13.02
8 24.32 -20.42
9 -20.30 -12.13
10 3.29 -84.44
11 76.71 -62.72
12 4.18 -97.12
13 -3.97 -23.31
14 50.09 63.49
15 -19.26 79.91
16 -81.48 23.68
17 73.21 56.44
18 -54.03 10.44
19 20.85 -82.75
20 59.03 44.23
ACCEPTED_PROBABILITIES
0.00
0.29
0.29
0.25
0.26
0.32
0.18
0.36
0.43
0.22
0.25
0.25
0.33
0.26
0.22
0.23
0.24
0.15
0.23
0.28
OUTSOURCING_COSTS
0.00
7.00
7.15
9.12
8.41
5.37
12.37
3.48
0.14
10.45
9.00
8.93
4.76
8.55
10.32
9.90
9.28
14.07
10.11
7.25
