NAME : sz-20-prob_type-uniform-prob-0.35-fee_type-inverse_prob-fee-3.4
TYPE : TSP
DIMENSION : 20
EDGE_WEIGHT_TYPE : EUC_2D
NODE_COORD_SECTION
1 0.00 0.00
2 -73.22 34.64
3 -68.92 -11.45
4 62.29 51.78
5 33.62 45.07
6 11.18 -87.82
7 23.72 6.39
8 22.76 41.84
9 45.34 31.23
10 87.83 19.84
11 48.24 1.58
12 -14.72 38.86
13 -88.07 -25.90
14 -80.18 50.02
15 -5.77 10.62
16 -8.77 35.44
17 -6.93 -68.14
18 39.30 -67.90
19 39.42 1.16
20 42.60 -7.08
ACCEPTED_PROBABILITIES
0.00
0.39
0.32
0.31
0.38
0.31
0.32
0.39
0.32
0.33
0.36
0.35
0.34
0.34
0.38
0.38
0.35
0.38
0.40
0.31
OUTSOURCING_COSTS
0.00
0.92
15.23
16.72
3.37
17.72
15.95
1.24
14.33
12.55
8.28
9.81
10.83
10.94
3.56
3.34
9.46
3.90
0.18
16.26
