NAME : sz-20-prob_type-uniform-prob-0.10-fee_type-inverse_prob-fee-2.8
TYPE : TSP
DIMENSION : 20
EDGE_WEIGHT_TYPE : EUC_2D
NODE_COORD_SECTION
1 0.00 0.00
2 2.83 35.37
3 -58.81 42.14
4 39.84 43.75
5 92.30 31.52
6 60.34 -79.74
7 -23.36 -31.01
8 -19.71 -61.82
9 47.40 -82.43
10 56.90 -31.77
11 10.91 -78.87
12 72.63 25.68
13 19.90 77.62
14 8.65 52.54
15 -2.79 -36.34
16 -39.76 66.49
17 -21.61 37.33
18 90.97 34.62
19 -73.14 39.66
20 41.05 87.90
ACCEPTED_PROBABILITIES
0.00
0.08
0.15
0.08
0.08
0.14
0.06
0.05
0.10
0.09
0.06
0.13
0.12
0.06
0.13
0.07
0.09
0.08
0.14
0.07
OUTSOURCING_COSTS
0.00
11.14
0.15
10.14
10.73
1.94
12.99
14.59
6.92
8.56
14.15
2.53
4.81
13.41
3.38
11.99
8.79
10.20
2.06
12.33
