NAME : sz-21-prob_type-uniform-prob-0.60-fee_type-inverse_prob-fee-3.5
TYPE : TSP
DIMENSION : 21
EDGE_WEIGHT_TYPE : EUC_2D
NODE_COORD_SECTION
1 0.00 0.00
2 45.38 -16.66
3 1.36 -64.41
4 -18.93 38.70
5 29.07 -65.33
6 -28.09 -90.19
7 -68.04 44.81
8 -52.85 67.87
9 -18.66 -75.58
10 -76.67 4.60
11 34.25 92.78
12 -35.85 -13.89
13 68.84 32.96
14 81.89 -47.70
15 -26.40 95.07
16 26.87 -24.49
17 54.77 -46.56
18 20.97 -42.52
19 39.38 36.31
20 8.46 -24.83
21 -87.53 3.08
ACCEPTED_PROBABILITIES
0.00
0.59
0.62
0.58
0.63
0.63
0.64
0.61
0.60
0.64
0.56
0.61
0.55
0.64
0.58
0.61
0.61
0.60
0.62
0.61
0.60
OUTSOURCING_COSTS
0.00
9.28
5.00
12.46
3.38
2.87
0.18
6.89
7.62
1.41
16.37
5.67
17.32
0.59
11.69
6.74
6.87
8.68
3.51
6.11
8.11
