NAME : sz-20-prob_type-uniform-prob-0.10-fee_type-inverse_prob-fee-3.5
TYPE : TSP
DIMENSION : 20
EDGE_WEIGHT_TYPE : EUC_2D
NODE_COORD_SECTION
1 0.00 0.00
2 -44.67 -21.22
3 5.40 78.04
4 -28.19 -80.30
5 -87.71 4.02
6 -53.22 1.70
7 -71.17 -9.66
8 -78.38 -53.91
9 -96.22 19.22
10 -50.93 -18.95
11 -0.96 -83.07
12 -50.37 0.80
13 -25.22 -1.09
14 -16.18 -65.13
15 -39.60 -19.78
16 -72.13 46.88
17 -83.02 -8.99
18 -29.86 85.96
19 -58.72 42.23
20 -36.89 -45.82
ACCEPTED_PROBABILITIES
0.00
0.10
0.11
0.14
0.14
0.09
0.09
0.14
0.07
0.13
0.07
0.05
0.13
0.06
0.11
0.12
0.11
0.08
0.10
0.07
OUTSOURCING_COSTS
0.00
7.95
6.16
0.66
0.87
9.95
11.62
0.18
15.95
1.41
14.37
18.24
1.99
17.61
6.12
3.90
5.86
13.69
8.42
15.72
