NAME : sz-20-prob_type-direct_dist-prob-0.25-fee_type-direct_prob-fee-2.9
TYPE : TSP
DIMENSION : 20
EDGE_WEIGHT_TYPE : EUC_2D
NODE_COORD_SECTION
1 0.00 0.00
2 18.64 -59.59
3 64.99 -20.83
4 -15.51 1.03
5 -24.30 60.71
6 -48.88 -23.67
7 -94.65 -25.45
8 -15.16 -36.15
9 -17.35 65.55
10 67.99 -27.09
11 24.74 89.95
12 12.00 39.05
13 14.40 -14.62
14 -76.43 60.58
15 27.54 -96.11
16 -93.57 -23.74
17 -53.21 75.63
18 -48.12 51.63
19 2.96 4.08
20 -20.53 12.72
ACCEPTED_PROBABILITIES
0.00
0.24
0.10
0.25
0.14
0.24
0.04
0.18
0.13
0.13
0.39
0.22
0.29
0.24
0.24
0.26
0.17
0.31
0.26
0.19
OUTSOURCING_COSTS
0.00
8.60
2.90
9.30
4.29
8.71
0.15
6.36
3.91
4.05
15.11
8.00
10.98
8.89
8.73
9.70
5.80
11.84
9.63
6.79
