NAME : sz-21-prob_type-uniform-prob-0.25-fee_type-inverse_prob-fee-3.2
TYPE : TSP
DIMENSION : 21
EDGE_WEIGHT_TYPE : EUC_2D
NODE_COORD_SECTION
1 0.00 0.00
2 60.85 -63.03
3 -6.33 61.53
4 32.35 89.17
5 -99.00 3.97
6 93.05 35.47
7 -19.33 59.50
8 61.62 10.66
9 -3.30 9.64
10 -64.70 -59.77
11 -22.21 43.71
12 46.78 -58.22
13 76.78 33.12
14 12.49 -63.55
15 51.17 6.97
16 80.03 -40.40
17 -7.66 -12.89
18 -76.67 47.51
19 -41.79 22.99
20 52.35 47.72
21 44.49 -6.49
ACCEPTED_PROBABILITIES
0.00
0.24
0.21
0.24
0.22
0.29
0.23
0.24
0.30
0.20
0.24
0.28
0.28
0.28
0.27
0.25
0.26
0.22
0.24
0.26
0.28
OUTSOURCING_COSTS
0.00
9.55
14.90
8.91
12.54
0.50
11.80
9.83
0.16
15.84
9.92
2.43
3.20
3.40
3.84
8.65
6.10
12.61
10.40
6.56
2.37
