NAME : sz-20-prob_type-direct_dist-prob-0.50-fee_type-direct_prob-fee-3.2
TYPE : TSP
DIMENSION : 20
EDGE_WEIGHT_TYPE : EUC_2D
NODE_COORD_SECTION
1 0.00 0.00
2 52.31 30.28
3 -58.24 39.50
4 84.53 44.44
5 12.62 -0.29
6 -36.27 75.62
7 13.33 73.53
8 -1.30 -63.13
9 43.37 -65.21
10 85.99 20.24
11 7.40 -7.27
12 -44.02 80.46
13 -55.69 3.45
14 21.74 -27.28
15 -29.46 -93.55
16 8.40 97.68
17 96.76 18.92
18 63.98 -74.51
19 33.51 93.71
20 39.41 -40.14
ACCEPTED_PROBABILITIES
0.00
0.43
0.49
0.74
0.52
0.37
0.57
0.40
0.37
0.48
0.50
0.71
0.58
0.53
0.50
0.60
0.27
0.31
0.64
0.48
OUTSOURCING_COSTS
0.00
5.79
7.86
16.67
9.13
3.68
10.84
4.60
3.67
7.55
8.33
15.88
11.19
9.52
8.29
11.75
0.17
1.44
13.42
7.56
