NAME : sz-20-prob_type-uniform-prob-0.30-fee_type-inverse_prob-fee-3.5
TYPE : TSP
DIMENSION : 20
EDGE_WEIGHT_TYPE : EUC_2D
NODE_COORD_SECTION
1 0.00 0.00
2 -6.45 86.01
3 36.53 -11.36
4 -51.93 -16.59
5 -16.07 -95.02
6 53.93 35.57
7 40.62 -37.30
8 39.16 -39.83
9 -4.88 -59.18
10 49.66 33.79
11 -27.87 -24.54
12 -62.46 -24.12
13 17.22 31.87
14 42.22 -31.22
15 -35.58 -14.83
16 -78.50 4.54
17 71.62 -45.70
18 -3.03 2.44
19 -70.60 18.44
20 10.30 -11.19
ACCEPTED_PROBABILITIES
0.00
0.28
0.32
0.27
0.30
0.30
0.29
0.34
0.34
0.27
0.35
0.35
0.34
0.30
0.32
0.32
0.31
0.33
0.26
0.26
OUTSOURCING_COSTS
0.00
13.16
5.80
16.28
9.80
10.22
11.48
2.34
1.45
16.20
0.26
0.18
1.93
10.05
6.34
5.93
7.46
3.97
18.20
18.24
