NAME : sz-21-prob_type-uniform-prob-0.35-fee_type-inverse_prob-fee-3.3
TYPE : TSP
DIMENSION : 21
EDGE_WEIGHT_TYPE : EUC_2D
NODE_COORD_SECTION
1 0.00 0.00
2 78.48 -3.07
3 5.49 23.41
4 -24.08 90.25
5 -64.22 56.37
6 83.72 -27.98
7 -3.97 -69.97
8 -41.23 86.74
9 -64.52 19.95
10 -83.29 -41.17
11 -6.61 76.63
12 -26.51 -42.45
13 48.65 62.48
14 83.03 53.77
15 -18.06 -89.28
16 40.01 -44.03
17 4.63 18.73
18 64.85 59.99
19 78.67 43.00
20 14.78 83.16
21 -49.10 -57.09
ACCEPTED_PROBABILITIES
0.00
0.37
0.35
0.37
0.34
0.30
0.33
0.31
0.33
0.31
0.35
0.35
0.33
0.35
0.32
0.32
0.35
0.31
0.31
0.31
0.30
OUTSOURCING_COSTS
0.00
0.84
5.59
0.16
7.00
16.34
11.28
14.83
10.55
16.09
6.59
4.71
10.48
5.72
12.46
12.00
5.81
15.18
14.51
13.96
16.34
