NAME : sz-21-prob_type-inverse_dist-prob-0.50-fee_type-inverse_prob-fee-3.4
TYPE : TSP
DIMENSION : 21
EDGE_WEIGHT_TYPE : EUC_2D
NODE_COORD_SECTION
1 0.00 0.00
2 -83.38 52.21
3 -34.12 53.72
4 95.56 18.33
5 -36.41 -57.36
6 47.89 -75.82
7 21.38 17.05
8 -27.64 51.35
9 56.53 15.58
10 -65.83 20.36
11 67.80 64.85
12 -31.07 -69.20
13 -29.57 -7.06
14 -37.96 -80.83
15 18.25 -27.70
16 29.02 -7.42
17 5.56 25.87
18 48.35 12.32
19 28.55 -57.28
20 35.24 -9.31
21 2.02 87.04
ACCEPTED_PROBABILITIES
0.00
0.50
0.58
0.49
0.51
0.48
0.43
0.48
0.54
0.52
0.49
0.47
0.45
0.48
0.48
0.37
0.59
0.55
0.56
0.50
0.53
OUTSOURCING_COSTS
0.00
7.19
0.62
7.38
6.00
8.48
12.48
8.50
3.75
5.21
7.60
9.51
11.22
8.37
8.41
16.83
0.17
2.92
2.34
7.05
4.54
