NAME : sz-20-prob_type-uniform-prob-0.60-fee_type-direct_prob-fee-2.8
TYPE : TSP
DIMENSION : 20
EDGE_WEIGHT_TYPE : EUC_2D
NODE_COORD_SECTION
1 0.00 0.00
2 5.34 6.46
3 93.51 30.38
4 -56.76 -30.04
5 -9.45 -51.51
6 21.61 -65.66
7 -19.65 -93.32
8 37.01 67.43
9 46.38 32.80
10 -75.53 -33.73
11 -84.49 -4.01
12 -68.26 14.87
13 -52.44 -11.04
14 45.79 -41.71
15 -81.66 44.91
16 -42.21 -3.75
17 31.62 -89.30
18 -10.26 87.45
19 -20.09 97.61
20 -64.32 19.07
ACCEPTED_PROBABILITIES
0.00
0.63
0.63
0.63
0.64
0.63
0.64
0.64
0.65
0.62
0.62
0.60
0.55
0.56
0.62
0.60
0.60
0.61
0.60
0.59
OUTSOURCING_COSTS
0.00
11.07
11.41
12.03
13.17
12.27
12.92
12.94
14.59
9.57
10.49
6.31
0.15
0.16
9.40
6.79
7.36
8.82
6.97
5.21
