NAME : sz-20-prob_type-uniform-prob-0.40-fee_type-direct_prob
TYPE : TSP
DIMENSION : 20
EDGE_WEIGHT_TYPE : EUC_2D
NODE_COORD_SECTION
1 0.00 0.00
2 -22.26 48.86
3 47.74 -36.63
4 -39.64 -31.68
5 -9.35 79.24
6 88.06 -10.63
7 17.13 85.19
8 -6.96 3.50
9 -20.41 -33.44
10 31.24 -37.35
11 28.14 -35.93
12 -0.62 51.67
13 -91.29 16.98
14 -73.08 42.22
15 -65.43 -53.94
16 -22.55 45.48
17 40.07 7.95
18 75.72 -39.78
19 -51.67 3.27
20 -68.78 27.87
ACCEPTED_PROBABILITIES
0.00
0.39
0.41
0.45
0.39
0.35
0.35
0.39
0.42
0.36
0.43
0.38
0.39
0.36
0.42
0.39
0.35
0.41
0.43
0.44
OUTSOURCING_COSTS
0.00
6.64
9.88
15.63
6.57
0.16
0.55
6.89
11.27
1.53
12.69
4.61
7.33
2.05
11.50
5.84
0.51
9.75
13.24
14.37
