NAME : sz-20-prob_type-uniform-prob-0.15-fee_type-direct_prob-fee-2.7
TYPE : TSP
DIMENSION : 20
EDGE_WEIGHT_TYPE : EUC_2D
NODE_COORD_SECTION
1 0.00 0.00
2 28.57 -76.16
3 -69.16 -11.25
4 6.63 -26.43
5 2.98 -28.99
6 -68.69 -38.44
7 32.81 73.46
8 -3.42 -25.87
9 6.65 -80.74
10 -83.40 12.46
11 19.31 -58.81
12 -50.87 -25.07
13 37.70 67.97
14 -4.26 -65.82
15 -7.66 51.38
16 -7.09 -64.97
17 10.30 96.36
18 -6.46 -18.86
19 -60.78 46.51
20 -47.13 -12.83
ACCEPTED_PROBABILITIES
0.00
0.15
0.12
0.17
0.18
0.11
0.20
0.17
0.15
0.17
0.19
0.17
0.18
0.17
0.10
0.13
0.11
0.16
0.10
0.17
OUTSOURCING_COSTS
0.00
7.04
1.77
10.57
12.62
1.75
14.07
10.40
7.64
11.01
12.68
10.83
11.13
10.68
0.14
3.46
1.65
8.67
0.14
9.65
