NAME : sz-21-prob_type-uniform-prob-0.05-fee_type-inverse_prob-fee-3.3
TYPE : TSP
DIMENSION : 21
EDGE_WEIGHT_TYPE : EUC_2D
NODE_COORD_SECTION
1 0.00 0.00
2 -4.92 3.07
3 -95.71 -5.09
4 57.55 -59.68
5 83.65 32.82
6 -3.63 -44.42
7 77.94 58.54
8 1.35 -16.03
9 11.11 -29.32
10 -54.27 41.51
11 19.60 94.05
12 9.25 36.52
13 -4.10 15.08
14 -57.89 -44.54
15 68.73 -20.81
16 36.18 32.70
17 -11.67 -48.37
18 33.94 -24.68
19 14.90 29.37
20 -34.51 -80.53
21 -25.27 -62.39
ACCEPTED_PROBABILITIES
0.00
0.07
0.02
0.05
0.09
0.02
0.09
0.04
0.08
0.08
0.04
0.04
0.10
0.01
0.00
0.09
0.08
0.01
0.02
0.08
0.06
OUTSOURCING_COSTS
0.00
4.43
13.91
7.48
1.25
13.40
0.64
10.57
2.98
3.25
10.41
9.90
0.16
15.75
16.34
1.60
3.62
14.70
13.89
3.76
6.29
