NAME : sz-20-prob_type-uniform-prob-0.55-fee_type-direct_prob
TYPE : TSP
DIMENSION : 20
EDGE_WEIGHT_TYPE : EUC_2D
NODE_COORD_SECTION
1 0.00 0.00
2 18.17 79.94
3 36.79 -52.80
4 -13.77 7.37
5 58.94 -36.10
6 5.08 39.40
7 -32.01 36.56
8 -50.37 -14.54
9 -44.27 -2.01
10 12.99 24.93
11 -80.30 -14.20
12 38.31 -19.89
13 -47.89 0.71
14 5.73 57.89
15 -19.76 -18.31
16 -45.99 -26.53
17 33.72 32.48
18 51.59 11.71
19 43.43 -41.71
20 48.91 31.77
ACCEPTED_PROBABILITIES
0.00
0.52
0.54
0.59
0.56
0.55
0.60
0.59
0.51
0.60
0.60
0.51
0.52
0.53
0.57
0.56
0.56
0.53
0.53
0.51
OUTSOURCING_COSTS
0.00
1.64
5.34
14.95
9.45
7.08
15.22
15.06
0.16
15.63
15.63
1.42
1.85
3.46
10.61
9.85
9.43
4.02
4.71
0.29
