NAME : sz-21-prob_type-uniform-prob-0.45-fee_type-inverse_prob
TYPE : TSP
DIMENSION : 21
EDGE_WEIGHT_TYPE : EUC_2D
NODE_COORD_SECTION
1 0.00 0.00
2 -28.37 -38.66
3 8.20 -97.46
4 59.96 -29.62
5 -49.99 -35.68
6 24.43 70.13
7 25.94 26.51
8 4.23 -15.32
9 47.73 -17.11
10 -73.96 63.69
11 -79.92 -18.62
12 -38.92 -64.41
13 32.83 16.24
14 -16.65 39.32
15 -1.92 -3.46
16 60.49 -39.25
17 -26.20 -27.77
18 -5.62 -91.84
19 32.51 -80.69
20 58.05 36.20
21 18.11 -3.09
ACCEPTED_PROBABILITIES
0.00
0.48
0.43
0.49
0.43
0.45
0.48
0.48
0.48
0.41
0.44
0.45
0.45
0.43
0.46
0.47
0.45
0.49
0.45
0.50
0.43
OUTSOURCING_COSTS
0.00
2.57
12.39
0.31
11.65
8.38
2.27
3.01
2.35
14.85
9.58
8.88
8.54
11.14
6.13
4.77
7.49
0.46
8.56
0.15
12.02
