NAME : sz-21-prob_type-uniform-prob-0.45-fee_type-direct_prob-fee-2.9
TYPE : TSP
DIMENSION : 21
EDGE_WEIGHT_TYPE : EUC_2D
NODE_COORD_SECTION
1 0.00 0.00
2 57.13 -61.91
3 -74.08 -27.77
4 53.21 -20.48
5 43.35 -85.42
6 -5.52 -70.47
7 27.00 7.22
8 16.71 12.88
9 -90.84 -15.32
10 -36.05 -87.26
11 -24.36 42.20
12 -20.52 -26.89
13 -56.81 46.21
14 31.24 57.91
15 -65.88 23.56
16 -61.45 4.05
17 74.50 -18.81
18 -18.90 -61.40
19 -15.32 97.80
20 68.62 -55.32
21 -51.70 -28.43
ACCEPTED_PROBABILITIES
0.00
0.46
0.48
0.42
0.41
0.41
0.41
0.46
0.42
0.41
0.48
0.42
0.48
0.44
0.44
0.44
0.47
0.41
0.46
0.50
0.47
OUTSOURCING_COSTS
0.00
8.40
12.25
3.15
0.18
0.14
0.14
8.11
2.19
0.30
12.18
1.98
11.44
6.36
5.54
4.78
10.99
0.84
9.31
14.36
11.12
