NAME : sz-21-prob_type-uniform-prob-0.05-fee_type-direct_prob-fee-3.4
TYPE : TSP
DIMENSION : 21
EDGE_WEIGHT_TYPE : EUC_2D
NODE_COORD_SECTION
1 0.00 0.00
2 -61.17 -70.29
3 15.61 -49.91
4 -67.45 20.55
5 -60.83 67.55
6 -74.97 -45.83
7 11.82 37.42
8 -84.19 -2.07
9 -63.51 -71.69
10 1.11 48.52
11 -53.47 14.04
12 54.25 -48.85
13 -18.44 30.97
14 9.09 -21.91
15 23.90 -9.73
16 31.09 -33.70
17 17.71 19.08
18 -41.61 -77.52
19 2.51 8.03
20 -51.21 27.13
21 29.21 33.68
ACCEPTED_PROBABILITIES
0.00
0.04
0.06
0.09
0.07
0.02
0.07
0.06
0.01
0.08
0.01
0.08
0.04
0.02
0.03
0.01
0.07
0.04
0.00
0.03
0.02
OUTSOURCING_COSTS
0.00
6.70
9.94
16.83
12.00
3.32
13.21
10.79
1.16
14.61
2.14
13.75
6.98
3.87
5.86
0.97
12.04
8.01
0.17
4.55
2.65
