NAME : sz-20-prob_type-uniform-prob-0.55-fee_type-direct_prob-fee-2.9
TYPE : TSP
DIMENSION : 20
EDGE_WEIGHT_TYPE : EUC_2D
NODE_COORD_SECTION
1 0.00 0.00
2 87.37 17.84
3 95.65 27.78
4 1.24 -21.89
5 -87.76 -39.48
6 -11.77 77.48
7 -12.63 97.56
8 11.98 -36.51
9 -38.19 76.37
10 29.11 -42.14
11 11.24 -29.64
12 -70.88 24.67
13 -84.01 16.28
14 38.89 69.77
15 55.38 -59.21
16 -18.29 35.06
17 81.29 20.54
18 -36.01 18.33
19 29.35 52.70
20 1.17 -0.85
ACCEPTED_PROBABILITIES
0.00
0.57
0.51
0.59
0.56
0.57
0.52
0.59
0.51
0.51
0.56
0.57
0.58
0.51
0.54
0.56
0.54
0.58
0.54
0.52
OUTSOURCING_COSTS
0.00
11.12
0.98
14.97
9.64
11.29
1.59
15.11
0.15
0.15
9.64
12.07
13.78
1.08
6.71
9.72
5.05
13.91
5.17
2.83
