NAME : sz-20-prob_type-uniform-prob-0.50-fee_type-direct_prob-fee-3.4
TYPE : TSP
DIMENSION : 20
EDGE_WEIGHT_TYPE : EUC_2D
NODE_COORD_SECTION
1 0.00 0.00
2 84.10 -9.81
3 -8.49 61.79
4 -36.34 -23.64
5 47.86 79.82
6 11.11 82.25
7 62.85 -66.64
8 16.62 97.51
9 -60.48 -25.37
10 -39.02 -41.63
11 -13.22 -88.64
12 12.26 40.01
13 59.69 71.07
14 12.70 -43.76
15 66.96 -66.28
16 -44.21 30.22
17 10.43 -97.96
18 -49.72 70.34
19 64.91 -32.82
20 13.87 -55.47
ACCEPTED_PROBABILITIES
0.00
0.52
0.52
0.55
0.51
0.47
0.52
0.55
0.48
0.53
0.47
0.46
0.46
0.50
0.45
0.52
0.46
0.49
0.50
0.53
OUTSOURCING_COSTS
0.00
13.21
13.03
17.56
10.88
2.28
13.60
17.72
5.36
14.90
2.49
1.45
1.85
8.69
0.18
12.46
0.60
7.14
7.99
14.30
