NAME : sz-21-prob_type-uniform-prob-0.45-fee_type-inverse_prob-fee-2.5
TYPE : TSP
DIMENSION : 21
EDGE_WEIGHT_TYPE : EUC_2D
NODE_COORD_SECTION
1 0.00 0.00
2 -43.09 61.97
3 -78.26 23.04
4 84.46 13.45
5 -12.60 89.93
6 -0.45 10.04
7 96.88 13.60
8 -45.99 -57.68
9 81.06 51.65
10 -49.28 41.04
11 20.94 -83.13
12 -77.77 -0.22
13 94.11 -14.53
14 -51.97 -2.31
15 6.58 -80.53
16 4.38 -6.74
17 -19.34 -43.27
18 55.29 47.62
19 19.64 -84.36
20 55.13 51.11
21 -51.02 26.88
ACCEPTED_PROBABILITIES
0.00
0.48
0.40
0.45
0.44
0.43
0.43
0.47
0.44
0.41
0.48
0.48
0.49
0.46
0.46
0.48
0.48
0.50
0.50
0.40
0.44
OUTSOURCING_COSTS
0.00
2.55
12.38
6.12
7.42
9.23
8.68
4.12
7.61
11.08
2.47
2.04
1.26
5.68
5.35
2.87
2.48
0.42
0.12
12.30
8.05
