NAME : sz-20-prob_type-direct_dist-prob-0.25-fee_type-inverse_prob-fee-3.5
TYPE : TSP
DIMENSION : 20
EDGE_WEIGHT_TYPE : EUC_2D
NODE_COORD_SECTION
1 0.00 0.00
2 -8.05 -46.30
3 27.19 73.10
4 16.61 61.46
5 -69.76 -66.40
6 14.63 65.68
7 -22.60 95.80
8 -51.41 71.87
9 -0.04 -5.56
10 18.94 85.28
11 -68.87 19.45
12 -29.50 9.39
13 39.19 16.23
14 -47.28 86.23
15 -19.43 44.29
16 -78.83 9.82
17 6.16 -35.49
18 9.02 36.34
19 -20.79 -83.54
20 -23.08 -83.94
ACCEPTED_PROBABILITIES
0.00
0.25
0.06
0.39
0.29
0.13
0.27
0.16
0.26
0.36
0.19
0.20
0.29
0.21
0.17
0.13
0.33
0.16
0.19
0.24
OUTSOURCING_COSTS
0.00
8.11
18.24
0.18
5.79
14.65
6.97
12.84
7.46
1.85
11.29
10.44
5.82
9.91
12.25
14.44
3.46
12.61
11.16
8.18
