NAME : sz-20-prob_type-uniform-prob-0.05-fee_type-inverse_prob-fee-2.6
TYPE : TSP
DIMENSION : 20
EDGE_WEIGHT_TYPE : EUC_2D
NODE_COORD_SECTION
1 0.00 0.00
2 -22.39 -70.79
3 -5.29 -32.69
4 -13.90 39.18
5 -42.31 1.60
6 -31.07 78.04
7 -72.51 50.01
8 -36.38 -66.79
9 40.79 48.23
10 63.86 -3.23
11 49.20 5.49
12 -97.48 2.98
13 -26.59 82.37
14 79.57 -7.89
15 6.34 -38.08
16 36.76 -15.34
17 -73.27 51.30
18 -41.14 -16.26
19 67.84 21.25
20 59.14 30.02
ACCEPTED_PROBABILITIES
0.00
0.07
0.08
0.08
0.09
0.02
0.09
0.01
0.01
0.10
0.08
0.05
0.06
0.06
0.02
0.09
0.04
0.01
0.06
0.06
OUTSOURCING_COSTS
0.00
3.92
2.10
2.43
1.47
11.96
1.24
13.55
12.63
0.14
3.18
7.57
5.16
5.75
11.76
0.68
8.03
13.55
6.12
5.68
