NAME : sz-20-prob_type-inverse_dist-prob-0.50-fee_type-inverse_prob-fee-2.8
TYPE : TSP
DIMENSION : 20
EDGE_WEIGHT_TYPE : EUC_2D
NODE_COORD_SECTION
1 0.00 0.00
2 -33.89 -92.42
3 55.50 -8.89
4 -25.80 55.12
5 -56.00 19.45
6 -17.37 78.92
7 22.91 25.17
8 23.56 -95.19
9 10.02 96.43
10 41.79 89.88
11 38.19 -26.85
12 77.00 -32.10
13 -51.01 -47.51
14 51.24 1.17
15 -93.60 14.34
16 -44.16 60.95
17 -89.16 -2.94
18 -58.14 15.88
19 92.97 -22.74
20 -18.08 93.59
ACCEPTED_PROBABILITIES
0.00
0.50
0.50
0.52
0.47
0.50
0.52
0.50
0.49
0.50
0.40
0.53
0.54
0.61
0.51
0.54
0.51
0.55
0.49
0.49
OUTSOURCING_COSTS
0.00
7.73
7.23
6.49
9.57
7.89
6.48
7.62
8.01
7.56
14.59
5.57
4.99
0.15
6.93
4.95
6.73
4.09
7.98
8.17
