NAME : sz-20-prob_type-uniform-prob-0.20-fee_type-direct_prob-fee-2.7
TYPE : TSP
DIMENSION : 20
EDGE_WEIGHT_TYPE : EUC_2D
NODE_COORD_SECTION
1 0.00 0.00
2 61.31 70.77
3 -4.09 42.09
4 -23.51 75.97
5 42.49 8.39
6 28.53 22.33
7 -27.82 -60.87
8 -21.56 -43.33
9 23.89 -39.10
10 -67.25 -0.67
11 30.92 67.91
12 33.86 58.82
13 80.43 -27.63
14 28.00 37.65
15 47.46 -52.20
16 -18.50 -18.10
17 19.66 -6.50
18 3.52 -66.56
19 52.89 -27.84
20 -29.49 45.55
ACCEPTED_PROBABILITIES
0.00
0.16
0.17
0.16
0.23
0.22
0.18
0.25
0.16
0.18
0.22
0.23
0.17
0.21
0.20
0.15
0.15
0.17
0.17
0.25
OUTSOURCING_COSTS
0.00
0.79
2.22
1.43
11.46
9.91
3.85
14.07
0.85
3.50
9.55
11.16
3.45
8.81
7.16
0.14
0.14
2.80
2.66
13.62
