NAME : sz-20-prob_type-inverse_dist-prob-0.25-fee_type-direct_prob
TYPE : TSP
DIMENSION : 20
EDGE_WEIGHT_TYPE : EUC_2D
NODE_COORD_SECTION
1 0.00 0.00
2 -39.93 -43.91
3 -0.28 -89.80
4 49.55 25.11
5 -9.29 -61.35
6 -7.44 -89.07
7 -23.21 -13.03
8 96.59 1.96
9 86.99 46.83
10 -86.46 10.94
11 30.02 16.50
12 -22.28 -1.11
13 40.51 -35.65
14 -29.55 30.27
15 86.68 17.57
16 -5.59 -93.68
17 -50.19 -36.07
18 35.98 -71.73
19 -87.16 27.74
20 15.08 96.39
ACCEPTED_PROBABILITIES
0.00
0.30
0.26
0.28
0.19
0.27
0.41
0.25
0.25
0.26
0.22
0.10
0.17
0.26
0.26
0.26
0.19
0.22
0.24
0.25
OUTSOURCING_COSTS
0.00
10.19
7.88
9.01
4.19
8.51
15.63
7.64
7.51
7.84
5.95
0.16
3.25
7.93
7.80
8.18
4.38
5.67
6.88
7.40
