NAME : sz-21-prob_type-uniform-prob-0.15-fee_type-inverse_prob-fee-3.4
TYPE : TSP
DIMENSION : 21
EDGE_WEIGHT_TYPE : EUC_2D
NODE_COORD_SECTION
1 0.00 0.00
2 88.06 -12.79
3 32.89 24.15
4 -66.47 47.12
5 41.91 3.73
6 -41.43 35.58
7 -63.46 -50.92
8 -25.95 -82.14
9 -95.70 -27.10
10 -74.50 18.54
11 -69.53 -46.44
12 67.00 49.86
13 -82.23 40.60
14 -32.49 6.07
15 43.67 -64.22
16 56.09 -31.91
17 -50.95 11.34
18 -40.68 34.73
19 -9.91 32.07
20 -13.96 2.03
21 -49.81 -75.08
ACCEPTED_PROBABILITIES
0.00
0.11
0.17
0.15
0.16
0.17
0.15
0.17
0.14
0.19
0.16
0.16
0.16
0.11
0.16
0.18
0.18
0.19
0.18
0.15
0.18
OUTSOURCING_COSTS
0.00
15.85
5.67
7.91
6.43
5.04
8.96
4.59
10.07
0.24
5.94
6.89
7.02
16.83
7.40
3.06
2.78
0.17
2.05
8.52
3.25
