NAME : sz-21-prob_type-uniform-prob-0.55-fee_type-inverse_prob-fee-3.2
TYPE : TSP
DIMENSION : 21
EDGE_WEIGHT_TYPE : EUC_2D
NODE_COORD_SECTION
1 0.00 0.00
2 33.38 13.98
3 65.35 66.69
4 46.24 -5.74
5 -51.41 -29.62
6 61.20 -42.33
7 -86.64 -46.83
8 19.37 97.22
9 47.69 83.31
10 -47.15 -77.82
11 -18.43 -22.75
12 9.97 72.39
13 -91.76 17.18
14 -53.64 8.09
15 -1.43 87.96
16 38.55 -53.13
17 87.19 -20.08
18 39.05 -76.43
19 -11.78 91.93
20 -22.08 -80.39
21 57.06 65.05
ACCEPTED_PROBABILITIES
0.00
0.58
0.56
0.58
0.57
0.60
0.52
0.56
0.52
0.55
0.51
0.55
0.51
0.53
0.57
0.59
0.51
0.54
0.57
0.52
0.56
OUTSOURCING_COSTS
0.00
2.85
7.02
4.19
5.12
0.16
14.26
6.85
13.02
8.22
15.84
8.91
14.46
11.77
4.37
0.94
15.84
10.13
5.70
12.72
6.24
