NAME : sz-21-prob_type-uniform-prob-0.55-fee_type-direct_prob-fee-2.7
TYPE : TSP
DIMENSION : 21
EDGE_WEIGHT_TYPE : EUC_2D
NODE_COORD_SECTION
1 0.00 0.00
2 -42.22 32.96
3 -43.13 76.03
4 9.56 -31.55
5 -85.66 29.15
6 -63.55 65.98
7 15.82 75.56
8 -15.08 56.07
9 -12.34 -26.90
10 -33.89 -91.33
11 15.41 19.23
12 25.08 73.66
13 96.62 -20.55
14 -66.51 -34.45
15 68.85 -60.01
16 29.83 -80.84
17 -62.44 -16.74
18 -59.20 14.60
19 47.43 -68.65
20 -48.44 -76.35
21 21.79 83.10
ACCEPTED_PROBABILITIES
0.00
0.52
0.54
0.51
0.53
0.53
0.56
0.56
0.55
0.56
0.54
0.56
0.50
0.56
0.51
0.57
0.57
0.54
0.54
0.51
0.54
OUTSOURCING_COSTS
0.00
3.78
6.57
1.51
6.04
5.98
10.92
12.10
9.80
11.25
6.53
10.81
0.14
10.42
1.31
13.36
12.58
7.60
7.23
1.86
7.81
