NAME : sz-21-prob_type-inverse_dist-prob-0.25-fee_type-direct_prob-fee-2.6
TYPE : TSP
DIMENSION : 21
EDGE_WEIGHT_TYPE : EUC_2D
NODE_COORD_SECTION
1 0.00 0.00
2 -14.48 98.92
3 -88.02 43.81
4 -23.23 27.16
5 -82.95 -24.08
6 85.97 34.67
7 -8.85 67.50
8 -15.18 -1.08
9 -2.35 72.48
10 -16.33 -75.99
11 -60.96 -56.56
12 14.44 48.93
13 -41.48 -76.19
14 -46.23 -85.40
15 59.66 48.27
16 -89.76 2.85
17 34.16 -55.14
18 -34.71 -68.21
19 -6.40 81.49
20 52.19 -32.52
21 -41.20 44.63
ACCEPTED_PROBABILITIES
0.00
0.25
0.25
0.36
0.27
0.24
0.24
0.38
0.23
0.27
0.27
0.16
0.25
0.25
0.25
0.23
0.17
0.24
0.23
0.16
0.32
OUTSOURCING_COSTS
0.00
5.32
5.37
11.77
6.60
5.02
4.97
12.87
4.03
6.57
6.48
0.13
5.56
5.27
5.50
4.03
0.53
5.03
3.93
0.28
9.19
