NAME : sz-21-prob_type-uniform-prob-0.45-fee_type-direct_prob-fee-2.8
TYPE : TSP
DIMENSION : 21
EDGE_WEIGHT_TYPE : EUC_2D
NODE_COORD_SECTION
1 0.00 0.00
2 36.22 5.04
3 -86.27 -4.01
4 -11.44 -47.94
5 64.64 -22.45
6 -68.45 -51.14
7 -36.04 -58.61
8 45.28 -67.13
9 82.56 27.08
10 32.80 -14.04
11 54.72 -69.22
12 -77.94 -1.95
13 70.15 17.38
14 86.23 32.13
15 -34.17 -63.22
16 -34.63 -59.12
17 37.77 19.63
18 45.56 -60.93
19 -57.04 -67.33
20 10.06 -66.28
21 -74.09 37.88
ACCEPTED_PROBABILITIES
0.00
0.49
0.43
0.49
0.44
0.49
0.46
0.49
0.40
0.45
0.41
0.43
0.49
0.46
0.47
0.43
0.41
0.43
0.41
0.45
0.43
OUTSOURCING_COSTS
0.00
13.79
3.69
13.08
5.19
13.86
8.02
13.14
0.14
7.09
1.47
3.70
12.77
8.64
10.16
4.58
0.86
3.58
1.30
7.78
3.84
