NAME : sz-20-prob_type-uniform-prob-0.30-fee_type-inverse_prob-fee-2.5
TYPE : TSP
DIMENSION : 20
EDGE_WEIGHT_TYPE : EUC_2D
NODE_COORD_SECTION
1 0.00 0.00
2 -48.99 34.40
3 -43.28 39.58
4 70.43 56.36
5 -59.96 57.71
6 42.33 41.79
7 -89.75 -20.98
8 -63.32 -60.50
9 4.71 -20.97
10 -91.43 -1.18
11 69.39 71.69
12 -5.68 -93.17
13 -74.15 -61.72
14 -63.43 -36.07
15 -41.21 58.36
16 -25.25 51.22
17 -68.58 70.64
18 56.70 -53.26
19 19.37 80.88
20 -20.90 -86.88
ACCEPTED_PROBABILITIES
0.00
0.35
0.33
0.31
0.26
0.26
0.27
0.26
0.28
0.30
0.34
0.27
0.30
0.35
0.35
0.26
0.32
0.35
0.34
0.27
OUTSOURCING_COSTS
0.00
0.13
3.20
4.95
13.03
12.84
11.14
13.03
10.43
7.67
1.01
10.79
7.04
0.16
0.58
13.03
4.72
0.13
1.56
11.48
