NAME : sz-20-prob_type-uniform-prob-0.55-fee_type-inverse_prob-fee-2.8
TYPE : TSP
DIMENSION : 20
EDGE_WEIGHT_TYPE : EUC_2D
NODE_COORD_SECTION
1 0.00 0.00
2 -29.86 47.82
3 -55.33 79.63
4 -14.01 97.69
5 33.25 -72.34
6 -72.58 -38.61
7 -68.76 10.28
8 50.32 -4.59
9 -67.50 32.55
10 83.43 -33.63
11 67.75 -65.68
12 30.06 -4.78
13 -6.02 -12.92
14 -66.84 49.47
15 -40.02 -37.29
16 71.19 45.92
17 -57.24 -63.88
18 -36.23 -30.94
19 -7.99 24.91
20 25.22 38.62
ACCEPTED_PROBABILITIES
0.00
0.57
0.60
0.53
0.54
0.57
0.54
0.51
0.51
0.52
0.52
0.51
0.54
0.57
0.55
0.55
0.53
0.54
0.52
0.58
OUTSOURCING_COSTS
0.00
5.54
0.15
11.94
9.81
4.80
10.37
14.58
13.84
13.28
12.44
14.59
9.27
3.99
7.73
7.55
11.68
10.07
12.11
2.52
