NAME : sz-20-prob_type-inverse_dist-prob-0.50-fee_type-inverse_prob-fee-3.2
TYPE : TSP
DIMENSION : 20
EDGE_WEIGHT_TYPE : EUC_2D
NODE_COORD_SECTION
1 0.00 0.00
2 0.33 -83.99
3 58.39 -19.31
4 -14.41 -20.09
5 -87.13 27.83
6 -34.78 46.94
7 -62.50 33.37
8 -51.08 -66.69
9 -12.35 0.29
10 -45.37 78.96
11 23.42 64.36
12 22.40 41.40
13 -2.52 -3.16
14 -51.16 85.69
15 7.10 -71.36
16 90.25 -9.09
17 66.68 -39.99
18 80.79 57.10
19 25.05 58.65
20 40.00 87.05
ACCEPTED_PROBABILITIES
0.00
0.49
0.51
0.52
0.49
0.52
0.53
0.54
0.30
0.50
0.52
0.37
0.52
0.50
0.57
0.48
0.49
0.50
0.50
0.50
OUTSOURCING_COSTS
0.00
4.95
3.53
2.91
4.99
2.75
2.51
1.86
16.67
4.21
2.89
12.28
3.17
4.33
0.17
5.67
4.99
4.20
4.31
4.07
