NAME : sz-20-prob_type-uniform-prob-0.60-fee_type-inverse_prob-fee-3.1
TYPE : TSP
DIMENSION : 20
EDGE_WEIGHT_TYPE : EUC_2D
NODE_COORD_SECTION
1 0.00 0.00
2 -0.94 28.00
3 0.31 -90.31
4 -86.12 34.81
5 27.73 -45.09
6 -90.89 -17.71
7 -27.89 93.95
8 75.60 39.93
9 65.44 -72.57
10 24.24 -63.94
11 -65.03 -12.39
12 84.30 -31.03
13 50.03 4.47
14 -53.58 4.69
15 35.08 55.53
16 -8.10 -8.94
17 -76.50 -15.58
18 75.24 -12.76
19 -9.29 -48.27
20 80.43 -26.29
ACCEPTED_PROBABILITIES
0.00
0.62
0.55
0.65
0.58
0.60
0.62
0.65
0.61
0.58
0.62
0.60
0.63
0.62
0.61
0.63
0.63
0.62
0.60
0.61
OUTSOURCING_COSTS
0.00
4.81
16.15
0.19
12.42
8.16
5.41
0.16
6.76
12.63
4.78
7.76
2.80
5.22
7.13
3.17
3.12
4.71
8.36
6.53
