NAME : sz-20-prob_type-uniform-prob-0.05-fee_type-inverse_prob-fee-3.4
TYPE : TSP
DIMENSION : 20
EDGE_WEIGHT_TYPE : EUC_2D
NODE_COORD_SECTION
1 0.00 0.00
2 75.02 39.40
3 -53.19 -55.01
4 -77.01 -24.54
5 -25.29 -19.45
6 16.64 -75.06
7 -24.45 25.44
8 45.32 -35.63
9 -61.51 7.70
10 15.21 -37.57
11 -75.46 -59.96
12 -61.48 -68.64
13 -23.95 35.00
14 -52.52 71.44
15 93.71 -3.36
16 75.86 -42.11
17 -16.98 37.28
18 -96.76 11.49
19 59.47 4.92
20 37.06 28.71
ACCEPTED_PROBABILITIES
0.00
0.10
0.06
0.10
0.06
0.09
0.04
0.08
0.06
0.10
0.02
0.09
0.02
0.04
0.09
0.02
0.05
0.04
0.07
0.01
OUTSOURCING_COSTS
0.00
0.18
8.75
0.18
7.28
1.68
12.21
4.30
9.06
0.71
17.27
2.84
17.14
11.97
1.49
15.82
9.61
13.28
6.03
17.72
