NAME : sz-21-prob_type-uniform-prob-0.25-fee_type-direct_prob
TYPE : TSP
DIMENSION : 21
EDGE_WEIGHT_TYPE : EUC_2D
NODE_COORD_SECTION
1 0.00 0.00
2 -71.46 -5.89
3 -37.39 -92.42
4 -30.58 -19.67
5 -37.73 -91.33
6 -83.80 -22.50
7 81.11 -55.65
8 83.40 -39.80
9 87.11 32.29
10 81.73 9.74
11 84.86 -40.60
12 -82.58 23.29
13 -80.41 25.39
14 -64.65 -15.16
15 62.13 56.48
16 -90.28 26.65
17 -84.26 -34.31
18 -24.99 -8.55
19 -49.56 8.03
20 80.11 -34.39
21 -16.77 -4.32
ACCEPTED_PROBABILITIES
0.00
0.24
0.23
0.22
0.22
0.24
0.24
0.23
0.27
0.23
0.26
0.24
0.21
0.29
0.26
0.23
0.27
0.23
0.28
0.24
0.26
OUTSOURCING_COSTS
0.00
5.48
2.65
2.05
1.29
5.17
5.64
3.30
11.59
4.45
9.56
6.11
0.15
14.85
9.69
3.27
11.68
3.47
13.79
6.03
9.53
