NAME : sz-21-prob_type-uniform-prob-0.15-fee_type-inverse_prob-fee-3.1
TYPE : TSP
DIMENSION : 21
EDGE_WEIGHT_TYPE : EUC_2D
NODE_COORD_SECTION
1 0.00 0.00
2 -64.77 20.31
3 12.67 -43.37
4 -63.40 66.13
5 -6.27 31.73
6 63.59 25.91
7 -8.78 -61.46
8 2.46 63.80
9 -29.77 -6.58
10 53.22 -55.00
11 55.57 -64.58
12 87.14 -42.81
13 33.30 -21.05
14 -76.32 31.25
15 -4.65 -39.88
16 -38.59 -50.38
17 25.45 -17.96
18 -81.36 -1.91
19 69.03 12.64
20 25.27 63.12
21 53.94 -14.69
ACCEPTED_PROBABILITIES
0.00
0.13
0.19
0.17
0.16
0.11
0.12
0.10
0.15
0.20
0.11
0.13
0.17
0.12
0.11
0.17
0.11
0.17
0.20
0.10
0.14
OUTSOURCING_COSTS
0.00
11.45
1.43
3.98
6.60
14.57
12.10
15.34
8.03
0.16
13.77
11.70
5.04
12.06
14.55
4.05
14.68
4.88
0.30
15.34
9.38
