NAME : sz-20-prob_type-inverse_dist-prob-0.25-fee_type-direct_prob-fee-2.6
TYPE : TSP
DIMENSION : 20
EDGE_WEIGHT_TYPE : EUC_2D
NODE_COORD_SECTION
1 0.00 0.00
2 -58.93 -42.49
3 65.56 -41.35
4 34.80 -75.10
5 38.38 -35.50
6 96.43 -18.10
7 93.34 -31.38
8 -18.25 -81.49
9 15.25 87.88
10 -22.48 25.98
11 -78.79 48.35
12 -83.32 12.18
13 16.17 -88.38
14 -24.04 -62.58
15 -22.59 -47.17
16 27.76 -62.99
17 41.03 -23.84
18 -11.72 62.18
19 -26.70 -80.78
20 -31.04 -37.50
ACCEPTED_PROBABILITIES
0.00
0.21
0.29
0.24
0.25
0.25
0.25
0.26
0.23
0.36
0.23
0.23
0.26
0.33
0.33
0.18
0.27
0.21
0.28
0.35
OUTSOURCING_COSTS
0.00
2.64
8.95
4.48
5.83
5.25
5.44
6.48
4.31
13.55
4.39
4.27
6.31
11.74
11.42
0.14
7.21
2.23
7.93
12.99
