NAME : sz-20-prob_type-inverse_dist-prob-0.25-fee_type-inverse_prob-fee-2.5
TYPE : TSP
DIMENSION : 20
EDGE_WEIGHT_TYPE : EUC_2D
NODE_COORD_SECTION
1 0.00 0.00
2 -37.76 -26.43
3 -45.94 60.68
4 -48.02 -32.87
5 30.91 27.76
6 -17.86 86.42
7 -55.12 31.88
8 80.83 -37.35
9 24.36 -35.58
10 -19.55 -28.80
11 5.10 -30.53
12 -48.20 -81.14
13 10.07 -55.34
14 12.65 72.43
15 4.37 -50.28
16 -5.80 -37.08
17 81.01 -29.09
18 72.05 27.63
19 60.71 17.83
20 -57.10 -25.80
ACCEPTED_PROBABILITIES
0.00
0.20
0.28
0.26
0.17
0.26
0.18
0.24
0.19
0.19
0.24
0.24
0.16
0.27
0.31
0.26
0.27
0.29
0.28
0.21
OUTSOURCING_COSTS
0.00
9.03
2.70
3.78
12.34
4.38
10.98
5.90
10.48
9.83
5.81
6.17
13.03
3.58
0.13
4.28
3.24
1.51
2.03
8.68
