NAME : sz-20-prob_type-uniform-prob-0.35-fee_type-inverse_prob-fee-3.3
TYPE : TSP
DIMENSION : 20
EDGE_WEIGHT_TYPE : EUC_2D
NODE_COORD_SECTION
1 0.00 0.00
2 84.18 36.91
3 42.88 89.07
4 51.08 31.11
5 46.11 68.19
6 -75.39 -65.37
7 -4.05 -86.17
8 24.44 27.90
9 -10.82 19.37
10 -47.99 -52.43
11 20.62 -11.19
12 -45.24 -80.14
13 -25.78 -72.46
14 -43.81 -49.58
15 -28.45 -25.55
16 13.94 55.17
17 -59.51 6.12
18 -16.11 -91.25
19 21.18 -78.51
20 -32.08 61.81
ACCEPTED_PROBABILITIES
0.00
0.38
0.34
0.31
0.37
0.36
0.35
0.33
0.35
0.38
0.39
0.39
0.39
0.38
0.31
0.39
0.31
0.38
0.38
0.40
OUTSOURCING_COSTS
0.00
2.36
12.26
16.91
4.42
7.10
8.33
12.34
9.10
4.09
0.54
0.19
0.39
2.49
17.19
1.71
16.78
2.48
3.48
0.17
