NAME : sz-20-prob_type-uniform-prob-0.30-fee_type-direct_prob-fee-2.5
TYPE : TSP
DIMENSION : 20
EDGE_WEIGHT_TYPE : EUC_2D
NODE_COORD_SECTION
1 0.00 0.00
2 -72.73 43.22
3 -29.73 -11.71
4 -47.26 7.11
5 87.64 12.97
6 -75.86 43.25
7 68.77 -27.07
8 -5.63 -82.20
9 47.20 -66.25
10 12.06 -97.79
11 24.11 -81.27
12 -9.06 53.82
13 83.24 14.42
14 70.57 -15.57
15 -77.88 9.28
16 -33.52 32.17
17 30.18 -73.19
18 26.20 68.21
19 -36.13 -89.02
20 -24.59 28.77
ACCEPTED_PROBABILITIES
0.00
0.31
0.26
0.34
0.29
0.34
0.30
0.27
0.28
0.26
0.33
0.33
0.33
0.25
0.30
0.33
0.32
0.28
0.33
0.33
OUTSOURCING_COSTS
0.00
8.30
0.57
13.03
5.61
12.14
6.89
2.41
4.10
0.96
10.70
11.55
10.47
0.13
7.53
11.09
10.18
4.09
10.70
11.75
