NAME : sz-20-prob_type-uniform-prob-0.35-fee_type-inverse_prob-fee-2.8
TYPE : TSP
DIMENSION : 20
EDGE_WEIGHT_TYPE : EUC_2D
NODE_COORD_SECTION
1 0.00 0.00
2 64.66 -25.04
3 26.28 10.25
4 46.67 82.53
5 60.75 -20.88
6 -17.84 91.10
7 30.78 94.63
8 -89.72 -20.44
9 -52.02 19.47
10 -32.42 -57.86
11 -6.23 5.69
12 25.08 59.85
13 -24.04 -77.27
14 53.72 -41.56
15 70.04 66.96
16 -14.23 -89.81
17 94.71 -23.37
18 32.90 -60.47
19 -30.76 6.62
20 14.44 -23.07
ACCEPTED_PROBABILITIES
0.00
0.36
0.39
0.37
0.37
0.31
0.39
0.38
0.33
0.32
0.31
0.31
0.33
0.38
0.40
0.33
0.31
0.31
0.34
0.38
OUTSOURCING_COSTS
0.00
5.65
1.89
5.24
5.14
14.03
1.53
2.98
10.96
12.12
13.55
13.25
10.88
2.63
0.15
10.83
14.59
14.59
8.69
3.14
