NAME : sz-20-prob_type-uniform-prob-0.45-fee_type-direct_prob-fee-2.5
TYPE : TSP
DIMENSION : 20
EDGE_WEIGHT_TYPE : EUC_2D
NODE_COORD_SECTION
1 0.00 0.00
2 0.61 26.92
3 -66.40 34.65
4 29.64 -84.23
5 -55.63 40.96
6 -18.26 70.03
7 5.59 85.17
8 -46.42 33.24
9 2.87 -67.64
10 -71.41 -21.20
11 64.76 -28.57
12 -12.12 -6.34
13 -0.45 73.77
14 -9.98 47.27
15 49.73 46.18
16 7.44 -66.44
17 30.30 -71.09
18 7.50 56.34
19 -61.70 74.25
20 -19.72 55.62
ACCEPTED_PROBABILITIES
0.00
0.41
0.44
0.45
0.50
0.45
0.44
0.44
0.48
0.46
0.45
0.47
0.44
0.50
0.40
0.47
0.45
0.40
0.46
0.42
OUTSOURCING_COSTS
0.00
0.72
4.79
6.60
13.03
6.40
5.15
4.54
11.02
7.87
6.29
8.73
4.89
13.03
0.13
9.49
6.25
0.13
7.51
3.06
