NAME : sz-21-prob_type-inverse_dist-prob-0.50-fee_type-inverse_prob-fee-2.7
TYPE : TSP
DIMENSION : 21
EDGE_WEIGHT_TYPE : EUC_2D
NODE_COORD_SECTION
1 0.00 0.00
2 -61.33 11.79
3 86.73 -21.87
4 -30.46 31.09
5 4.77 -40.17
6 9.34 95.31
7 -10.71 -11.07
8 -12.57 -71.25
9 -41.18 -89.62
10 94.03 16.11
11 -93.32 -20.67
12 10.96 -31.55
13 -94.94 -9.76
14 76.64 46.20
15 -30.86 34.36
16 -31.77 -80.01
17 60.41 33.01
18 -60.56 -28.63
19 -77.27 22.22
20 -42.56 -44.60
21 1.28 -98.98
ACCEPTED_PROBABILITIES
0.00
0.42
0.49
0.63
0.60
0.51
0.46
0.52
0.50
0.49
0.49
0.36
0.50
0.52
0.49
0.50
0.55
0.47
0.46
0.56
0.50
OUTSOURCING_COSTS
0.00
10.57
6.93
0.14
1.34
6.14
8.60
5.49
6.60
6.86
6.92
13.36
6.63
5.66
7.01
6.71
3.84
8.08
8.67
3.77
6.58
