NAME : sz-20-prob_type-uniform-prob-0.50-fee_type-direct_prob-fee-3.2
TYPE : TSP
DIMENSION : 20
EDGE_WEIGHT_TYPE : EUC_2D
NODE_COORD_SECTION
1 0.00 0.00
2 -74.39 25.32
3 2.91 -8.75
4 -87.96 -28.86
5 -71.74 -38.85
6 65.60 10.02
7 0.71 -73.70
8 -70.61 -0.82
9 -18.75 87.59
10 -23.24 81.13
11 43.65 34.15
12 -11.42 78.80
13 16.69 17.66
14 33.91 56.43
15 -16.17 -10.00
16 -31.91 -34.79
17 44.50 16.97
18 9.19 92.69
19 -70.17 -40.74
20 -89.10 13.54
ACCEPTED_PROBABILITIES
0.00
0.46
0.54
0.50
0.47
0.52
0.47
0.54
0.51
0.50
0.49
0.47
0.53
0.46
0.55
0.47
0.48
0.53
0.55
0.48
OUTSOURCING_COSTS
0.00
0.17
14.67
8.21
0.82
11.83
1.98
15.18
9.50
7.62
5.98
1.98
12.25
0.31
16.67
0.91
3.34
12.48
16.64
3.77
