NAME : sz-21-prob_type-uniform-prob-0.10-fee_type-direct_prob-fee-2.9
TYPE : TSP
DIMENSION : 21
EDGE_WEIGHT_TYPE : EUC_2D
NODE_COORD_SECTION
1 0.00 0.00
2 -85.38 9.13
3 10.13 -29.30
4 -97.45 -8.73
5 -65.47 4.13
6 -9.04 -80.63
7 -7.48 71.52
8 -96.17 -21.23
9 85.78 -19.12
10 -25.17 70.50
11 22.95 -69.39
12 -30.80 8.46
13 -51.91 67.26
14 -23.78 55.03
15 -45.64 26.02
16 -82.37 -32.67
17 -27.10 -73.74
18 55.91 1.88
19 -51.27 -57.86
20 -86.16 28.18
21 55.50 54.20
ACCEPTED_PROBABILITIES
0.00
0.07
0.13
0.08
0.13
0.12
0.09
0.09
0.12
0.11
0.10
0.10
0.15
0.10
0.10
0.10
0.07
0.06
0.09
0.09
0.12
OUTSOURCING_COSTS
0.00
2.23
11.30
3.92
11.49
10.92
4.53
4.43
9.74
8.62
7.21
6.01
14.36
6.36
7.19
6.43
2.43
0.14
4.66
4.37
9.46
