NAME : sz-20-prob_type-uniform-prob-0.10-fee_type-inverse_prob-fee-2.6
TYPE : TSP
DIMENSION : 20
EDGE_WEIGHT_TYPE : EUC_2D
NODE_COORD_SECTION
1 0.00 0.00
2 -37.57 32.41
3 -17.52 -80.36
4 -41.75 -27.06
5 -1.05 12.61
6 71.00 -19.13
7 -13.21 80.58
8 -62.83 19.71
9 18.75 -45.18
10 2.46 -5.00
11 60.74 -28.52
12 -69.52 -8.12
13 -24.82 -8.68
14 -26.25 15.72
15 -21.03 -13.26
16 21.76 -81.33
17 -39.96 22.83
18 -30.32 33.72
19 -15.43 38.81
20 27.79 -78.23
ACCEPTED_PROBABILITIES
0.00
0.11
0.15
0.07
0.06
0.11
0.12
0.06
0.12
0.13
0.07
0.10
0.10
0.06
0.13
0.07
0.06
0.07
0.07
0.06
OUTSOURCING_COSTS
0.00
5.03
0.14
10.76
12.45
5.11
4.16
13.54
3.93
2.98
11.26
7.26
7.24
12.75
2.17
12.03
13.55
11.98
11.30
12.38
