NAME : sz-20-prob_type-uniform-prob-0.45-fee_type-direct_prob-fee-2.8
TYPE : TSP
DIMENSION : 20
EDGE_WEIGHT_TYPE : EUC_2D
NODE_COORD_SECTION
1 0.00 0.00
2 63.47 28.88
3 -13.45 93.65
4 -63.63 69.55
5 -66.61 43.25
6 19.93 22.76
7 -5.83 31.59
8 22.66 39.42
9 -64.31 30.99
10 -94.09 1.44
11 53.59 -11.99
12 -54.24 20.93
13 -56.13 9.81
14 -46.87 69.11
15 -34.96 -77.36
16 56.73 11.94
17 -79.71 -54.36
18 -18.25 57.94
19 -34.82 40.55
20 42.37 63.53
ACCEPTED_PROBABILITIES
0.00
0.47
0.47
0.46
0.46
0.44
0.50
0.42
0.49
0.46
0.42
0.41
0.45
0.45
0.50
0.45
0.43
0.42
0.42
0.50
OUTSOURCING_COSTS
0.00
10.53
10.38
9.12
8.93
4.95
14.35
2.41
13.49
9.03
1.49
0.15
7.46
7.40
14.38
6.83
3.20
1.89
2.39
14.59
