NAME : sz-20-prob_type-uniform-prob-0.15-fee_type-direct_prob-fee-2.9
TYPE : TSP
DIMENSION : 20
EDGE_WEIGHT_TYPE : EUC_2D
NODE_COORD_SECTION
1 0.00 0.00
2 -23.82 -74.56
3 -54.35 -46.92
4 -52.31 57.72
5 37.72 56.60
6 -47.88 -34.67
7 4.60 -88.07
8 51.45 33.02
9 -15.45 -46.70
10 -73.33 33.31
11 62.29 -11.22
12 33.55 -35.01
13 17.49 16.25
14 22.87 -37.34
15 -24.82 69.36
16 53.56 -72.17
17 16.16 -14.17
18 69.50 8.09
19 -44.05 -85.96
20 -17.05 -85.90
ACCEPTED_PROBABILITIES
0.00
0.13
0.17
0.11
0.18
0.14
0.11
0.19
0.15
0.16
0.20
0.11
0.12
0.20
0.20
0.13
0.12
0.19
0.13
0.10
OUTSOURCING_COSTS
0.00
4.55
11.09
1.18
11.59
5.98
1.88
14.10
7.20
9.76
14.69
1.64
2.44
14.57
15.11
4.79
2.84
13.74
4.80
0.15
