NAME : sz-20-prob_type-inverse_dist-prob-0.25-fee_type-direct_prob-fee-2.7
TYPE : TSP
DIMENSION : 20
EDGE_WEIGHT_TYPE : EUC_2D
NODE_COORD_SECTION
1 0.00 0.00
2 -33.66 46.74
3 58.20 40.94
4 55.08 40.63
5 65.66 13.05
6 -50.96 -31.71
7 -55.78 9.54
8 66.84 -24.29
9 -51.35 -20.94
10 50.11 -32.13
11 -86.63 49.00
12 35.79 -22.77
13 -17.78 83.05
14 -34.99 32.11
15 -18.90 97.56
16 28.61 -32.99
17 67.43 19.09
18 -21.72 -65.02
19 -85.42 49.05
20 21.71 -62.03
ACCEPTED_PROBABILITIES
0.00
0.28
0.28
0.29
0.22
0.26
0.33
0.28
0.25
0.20
0.25
0.13
0.23
0.17
0.25
0.24
0.21
0.27
0.25
0.21
OUTSOURCING_COSTS
0.00
10.77
10.57
11.58
6.62
9.46
14.07
10.96
8.60
5.17
8.53
0.14
7.28
2.52
8.37
7.60
5.43
10.16
8.68
5.76
