NAME : sz-20-prob_type-uniform-prob-0.55-fee_type-direct_prob-fee-2.8
TYPE : TSP
DIMENSION : 20
EDGE_WEIGHT_TYPE : EUC_2D
NODE_COORD_SECTION
1 0.00 0.00
2 61.52 49.32
3 -4.77 51.95
4 24.20 71.21
5 58.37 38.29
6 55.30 -57.16
7 -26.88 -21.20
8 -83.35 -50.94
9 -61.15 30.01
10 -67.91 20.59
11 88.48 32.47
12 21.69 -39.32
13 -53.68 8.32
14 76.84 50.50
15 40.31 -78.00
16 84.92 -35.51
17 -94.66 2.06
18 -6.06 -59.77
19 32.62 7.31
20 42.40 84.32
ACCEPTED_PROBABILITIES
0.00
0.54
0.52
0.59
0.51
0.51
0.54
0.52
0.57
0.52
0.57
0.60
0.53
0.55
0.54
0.55
0.53
0.56
0.56
0.59
OUTSOURCING_COSTS
0.00
5.08
1.67
14.06
0.53
0.15
4.47
1.43
9.21
1.80
9.12
14.59
2.54
6.65
4.42
6.37
3.95
8.34
8.52
13.11
