NAME : sz-21-prob_type-direct_dist-prob-0.50-fee_type-inverse_prob-fee-3.3
TYPE : TSP
DIMENSION : 21
EDGE_WEIGHT_TYPE : EUC_2D
NODE_COORD_SECTION
1 0.00 0.00
2 27.15 -67.05
3 -20.60 -68.18
4 86.25 -26.08
5 -43.99 -44.06
6 12.90 65.28
7 -20.60 13.58
8 27.97 -75.40
9 -23.37 7.17
10 0.06 26.64
11 5.71 80.23
12 2.60 9.15
13 81.29 -32.74
14 91.85 35.60
15 -3.25 -80.35
16 17.82 76.98
17 -25.14 -91.41
18 -5.23 -27.97
19 -15.11 28.62
20 -50.98 -13.41
21 69.85 -28.95
ACCEPTED_PROBABILITIES
0.00
0.59
0.55
0.64
0.47
0.54
0.45
0.43
0.46
0.53
0.48
0.50
0.35
0.74
0.66
0.58
0.47
0.49
0.55
0.45
0.58
OUTSOURCING_COSTS
0.00
6.11
8.00
4.02
11.38
8.57
12.28
12.89
11.76
8.84
10.99
10.00
16.34
0.16
3.15
6.91
11.41
10.64
8.17
12.28
6.72
