NAME : sz-20-prob_type-uniform-prob-0.20-fee_type-direct_prob-fee-3.1
TYPE : TSP
DIMENSION : 20
EDGE_WEIGHT_TYPE : EUC_2D
NODE_COORD_SECTION
1 0.00 0.00
2 63.75 51.91
3 77.19 0.48
4 25.57 80.32
5 62.49 58.85
6 23.02 38.83
7 8.45 -9.16
8 67.34 -45.28
9 -40.01 61.71
10 39.37 51.83
11 96.10 16.59
12 28.66 -10.65
13 -34.71 -67.44
14 -31.33 -56.45
15 -65.55 67.37
16 92.64 -34.56
17 -27.07 78.62
18 -57.25 -45.12
19 -51.43 60.45
20 7.70 8.99
ACCEPTED_PROBABILITIES
0.00
0.20
0.22
0.23
0.24
0.19
0.19
0.24
0.20
0.23
0.17
0.17
0.23
0.22
0.24
0.22
0.23
0.18
0.18
0.16
OUTSOURCING_COSTS
0.00
7.42
11.48
13.50
16.15
6.46
6.11
15.91
8.99
14.01
2.71
2.95
13.71
12.99
14.99
11.14
14.75
4.64
5.49
0.16
