NAME : sz-20-prob_type-uniform-prob-0.50-fee_type-inverse_prob-fee-3.1
TYPE : TSP
DIMENSION : 20
EDGE_WEIGHT_TYPE : EUC_2D
NODE_COORD_SECTION
1 0.00 0.00
2 -41.40 -49.56
3 49.69 11.44
4 0.86 -94.88
5 -56.12 75.07
6 55.00 -33.98
7 55.53 46.06
8 -95.26 15.10
9 -51.56 -11.32
10 20.43 -16.38
11 -68.71 -31.58
12 11.21 -35.61
13 -96.56 1.46
14 -62.26 -49.65
15 -90.21 16.31
16 35.42 -57.33
17 -58.68 -2.85
18 49.65 29.04
19 61.75 -54.99
20 17.68 94.35
ACCEPTED_PROBABILITIES
0.00
0.51
0.46
0.47
0.50
0.50
0.48
0.51
0.54
0.52
0.52
0.50
0.48
0.48
0.53
0.49
0.51
0.51
0.49
0.49
OUTSOURCING_COSTS
0.00
5.25
16.15
15.17
7.78
8.02
12.57
6.62
0.16
3.58
4.32
7.39
11.76
11.77
1.20
9.77
6.38
5.11
10.02
10.17
