NAME : sz-20-prob_type-uniform-prob-0.10-fee_type-direct_prob-fee-2.6
TYPE : TSP
DIMENSION : 20
EDGE_WEIGHT_TYPE : EUC_2D
NODE_COORD_SECTION
1 0.00 0.00
2 0.12 57.55
3 31.87 49.23
4 -52.14 23.63
5 48.90 -37.53
6 -15.08 40.38
7 81.61 -46.93
8 23.67 31.17
9 -43.21 -54.72
10 -63.98 -38.73
11 -77.54 -45.37
12 45.87 -4.30
13 -77.89 -58.89
14 -2.78 -37.46
15 39.19 6.60
16 9.82 21.02
17 -56.77 -52.96
18 57.75 -14.34
19 -41.12 9.41
20 0.71 -24.63
ACCEPTED_PROBABILITIES
0.00
0.14
0.10
0.12
0.05
0.11
0.07
0.09
0.12
0.05
0.14
0.05
0.14
0.14
0.08
0.09
0.15
0.15
0.13
0.11
OUTSOURCING_COSTS
0.00
12.48
7.29
9.08
0.14
8.13
3.17
5.87
9.79
0.14
12.98
0.29
13.07
12.33
4.18
5.63
13.55
13.53
10.46
8.07
