NAME : sz-20-prob_type-direct_dist-prob-0.25-fee_type-direct_prob-fee-3.3
TYPE : TSP
DIMENSION : 20
EDGE_WEIGHT_TYPE : EUC_2D
NODE_COORD_SECTION
1 0.00 0.00
2 -68.52 -40.41
3 1.26 28.16
4 56.63 79.96
5 -0.27 63.63
6 -92.08 -26.50
7 -30.65 41.48
8 -91.75 4.07
9 -68.46 -8.60
10 -26.47 16.96
11 -60.91 35.25
12 -96.35 11.30
13 19.23 -93.69
14 66.76 -53.94
15 -75.80 -64.16
16 52.57 -84.21
17 53.47 -43.01
18 -42.96 -58.98
19 36.00 85.35
20 6.33 92.89
ACCEPTED_PROBABILITIES
0.00
0.37
0.23
0.29
0.23
0.45
0.23
0.21
0.20
0.26
0.24
0.36
0.22
0.34
0.02
0.35
0.34
0.25
0.13
0.09
OUTSOURCING_COSTS
0.00
14.18
8.60
10.80
8.43
17.19
8.55
7.72
7.16
9.56
9.10
13.68
8.22
12.82
0.17
13.52
13.00
9.28
4.69
2.87
