NAME : sz-20-prob_type-uniform-prob-0.20-fee_type-direct_prob-fee-2.8
TYPE : TSP
DIMENSION : 20
EDGE_WEIGHT_TYPE : EUC_2D
NODE_COORD_SECTION
1 0.00 0.00
2 -42.98 -54.15
3 78.62 38.12
4 -47.05 83.51
5 76.43 55.53
6 41.20 88.41
7 -65.89 24.75
8 -17.76 23.33
9 -9.30 45.15
10 -45.59 -30.90
11 -24.87 17.79
12 -23.02 96.41
13 0.98 -80.59
14 23.82 22.96
15 -37.12 -33.48
16 2.70 -18.59
17 52.82 64.56
18 13.05 -38.02
19 25.11 -34.31
20 -15.51 96.45
ACCEPTED_PROBABILITIES
0.00
0.20
0.24
0.19
0.15
0.15
0.23
0.25
0.20
0.22
0.18
0.23
0.23
0.22
0.20
0.18
0.24
0.21
0.19
0.18
OUTSOURCING_COSTS
0.00
7.53
12.92
5.90
0.15
0.15
11.84
14.59
6.96
10.74
4.45
11.87
12.25
11.17
8.10
4.05
14.06
9.05
5.62
3.86
