NAME : sz-21-prob_type-uniform-prob-0.45-fee_type-direct_prob-fee-2.5
TYPE : TSP
DIMENSION : 21
EDGE_WEIGHT_TYPE : EUC_2D
NODE_COORD_SECTION
1 0.00 0.00
2 -18.30 91.18
3 1.75 -60.92
4 1.51 -1.46
5 40.05 8.84
6 -13.05 69.94
7 77.76 50.81
8 9.02 -87.39
9 -84.80 -35.87
10 33.73 91.91
11 -4.74 -26.04
12 -61.49 -17.25
13 52.55 74.50
14 -32.39 -62.15
15 -13.33 -76.98
16 61.20 -55.23
17 38.33 28.77
18 -71.55 32.61
19 -13.47 -37.78
20 -15.28 88.33
21 -30.08 61.30
ACCEPTED_PROBABILITIES
0.00
0.50
0.42
0.42
0.49
0.47
0.47
0.48
0.42
0.43
0.42
0.46
0.43
0.49
0.42
0.49
0.44
0.45
0.45
0.47
0.47
OUTSOURCING_COSTS
0.00
12.38
0.12
0.29
11.59
7.74
7.75
10.26
0.39
1.61
0.37
7.07
1.88
11.75
0.73
11.26
3.12
5.41
4.80
8.71
8.52
