NAME : sz-21-prob_type-uniform-prob-0.20-fee_type-inverse_prob-fee-3.5
TYPE : TSP
DIMENSION : 21
EDGE_WEIGHT_TYPE : EUC_2D
NODE_COORD_SECTION
1 0.00 0.00
2 -28.92 -20.30
3 -57.08 -6.99
4 83.27 11.85
5 -65.95 -33.01
6 18.87 28.45
7 -49.71 44.65
8 48.66 -30.55
9 -14.68 83.93
10 -31.29 17.55
11 -27.44 -44.67
12 43.95 -49.40
13 89.50 11.81
14 -33.76 -60.19
15 -11.58 -27.50
16 95.14 -3.13
17 -40.91 -25.09
18 25.05 50.67
19 -18.51 33.01
20 17.13 -11.57
21 -61.66 -46.54
ACCEPTED_PROBABILITIES
0.00
0.17
0.19
0.15
0.21
0.17
0.22
0.19
0.24
0.16
0.17
0.21
0.21
0.24
0.16
0.22
0.23
0.16
0.17
0.19
0.19
OUTSOURCING_COSTS
0.00
14.61
9.68
17.32
6.05
13.96
3.07
9.35
0.18
15.91
14.26
6.56
6.78
0.63
16.43
4.30
1.30
16.19
13.51
10.33
9.34
