NAME : sz-20-prob_type-inverse_dist-prob-0.25-fee_type-direct_prob-fee-3.2
TYPE : TSP
DIMENSION : 20
EDGE_WEIGHT_TYPE : EUC_2D
NODE_COORD_SECTION
1 0.00 0.00
2 39.08 54.36
3 28.46 65.88
4 -13.85 63.22
5 63.18 -18.27
6 -85.70 0.44
7 -24.22 -51.13
8 -38.27 -67.77
9 18.11 53.53
10 -10.75 -84.11
11 -36.91 -26.20
12 78.95 -36.17
13 -94.54 11.43
14 -25.49 52.36
15 -22.00 -34.67
16 -89.76 -30.14
17 -23.11 -58.54
18 -89.85 -14.14
19 13.81 78.78
20 -50.53 -47.49
ACCEPTED_PROBABILITIES
0.00
0.22
0.28
0.22
0.32
0.26
0.29
0.23
0.27
0.27
0.13
0.26
0.25
0.28
0.16
0.25
0.34
0.26
0.28
0.25
OUTSOURCING_COSTS
0.00
7.74
12.01
7.69
15.32
10.72
13.35
8.14
11.83
11.64
0.17
10.71
9.95
12.34
2.35
9.60
16.67
10.43
12.53
9.73
