NAME : sz-20-prob_type-inverse_dist-prob-0.50-fee_type-inverse_prob-fee-2.6
TYPE : TSP
DIMENSION : 20
EDGE_WEIGHT_TYPE : EUC_2D
NODE_COORD_SECTION
1 0.00 0.00
2 -12.20 -61.12
3 -57.59 70.52
4 67.31 -47.26
5 -31.67 -47.07
6 33.28 -11.60
7 -65.03 19.32
8 2.44 -49.41
9 85.71 -29.59
10 -1.59 37.15
11 -25.31 4.66
12 10.82 7.85
13 -40.73 45.52
14 22.03 16.55
15 43.61 -0.98
16 46.43 76.68
17 31.62 18.84
18 -18.34 -15.75
19 28.48 -15.98
20 -14.75 -77.77
ACCEPTED_PROBABILITIES
0.00
0.43
0.49
0.54
0.48
0.64
0.56
0.56
0.49
0.61
0.34
0.55
0.51
0.45
0.51
0.50
0.47
0.38
0.66
0.48
OUTSOURCING_COSTS
0.00
9.63
7.22
5.00
7.84
1.18
4.33
4.21
7.46
2.06
13.55
4.87
6.28
8.98
6.40
6.96
8.01
11.67
0.14
7.53
