NAME : sz-20-prob_type-direct_dist-prob-0.25-fee_type-inverse_prob-fee-3.1
TYPE : TSP
DIMENSION : 20
EDGE_WEIGHT_TYPE : EUC_2D
NODE_COORD_SECTION
1 0.00 0.00
2 -62.07 -9.03
3 11.01 68.49
4 -82.90 32.05
5 -2.74 -79.73
6 83.59 49.74
7 72.75 -44.95
8 44.54 -16.77
9 35.75 -30.53
10 55.37 -28.15
11 25.13 -35.00
12 87.86 -26.51
13 -70.26 -27.12
14 30.85 77.02
15 -78.07 -29.59
16 7.31 -1.82
17 32.33 -2.55
18 -52.61 -4.63
19 78.98 10.26
20 12.38 -81.90
ACCEPTED_PROBABILITIES
0.00
0.16
0.40
0.44
0.05
0.04
0.16
0.34
0.30
0.22
0.15
0.15
0.09
0.43
0.26
0.24
0.27
0.27
0.44
0.41
OUTSOURCING_COSTS
0.00
11.50
1.68
0.16
15.91
16.15
11.42
4.16
5.83
8.90
11.97
11.74
14.48
0.49
7.51
8.32
7.01
6.78
0.16
1.21
