NAME : sz-20-prob_type-uniform-prob-0.25-fee_type-direct_prob-fee-3.4
TYPE : TSP
DIMENSION : 20
EDGE_WEIGHT_TYPE : EUC_2D
NODE_COORD_SECTION
1 0.00 0.00
2 -9.20 43.00
3 -51.44 61.28
4 0.76 -82.39
5 -9.79 -56.16
6 0.99 -3.31
7 21.06 91.63
8 79.65 -55.06
9 20.90 -95.29
10 -9.44 30.67
11 63.65 -10.06
12 -31.27 34.39
13 63.96 28.11
14 -36.79 58.77
15 -53.07 26.61
16 -43.24 -70.99
17 -10.83 -90.49
18 -41.15 75.11
19 63.03 -33.35
20 68.47 55.41
ACCEPTED_PROBABILITIES
0.00
0.28
0.22
0.25
0.29
0.24
0.22
0.21
0.29
0.28
0.21
0.30
0.29
0.26
0.22
0.23
0.23
0.20
0.27
0.23
OUTSOURCING_COSTS
0.00
15.71
4.42
9.57
16.05
6.50
2.64
1.52
16.01
15.26
1.85
17.72
16.09
11.57
3.50
5.21
5.26
0.18
13.59
4.78
