NAME : sz-21-prob_type-uniform-prob-0.25-fee_type-direct_prob-fee-2.9
TYPE : TSP
DIMENSION : 21
EDGE_WEIGHT_TYPE : EUC_2D
NODE_COORD_SECTION
1 0.00 0.00
2 83.71 1.62
3 -44.97 68.25
4 2.02 -2.49
5 80.57 -40.70
6 42.13 79.78
7 -87.94 -32.01
8 21.37 -17.45
9 -94.23 4.49
10 69.49 -60.72
11 29.53 37.77
12 -52.84 52.85
13 -22.14 -65.88
14 -47.38 74.81
15 -23.51 -24.81
16 1.10 -96.20
17 -63.27 63.67
18 -68.17 -13.80
19 64.98 20.68
20 61.25 -20.01
21 -11.42 -71.09
ACCEPTED_PROBABILITIES
0.00
0.28
0.23
0.23
0.27
0.25
0.23
0.27
0.27
0.22
0.21
0.22
0.26
0.26
0.25
0.20
0.23
0.22
0.26
0.22
0.23
OUTSOURCING_COSTS
0.00
14.36
4.71
5.39
11.69
8.84
5.44
12.40
12.82
3.12
1.74
2.89
10.55
10.64
8.35
0.14
4.90
3.70
9.64
3.02
4.89
