NAME : sz-20-prob_type-uniform-prob-0.10-fee_type-direct_prob-fee-3.1
TYPE : TSP
DIMENSION : 20
EDGE_WEIGHT_TYPE : EUC_2D
NODE_COORD_SECTION
1 0.00 0.00
2 28.31 -78.86
3 65.18 -55.52
4 -24.02 -86.99
5 -73.76 -51.65
6 -20.66 64.67
7 -30.97 -23.22
8 10.61 -5.78
9 -68.06 -2.93
10 -74.77 52.72
11 -71.04 10.88
12 -56.21 -31.18
13 90.00 4.98
14 58.62 -68.67
15 -7.34 -40.40
16 51.05 47.46
17 36.70 46.88
18 -25.37 94.03
19 -17.43 -59.77
20 31.34 75.32
ACCEPTED_PROBABILITIES
0.00
0.11
0.11
0.15
0.07
0.09
0.12
0.10
0.14
0.07
0.11
0.05
0.14
0.14
0.10
0.06
0.09
0.09
0.14
0.12
OUTSOURCING_COSTS
0.00
8.90
10.06
16.15
2.72
6.35
10.96
8.53
14.59
2.17
9.24
0.16
14.34
14.44
7.13
1.63
6.47
6.34
15.26
11.51
