NAME : sz-20-prob_type-uniform-prob-0.15-fee_type-direct_prob
TYPE : TSP
DIMENSION : 20
EDGE_WEIGHT_TYPE : EUC_2D
NODE_COORD_SECTION
1 0.00 0.00
2 -0.79 -93.94
3 65.96 26.11
4 79.45 -34.41
5 64.29 -74.31
6 -6.62 -25.45
7 35.18 76.04
8 5.48 -8.64
9 84.27 41.68
10 8.73 27.52
11 -10.78 -8.65
12 -35.03 4.18
13 -27.91 77.08
14 87.53 -5.09
15 -85.04 30.04
16 -56.09 -14.30
17 -26.46 -73.88
18 -75.38 11.08
19 -57.77 -26.59
20 34.90 -31.11
ACCEPTED_PROBABILITIES
0.00
0.19
0.19
0.16
0.19
0.13
0.13
0.16
0.16
0.19
0.19
0.17
0.11
0.14
0.12
0.20
0.16
0.17
0.20
0.18
OUTSOURCING_COSTS
0.00
14.36
13.30
9.24
14.53
3.07
2.62
7.92
9.55
13.70
14.84
10.82
0.16
5.56
1.44
15.63
8.42
10.06
15.07
12.75
