NAME : sz-21-prob_type-uniform-prob-0.50-fee_type-direct_prob-fee-3.4
TYPE : TSP
DIMENSION : 21
EDGE_WEIGHT_TYPE : EUC_2D
NODE_COORD_SECTION
1 0.00 0.00
2 81.71 17.72
3 -6.94 1.38
4 -0.64 -22.87
5 78.26 -26.13
6 -92.35 7.67
7 98.05 7.29
8 -10.02 -16.76
9 -12.27 -47.15
10 48.21 -74.98
11 55.16 60.19
12 36.68 -38.55
13 -2.03 31.52
14 -34.95 32.19
15 19.67 37.87
16 -67.24 30.82
17 -44.11 -27.01
18 26.99 1.09
19 -1.19 -37.19
20 -44.22 -77.53
21 -40.21 -83.75
ACCEPTED_PROBABILITIES
0.00
0.48
0.51
0.51
0.47
0.53
0.51
0.50
0.49
0.51
0.51
0.54
0.52
0.47
0.51
0.47
0.53
0.53
0.50
0.54
0.53
OUTSOURCING_COSTS
0.00
2.42
9.16
9.60
0.17
14.01
10.00
8.08
5.33
8.28
9.92
16.80
11.87
0.17
10.08
0.55
13.70
13.41
6.94
16.83
13.31
