NAME : sz-20-prob_type-inverse_dist-prob-0.25-fee_type-inverse_prob-fee-3.5
TYPE : TSP
DIMENSION : 20
EDGE_WEIGHT_TYPE : EUC_2D
NODE_COORD_SECTION
1 0.00 0.00
2 -24.63 -37.24
3 -33.21 81.93
4 -74.00 -30.78
5 47.95 -4.82
6 -42.66 -45.60
7 49.58 -84.08
8 5.19 0.48
9 92.90 34.28
10 40.14 81.88
11 -19.19 43.94
12 71.77 -7.06
13 19.53 -71.19
14 32.62 -54.84
15 55.78 20.27
16 -84.24 14.36
17 53.75 73.21
18 -18.03 96.17
19 -1.08 -20.87
20 -17.86 37.80
ACCEPTED_PROBABILITIES
0.00
0.14
0.24
0.21
0.23
0.21
0.25
0.39
0.25
0.27
0.18
0.22
0.26
0.18
0.35
0.24
0.25
0.25
0.07
0.32
OUTSOURCING_COSTS
0.00
14.26
8.73
10.45
9.13
10.49
7.85
0.18
7.92
6.94
11.72
9.72
7.22
11.71
2.32
8.70
8.08
7.81
18.24
4.17
