NAME : sz-20-prob_type-uniform-prob-0.20-fee_type-direct_prob-fee-3.5
TYPE : TSP
DIMENSION : 20
EDGE_WEIGHT_TYPE : EUC_2D
NODE_COORD_SECTION
1 0.00 0.00
2 27.30 -18.18
3 -38.14 80.89
4 -37.00 -21.96
5 -81.87 3.91
6 -34.63 43.39
7 68.73 -56.13
8 44.92 -26.03
9 -21.49 42.49
10 -17.10 91.63
11 49.23 -73.56
12 79.09 24.68
13 54.38 39.15
14 18.41 -39.98
15 56.44 -29.05
16 -67.03 -15.29
17 14.56 -86.80
18 -1.63 -13.95
19 15.45 -91.67
20 14.11 -3.44
ACCEPTED_PROBABILITIES
0.00
0.21
0.16
0.23
0.18
0.22
0.15
0.16
0.23
0.16
0.21
0.16
0.21
0.18
0.24
0.18
0.24
0.23
0.24
0.17
OUTSOURCING_COSTS
0.00
12.45
0.64
16.45
5.31
14.63
0.18
1.48
16.21
2.39
11.71
1.43
11.09
5.87
18.24
6.04
18.24
15.72
16.71
4.38
