NAME : sz-21-prob_type-uniform-prob-0.30-fee_type-inverse_prob-fee-2.6
TYPE : TSP
DIMENSION : 21
EDGE_WEIGHT_TYPE : EUC_2D
NODE_COORD_SECTION
1 0.00 0.00
2 44.49 73.41
3 37.33 -54.05
4 -85.94 -26.44
5 -68.63 -61.76
6 21.91 31.64
7 37.36 33.46
8 41.92 1.00
9 94.29 -22.80
10 27.20 68.09
11 57.22 56.95
12 -23.11 -59.36
13 -10.25 -84.59
14 -94.63 -4.93
15 57.78 -0.27
16 58.63 43.22
17 65.30 20.21
18 23.52 -33.26
19 -21.40 38.75
20 86.58 -39.64
21 74.26 -51.59
ACCEPTED_PROBABILITIES
0.00
0.34
0.28
0.30
0.33
0.27
0.29
0.29
0.26
0.31
0.30
0.27
0.33
0.26
0.33
0.32
0.30
0.29
0.29
0.26
0.34
OUTSOURCING_COSTS
0.00
0.65
9.51
6.97
2.52
10.62
7.58
7.75
12.60
5.63
6.71
10.17
1.38
12.87
1.52
3.29
5.86
8.10
8.21
12.87
0.13
