NAME : sz-21-prob_type-uniform-prob-0.60-fee_type-inverse_prob-fee-2.9
TYPE : TSP
DIMENSION : 21
EDGE_WEIGHT_TYPE : EUC_2D
NODE_COORD_SECTION
1 0.00 0.00
2 66.80 -13.90
3 -26.37 -48.38
4 -16.63 92.47
5 12.43 -64.48
6 -72.67 -31.63
7 -11.60 95.43
8 -2.67 15.18
9 52.50 -37.49
10 -21.46 63.09
11 -18.08 57.99
12 -48.68 67.93
13 -23.53 -66.81
14 -67.17 -16.63
15 35.63 -80.35
16 -6.50 96.57
17 27.39 -42.86
18 77.96 -33.11
19 -44.87 -28.55
20 -57.14 -34.39
21 -81.27 22.56
ACCEPTED_PROBABILITIES
0.00
0.57
0.62
0.57
0.61
0.65
0.64
0.55
0.56
0.58
0.58
0.57
0.59
0.63
0.57
0.62
0.64
0.60
0.59
0.55
0.58
OUTSOURCING_COSTS
0.00
12.46
3.65
11.86
6.17
0.14
0.36
14.36
13.69
9.63
9.71
11.83
8.31
2.88
12.47
4.31
1.10
7.41
8.36
14.36
9.85
