NAME : sz-20-prob_type-uniform-prob-0.10-fee_type-direct_prob-fee-3.4
TYPE : TSP
DIMENSION : 20
EDGE_WEIGHT_TYPE : EUC_2D
NODE_COORD_SECTION
1 0.00 0.00
2 18.79 -28.99
3 -80.28 56.20
4 -0.68 58.04
5 41.13 -63.89
6 -29.92 37.34
7 -70.72 46.15
8 -58.21 -65.74
9 39.67 20.22
10 -24.59 -29.36
11 -47.85 48.48
12 -6.56 40.18
13 16.57 -7.94
14 40.52 -38.14
15 -62.09 -56.39
16 -64.47 -22.79
17 0.65 65.54
18 -43.08 12.88
19 3.12 -87.57
20 -74.70 -14.88
ACCEPTED_PROBABILITIES
0.00
0.12
0.12
0.09
0.10
0.15
0.13
0.08
0.14
0.13
0.06
0.15
0.10
0.15
0.14
0.10
0.09
0.13
0.13
0.10
OUTSOURCING_COSTS
0.00
12.50
11.52
6.63
8.52
17.24
12.99
3.54
15.18
13.05
0.18
17.72
8.01
17.72
16.63
7.54
5.61
13.60
14.78
8.53
