NAME : sz-21-prob_type-uniform-prob-0.25-fee_type-direct_prob-fee-2.6
TYPE : TSP
DIMENSION : 21
EDGE_WEIGHT_TYPE : EUC_2D
NODE_COORD_SECTION
1 0.00 0.00
2 22.88 -80.83
3 -68.49 69.69
4 -37.46 -31.78
5 31.76 -62.84
6 15.73 94.27
7 37.33 -71.34
8 -12.06 -68.43
9 -75.67 0.87
10 -16.08 74.63
11 40.97 -31.78
12 -64.44 49.83
13 11.53 44.93
14 -55.44 80.52
15 -15.83 -1.61
16 47.57 12.73
17 10.25 -26.52
18 -69.92 -45.34
19 83.16 36.20
20 11.16 -54.76
21 -14.30 -67.53
ACCEPTED_PROBABILITIES
0.00
0.26
0.24
0.29
0.22
0.27
0.27
0.27
0.25
0.20
0.25
0.29
0.24
0.27
0.27
0.22
0.20
0.26
0.27
0.24
0.26
OUTSOURCING_COSTS
0.00
7.74
4.85
12.87
2.22
9.28
9.29
9.44
6.20
0.13
6.97
12.35
5.48
9.90
10.26
2.46
0.24
8.36
10.15
5.74
7.60
