NAME : sz-21-prob_type-uniform-prob-0.30-fee_type-direct_prob-fee-2.9
TYPE : TSP
DIMENSION : 21
EDGE_WEIGHT_TYPE : EUC_2D
NODE_COORD_SECTION
1 0.00 0.00
2 30.69 69.09
3 11.56 55.94
4 50.84 -22.39
5 7.26 12.00
6 -55.08 -33.97
7 -8.31 -53.17
8 -14.65 7.64
9 28.40 93.63
10 -84.78 14.73
11 -9.14 -86.63
12 60.89 -22.40
13 59.79 20.22
14 61.82 49.83
15 27.81 -1.81
16 -2.05 -58.34
17 63.36 52.11
18 33.30 59.40
19 -73.73 57.07
20 30.00 14.71
21 -1.93 -80.79
ACCEPTED_PROBABILITIES
0.00
0.26
0.34
0.35
0.26
0.32
0.34
0.27
0.32
0.34
0.28
0.26
0.30
0.34
0.33
0.31
0.35
0.27
0.27
0.29
0.27
OUTSOURCING_COSTS
0.00
1.19
12.80
14.36
0.59
9.62
13.21
1.75
10.02
12.95
3.76
0.14
6.71
13.35
10.97
9.15
14.25
2.58
2.47
5.41
1.75
