NAME : sz-20-prob_type-uniform-prob-0.25-fee_type-direct_prob-fee-2.6
TYPE : TSP
DIMENSION : 20
EDGE_WEIGHT_TYPE : EUC_2D
NODE_COORD_SECTION
1 0.00 0.00
2 71.95 -35.38
3 -30.72 -81.09
4 15.75 -13.71
5 13.31 69.19
6 3.25 -9.76
7 15.54 -91.28
8 68.84 -46.77
9 -9.02 53.84
10 -19.17 17.02
11 -33.37 -25.05
12 -55.07 -33.90
13 -3.97 -5.13
14 -4.01 98.32
15 -50.46 69.84
16 40.34 76.27
17 64.58 -65.57
18 36.04 -82.58
19 -44.30 -68.74
20 7.25 97.42
ACCEPTED_PROBABILITIES
0.00
0.25
0.23
0.28
0.27
0.29
0.26
0.24
0.21
0.23
0.21
0.23
0.20
0.26
0.29
0.23
0.28
0.27
0.28
0.28
OUTSOURCING_COSTS
0.00
8.01
3.87
12.32
10.91
13.18
9.66
6.25
1.47
3.77
0.78
4.19
0.14
9.53
13.55
3.35
11.93
10.76
12.66
11.76
