NAME : sz-21-prob_type-uniform-prob-0.60-fee_type-direct_prob-fee-2.5
TYPE : TSP
DIMENSION : 21
EDGE_WEIGHT_TYPE : EUC_2D
NODE_COORD_SECTION
1 0.00 0.00
2 5.40 -92.93
3 -3.56 -81.11
4 -57.73 55.59
5 -0.27 13.35
6 -27.58 46.25
7 61.17 -30.72
8 30.07 -24.44
9 -72.88 -60.40
10 -35.04 83.98
11 43.17 -38.98
12 59.76 3.34
13 58.92 -24.41
14 37.36 16.80
15 -11.99 -78.24
16 -44.68 74.36
17 -92.93 -22.23
18 84.65 -50.51
19 -29.41 44.34
20 31.72 -89.61
21 -54.34 78.36
ACCEPTED_PROBABILITIES
0.00
0.55
0.65
0.63
0.64
0.56
0.64
0.63
0.62
0.59
0.63
0.56
0.61
0.60
0.62
0.55
0.56
0.55
0.61
0.59
0.65
OUTSOURCING_COSTS
0.00
0.30
12.15
10.28
11.15
1.83
11.48
10.44
9.37
4.86
10.55
1.29
7.31
6.14
9.01
0.12
1.87
0.50
7.80
5.42
12.38
