NAME : sz-20-prob_type-uniform-prob-0.55-fee_type-direct_prob-fee-3.2
TYPE : TSP
DIMENSION : 20
EDGE_WEIGHT_TYPE : EUC_2D
NODE_COORD_SECTION
1 0.00 0.00
2 90.62 38.91
3 23.47 85.84
4 31.92 67.10
5 -71.02 -2.87
6 -75.99 55.59
7 71.46 -2.47
8 58.99 -79.45
9 67.13 7.84
10 -48.05 18.78
11 17.17 5.03
12 -28.51 -92.67
13 -12.43 -22.94
14 -16.05 -6.81
15 -12.56 92.19
16 -43.82 57.51
17 -16.35 -18.15
18 22.72 -70.92
19 71.34 -2.39
20 41.63 60.29
ACCEPTED_PROBABILITIES
0.00
0.60
0.55
0.52
0.57
0.55
0.58
0.52
0.54
0.50
0.57
0.58
0.51
0.58
0.55
0.56
0.56
0.58
0.52
0.54
OUTSOURCING_COSTS
0.00
16.67
8.03
3.37
12.03
7.87
14.18
3.16
6.94
0.17
12.57
14.14
1.01
13.38
7.97
10.81
10.20
14.30
2.95
6.07
