NAME : sz-21-prob_type-uniform-prob-0.25-fee_type-direct_prob-fee-3.4
TYPE : TSP
DIMENSION : 21
EDGE_WEIGHT_TYPE : EUC_2D
NODE_COORD_SECTION
1 0.00 0.00
2 29.47 -46.87
3 88.79 -26.33
4 74.44 -44.80
5 77.84 -10.18
6 -26.65 59.98
7 76.36 46.84
8 -13.06 -17.54
9 20.65 52.27
10 -31.51 56.02
11 -31.42 88.24
12 -55.86 -52.28
13 80.65 -43.11
14 31.05 91.03
15 21.50 -53.49
16 -8.10 -56.98
17 72.16 53.05
18 -46.15 -71.51
19 59.89 -51.12
20 -75.83 27.68
21 52.27 42.50
ACCEPTED_PROBABILITIES
0.00
0.27
0.23
0.21
0.29
0.25
0.22
0.22
0.26
0.28
0.23
0.21
0.26
0.29
0.20
0.24
0.23
0.25
0.29
0.21
0.22
OUTSOURCING_COSTS
0.00
13.02
4.59
2.43
16.83
9.52
3.21
3.61
11.59
13.78
4.98
0.73
10.91
16.20
0.17
7.34
5.05
9.81
16.83
1.87
2.76
