NAME : sz-21-prob_type-uniform-prob-0.35-fee_type-direct_prob-fee-2.6
TYPE : TSP
DIMENSION : 21
EDGE_WEIGHT_TYPE : EUC_2D
NODE_COORD_SECTION
1 0.00 0.00
2 -41.35 78.43
3 -9.12 -45.08
4 -53.58 -69.72
5 5.08 79.06
6 -27.84 -48.41
7 92.78 -17.22
8 29.27 -34.63
9 15.46 -80.43
10 -36.40 75.33
11 41.91 0.19
12 -8.62 45.26
13 -93.08 -33.99
14 19.75 97.51
15 -34.70 89.94
16 55.61 -27.23
17 -30.62 -84.82
18 2.20 -30.11
19 -69.97 59.22
20 -5.10 -31.98
21 -62.76 -64.27
ACCEPTED_PROBABILITIES
0.00
0.35
0.31
0.33
0.30
0.34
0.31
0.31
0.38
0.35
0.31
0.38
0.32
0.38
0.34
0.39
0.40
0.36
0.32
0.35
0.33
OUTSOURCING_COSTS
0.00
5.99
1.27
4.36
0.13
5.78
0.72
1.78
11.13
7.17
1.17
11.13
1.98
10.88
5.67
11.46
12.87
8.33
2.46
6.08
4.46
