NAME : sz-21-prob_type-direct_dist-prob-0.25-fee_type-inverse_prob-fee-2.9
TYPE : TSP
DIMENSION : 21
EDGE_WEIGHT_TYPE : EUC_2D
NODE_COORD_SECTION
1 0.00 0.00
2 63.59 58.14
3 -51.27 29.47
4 -29.62 74.59
5 19.64 -26.77
6 31.83 -69.71
7 -22.37 -63.20
8 -51.05 -78.47
9 32.65 -63.85
10 -40.58 67.94
11 0.75 46.16
12 -55.76 -47.11
13 15.46 0.34
14 -47.33 18.64
15 -89.22 23.68
16 60.42 56.34
17 14.27 -63.17
18 -4.65 -78.23
19 6.93 31.16
20 33.66 53.28
21 31.34 93.34
ACCEPTED_PROBABILITIES
0.00
0.32
0.21
0.38
0.25
0.33
0.30
0.24
0.42
0.12
0.28
0.34
0.29
0.17
0.38
0.09
0.14
0.15
0.30
0.31
0.36
OUTSOURCING_COSTS
0.00
4.39
9.02
1.78
7.18
3.88
5.03
7.70
0.14
12.98
5.97
3.27
5.72
11.00
1.39
14.36
12.35
11.77
5.09
4.71
2.31
