NAME : sz-20-prob_type-uniform-prob-0.50-fee_type-direct_prob-fee-3.1
TYPE : TSP
DIMENSION : 20
EDGE_WEIGHT_TYPE : EUC_2D
NODE_COORD_SECTION
1 0.00 0.00
2 -94.64 -11.90
3 -20.57 -94.02
4 46.43 -38.30
5 55.21 -20.36
6 82.81 -31.02
7 -18.49 -75.79
8 65.77 9.88
9 34.83 -82.49
10 -2.07 -45.13
11 -86.62 -31.79
12 -53.71 -4.27
13 29.23 75.83
14 53.51 21.63
15 -50.97 50.33
16 5.18 -92.50
17 -87.34 28.78
18 9.84 81.34
19 -75.96 -1.27
20 -55.86 43.65
ACCEPTED_PROBABILITIES
0.00
0.48
0.51
0.47
0.49
0.53
0.52
0.48
0.45
0.48
0.47
0.51
0.52
0.50
0.53
0.51
0.48
0.47
0.55
0.47
OUTSOURCING_COSTS
0.00
5.28
9.23
3.17
5.98
12.19
11.84
5.04
0.16
4.05
3.35
9.01
11.02
7.51
13.56
8.83
4.65
3.06
16.15
3.57
