NAME : sz-20-prob_type-direct_dist-prob-0.50-fee_type-direct_prob
TYPE : TSP
DIMENSION : 20
EDGE_WEIGHT_TYPE : EUC_2D
NODE_COORD_SECTION
1 0.00 0.00
2 83.70 -13.62
3 56.72 -32.02
4 -80.01 -49.62
5 63.48 49.18
6 -0.18 -93.55
7 66.65 66.48
8 82.97 -27.08
9 15.49 0.86
10 -60.22 -47.94
11 9.22 -58.33
12 14.11 27.68
13 -17.38 -29.58
14 -54.53 21.47
15 51.60 56.53
16 -64.00 37.82
17 -97.22 -0.13
18 -92.88 -34.97
19 -58.55 5.82
20 -34.32 -44.77
ACCEPTED_PROBABILITIES
0.00
0.61
0.64
0.31
0.54
0.73
0.57
0.54
0.46
0.61
0.49
0.58
0.49
0.38
0.61
0.52
0.56
0.64
0.52
0.54
OUTSOURCING_COSTS
0.00
11.20
12.27
0.16
8.75
15.63
9.70
8.42
5.60
11.09
6.74
9.95
6.77
2.46
11.10
7.82
9.37
12.29
7.68
8.42
