NAME : sz-20-prob_type-uniform-prob-0.15-fee_type-inverse_prob
TYPE : TSP
DIMENSION : 20
EDGE_WEIGHT_TYPE : EUC_2D
NODE_COORD_SECTION
1 0.00 0.00
2 -6.42 82.46
3 43.13 1.90
4 4.17 -74.41
5 5.17 -17.10
6 47.33 83.97
7 13.46 -92.70
8 -94.92 24.77
9 2.44 27.23
10 -46.56 43.09
11 47.50 -79.76
12 82.43 4.77
13 25.17 -1.59
14 4.39 -55.92
15 -30.10 37.58
16 -49.86 -51.41
17 -23.36 -45.48
18 15.24 10.68
19 -16.55 13.74
20 -30.87 -69.01
ACCEPTED_PROBABILITIES
0.00
0.13
0.11
0.18
0.19
0.16
0.19
0.20
0.12
0.12
0.13
0.16
0.18
0.12
0.13
0.16
0.11
0.18
0.19
0.19
OUTSOURCING_COSTS
0.00
12.16
15.63
3.46
0.27
5.95
0.78
0.16
13.56
15.14
12.14
7.11
2.57
14.07
12.61
6.28
15.27
2.24
1.37
1.17
