NAME : sz-20-prob_type-uniform-prob-0.30-fee_type-inverse_prob-fee-3.1
TYPE : TSP
DIMENSION : 20
EDGE_WEIGHT_TYPE : EUC_2D
NODE_COORD_SECTION
1 0.00 0.00
2 19.78 25.87
3 75.85 37.50
4 0.61 22.46
5 99.02 13.93
6 13.62 79.54
7 -55.99 54.66
8 -67.07 -58.52
9 -20.12 3.84
10 -72.25 43.97
11 -7.02 -20.33
12 3.22 -11.07
13 -25.74 -65.74
14 37.79 35.60
15 85.73 -33.25
16 -85.04 29.76
17 -18.16 -18.99
18 -67.19 65.12
19 3.94 -24.79
20 -48.53 -74.21
ACCEPTED_PROBABILITIES
0.00
0.31
0.29
0.35
0.32
0.30
0.28
0.32
0.32
0.26
0.34
0.34
0.26
0.33
0.30
0.33
0.34
0.35
0.35
0.34
OUTSOURCING_COSTS
0.00
7.11
11.51
0.34
6.32
9.04
12.75
6.01
5.79
16.15
1.45
2.02
15.93
4.16
8.60
4.25
2.50
0.28
0.16
2.45
