NAME : sz-21-prob_type-uniform-prob-0.40-fee_type-direct_prob-fee-3.3
TYPE : TSP
DIMENSION : 21
EDGE_WEIGHT_TYPE : EUC_2D
NODE_COORD_SECTION
1 0.00 0.00
2 23.03 52.27
3 -32.08 10.03
4 -65.53 71.96
5 17.70 -34.47
6 52.47 49.19
7 -76.62 -16.65
8 37.92 47.25
9 -50.82 -30.73
10 -0.51 44.69
11 -32.40 -92.15
12 -73.85 -15.38
13 -81.28 32.75
14 55.96 62.81
15 -53.46 76.82
16 -35.87 -30.87
17 -64.13 63.23
18 -7.04 49.49
19 -72.27 5.29
20 -27.83 -36.50
21 42.58 -29.46
ACCEPTED_PROBABILITIES
0.00
0.38
0.37
0.38
0.43
0.40
0.40
0.45
0.43
0.38
0.39
0.38
0.37
0.37
0.38
0.41
0.40
0.39
0.37
0.38
0.42
OUTSOURCING_COSTS
0.00
2.48
1.53
3.33
12.62
7.43
7.85
16.34
12.92
2.49
4.50
3.36
0.16
1.69
2.23
9.09
7.85
4.85
1.66
3.08
11.70
