NAME : sz-20-prob_type-uniform-prob-0.40-fee_type-direct_prob-fee-3.4
TYPE : TSP
DIMENSION : 20
EDGE_WEIGHT_TYPE : EUC_2D
NODE_COORD_SECTION
1 0.00 0.00
2 -22.51 -25.45
3 62.86 56.60
4 -55.50 57.50
5 -7.93 20.82
6 27.51 -63.90
7 19.58 -25.48
8 13.64 -68.17
9 -27.47 -79.20
10 7.43 40.09
11 45.19 32.12
12 -11.23 47.55
13 26.17 81.40
14 -29.85 91.05
15 0.09 -39.51
16 53.05 79.14
17 -15.40 -50.05
18 95.22 15.61
19 66.24 -36.61
20 -49.60 -12.86
ACCEPTED_PROBABILITIES
0.00
0.44
0.41
0.42
0.37
0.42
0.39
0.39
0.36
0.37
0.35
0.40
0.43
0.40
0.39
0.37
0.40
0.38
0.41
0.38
OUTSOURCING_COSTS
0.00
17.72
11.62
12.51
3.70
13.21
7.35
7.36
0.61
2.37
0.18
8.77
15.26
9.92
7.14
2.84
9.53
4.73
11.41
5.87
