NAME : sz-20-prob_type-uniform-prob-0.10-fee_type-inverse_prob
TYPE : TSP
DIMENSION : 20
EDGE_WEIGHT_TYPE : EUC_2D
NODE_COORD_SECTION
1 0.00 0.00
2 87.26 -39.57
3 53.15 50.26
4 -30.40 44.75
5 -17.30 -42.85
6 -63.01 -24.64
7 -69.13 -32.53
8 -12.88 -51.88
9 59.46 -7.93
10 36.94 -1.68
11 48.34 70.68
12 8.47 -32.35
13 -6.87 18.99
14 12.20 80.19
15 40.71 8.85
16 -30.79 89.64
17 56.47 59.85
18 -31.08 -12.31
19 -30.48 -22.50
20 -77.22 44.13
ACCEPTED_PROBABILITIES
0.00
0.12
0.05
0.15
0.09
0.11
0.14
0.06
0.14
0.15
0.07
0.07
0.13
0.07
0.10
0.13
0.10
0.13
0.13
0.08
OUTSOURCING_COSTS
0.00
4.27
15.63
0.16
9.39
6.39
0.85
14.27
0.94
0.54
13.42
13.86
3.34
12.37
8.12
3.75
7.75
3.66
2.71
11.51
