NAME : sz-21-prob_type-uniform-prob-0.25-fee_type-direct_prob-fee-3.1
TYPE : TSP
DIMENSION : 21
EDGE_WEIGHT_TYPE : EUC_2D
NODE_COORD_SECTION
1 0.00 0.00
2 -73.13 14.05
3 -29.31 -80.82
4 -2.93 96.75
5 15.22 80.80
6 -24.35 -50.47
7 -42.90 65.69
8 -49.76 -27.06
9 -28.96 69.07
10 53.46 19.65
11 -17.94 -76.90
12 25.42 -57.66
13 1.89 41.80
14 98.61 -4.64
15 -70.99 -30.33
16 32.53 -6.47
17 16.13 -25.21
18 86.32 40.96
19 -49.63 -62.32
20 -89.71 0.73
21 26.97 -45.02
ACCEPTED_PROBABILITIES
0.00
0.20
0.23
0.26
0.25
0.26
0.28
0.24
0.26
0.21
0.22
0.30
0.28
0.27
0.27
0.28
0.26
0.28
0.26
0.29
0.28
OUTSOURCING_COSTS
0.00
0.16
3.92
8.98
8.19
9.68
12.72
5.67
9.02
2.24
2.43
15.34
11.93
11.66
11.33
11.69
9.25
11.98
9.55
14.72
12.91
