NAME : sz-20-prob_type-uniform-prob-0.35-fee_type-inverse_prob-fee-2.5
TYPE : TSP
DIMENSION : 20
EDGE_WEIGHT_TYPE : EUC_2D
NODE_COORD_SECTION
1 0.00 0.00
2 29.57 -33.03
3 69.78 -44.24
4 77.64 -46.05
5 60.97 -3.34
6 74.15 -12.83
7 -53.38 59.96
8 57.06 -26.06
9 28.69 -14.97
10 -49.22 -78.59
11 64.11 -12.44
12 78.63 -13.87
13 89.02 43.10
14 -59.14 77.37
15 -9.32 9.78
16 11.83 7.99
17 75.06 1.86
18 -44.41 -27.03
19 10.76 -35.14
20 -6.20 61.95
ACCEPTED_PROBABILITIES
0.00
0.33
0.37
0.31
0.32
0.35
0.30
0.34
0.32
0.33
0.34
0.32
0.33
0.34
0.30
0.30
0.40
0.39
0.34
0.36
OUTSOURCING_COSTS
0.00
9.28
2.93
11.55
10.35
6.24
13.03
7.17
10.41
9.54
7.65
10.77
9.50
7.83
13.03
13.03
0.13
0.61
7.16
4.71
