NAME : sz-21-prob_type-uniform-prob-0.60-fee_type-direct_prob-fee-3.1
TYPE : TSP
DIMENSION : 21
EDGE_WEIGHT_TYPE : EUC_2D
NODE_COORD_SECTION
1 0.00 0.00
2 0.05 -76.29
3 -78.79 40.86
4 55.90 -59.23
5 1.50 12.74
6 -31.98 -84.23
7 22.62 -55.16
8 -51.02 79.25
9 -95.10 2.66
10 -65.76 -63.44
11 -63.32 18.38
12 -72.43 -50.88
13 20.61 51.47
14 21.77 -26.34
15 -50.27 -11.19
16 -55.22 -18.93
17 -37.17 -85.75
18 -69.12 -53.01
19 30.68 13.95
20 91.20 22.00
21 26.01 -49.64
ACCEPTED_PROBABILITIES
0.00
0.57
0.56
0.59
0.62
0.63
0.55
0.56
0.61
0.62
0.56
0.64
0.60
0.62
0.59
0.61
0.59
0.62
0.65
0.56
0.60
OUTSOURCING_COSTS
0.00
2.51
0.88
6.36
11.56
12.68
0.16
0.25
9.53
10.69
1.53
14.03
7.72
11.47
5.71
8.49
6.53
10.36
15.34
0.59
6.87
