NAME : sz-21-prob_type-uniform-prob-0.45-fee_type-inverse_prob-fee-2.7
TYPE : TSP
DIMENSION : 21
EDGE_WEIGHT_TYPE : EUC_2D
NODE_COORD_SECTION
1 0.00 0.00
2 84.35 -42.24
3 -89.95 35.59
4 -77.94 -32.78
5 -89.16 6.81
6 -3.41 -9.15
7 52.94 -66.25
8 -2.81 -65.84
9 73.24 27.21
10 25.15 -2.18
11 -3.30 -29.27
12 -26.50 -67.69
13 6.22 55.08
14 74.45 11.63
15 -2.44 1.31
16 9.76 -48.36
17 -26.81 -65.61
18 41.21 -22.74
19 31.53 29.84
20 -29.64 30.63
21 29.65 29.30
ACCEPTED_PROBABILITIES
0.00
0.41
0.46
0.49
0.46
0.45
0.46
0.47
0.41
0.42
0.41
0.47
0.46
0.48
0.46
0.45
0.40
0.50
0.48
0.44
0.48
OUTSOURCING_COSTS
0.00
12.86
5.89
1.09
5.91
6.90
5.44
3.68
13.11
10.77
12.39
4.66
5.42
3.19
5.35
7.06
13.36
0.14
3.11
8.91
2.50
