NAME : sz-20-prob_type-uniform-prob-0.10-fee_type-direct_prob-fee-3.2
TYPE : TSP
DIMENSION : 20
EDGE_WEIGHT_TYPE : EUC_2D
NODE_COORD_SECTION
1 0.00 0.00
2 31.35 43.85
3 -70.31 -15.74
4 -33.45 -21.55
5 -47.90 69.15
6 56.76 -5.27
7 55.36 -82.33
8 -82.32 -5.84
9 17.31 87.60
10 19.37 51.37
11 26.20 -19.78
12 -43.88 -62.64
13 -17.27 1.66
14 43.94 50.80
15 -64.21 4.94
16 46.64 77.40
17 -25.02 34.74
18 3.44 60.69
19 50.28 -4.11
20 25.26 68.57
ACCEPTED_PROBABILITIES
0.00
0.06
0.08
0.12
0.09
0.12
0.08
0.05
0.09
0.08
0.06
0.14
0.14
0.09
0.07
0.10
0.15
0.14
0.15
0.09
OUTSOURCING_COSTS
0.00
1.89
5.26
11.65
5.96
11.32
5.24
0.17
7.31
4.40
1.73
14.52
15.22
7.15
3.24
9.16
16.34
14.46
16.67
7.34
