NAME : sz-21-prob_type-uniform-prob-0.55-fee_type-direct_prob-fee-2.5
TYPE : TSP
DIMENSION : 21
EDGE_WEIGHT_TYPE : EUC_2D
NODE_COORD_SECTION
1 0.00 0.00
2 64.09 -17.77
3 13.62 91.83
4 11.28 -0.22
5 -77.71 -45.37
6 13.73 96.85
7 46.24 -64.87
8 -39.46 73.28
9 -28.40 -15.40
10 33.01 -80.80
11 -64.68 61.84
12 28.62 -11.75
13 -29.27 -74.47
14 26.15 -63.56
15 75.95 44.17
16 40.30 38.12
17 -59.10 -66.81
18 39.73 80.94
19 -7.52 -40.64
20 -35.28 -51.46
21 -57.23 50.42
ACCEPTED_PROBABILITIES
0.00
0.58
0.54
0.59
0.57
0.52
0.59
0.52
0.58
0.57
0.57
0.56
0.55
0.55
0.54
0.59
0.50
0.58
0.57
0.58
0.52
OUTSOURCING_COSTS
0.00
11.02
4.86
11.87
9.20
2.50
11.63
3.16
10.43
8.83
9.33
8.54
6.13
6.21
5.51
12.38
0.12
10.65
9.40
10.55
2.93
