NAME : sz-20-prob_type-inverse_dist-prob-0.50-fee_type-direct_prob-fee-2.7
TYPE : TSP
DIMENSION : 20
EDGE_WEIGHT_TYPE : EUC_2D
NODE_COORD_SECTION
1 0.00 0.00
2 26.07 1.26
3 1.30 52.15
4 -66.34 21.02
5 -4.55 6.47
6 7.75 48.68
7 -4.97 -25.63
8 -61.99 -77.52
9 -10.37 -77.28
10 -7.70 -43.75
11 -70.54 23.12
12 -66.17 66.20
13 -41.50 44.75
14 83.06 -31.85
15 81.29 8.03
16 73.46 -16.86
17 -3.10 -32.03
18 40.33 -77.99
19 -14.48 -56.36
20 -35.24 68.01
ACCEPTED_PROBABILITIES
0.00
0.65
0.51
0.57
0.47
0.55
0.32
0.50
0.55
0.59
0.48
0.48
0.58
0.49
0.54
0.54
0.56
0.50
0.43
0.53
OUTSOURCING_COSTS
0.00
14.07
8.31
10.72
6.38
9.92
0.14
7.65
9.97
11.34
6.71
7.06
11.22
7.13
9.54
9.58
10.45
7.63
4.64
8.79
