NAME : sz-20-prob_type-uniform-prob-0.35-fee_type-direct_prob-fee-3.5
TYPE : TSP
DIMENSION : 20
EDGE_WEIGHT_TYPE : EUC_2D
NODE_COORD_SECTION
1 0.00 0.00
2 -62.84 -65.16
3 -53.76 37.89
4 -46.73 -70.40
5 -80.22 7.12
6 -6.53 54.80
7 -19.48 -19.15
8 27.48 22.93
9 -90.65 -40.47
10 5.64 -40.43
11 11.76 -37.02
12 -76.87 -54.68
13 42.43 -78.70
14 -9.04 95.64
15 10.66 -22.86
16 96.19 -9.35
17 36.77 -90.18
18 61.00 9.24
19 75.50 -31.20
20 -53.13 -4.82
ACCEPTED_PROBABILITIES
0.00
0.39
0.33
0.38
0.37
0.33
0.36
0.30
0.36
0.36
0.34
0.34
0.37
0.40
0.39
0.32
0.32
0.37
0.34
0.38
OUTSOURCING_COSTS
0.00
17.54
4.88
16.02
12.83
4.77
10.91
0.18
10.40
11.14
6.22
6.50
13.11
18.24
16.79
3.43
3.09
12.77
7.73
14.38
