NAME : sz-21-prob_type-uniform-prob-0.25-fee_type-inverse_prob-fee-2.8
TYPE : TSP
DIMENSION : 21
EDGE_WEIGHT_TYPE : EUC_2D
NODE_COORD_SECTION
1 0.00 0.00
2 -66.21 -31.67
3 -43.58 -78.55
4 49.88 -14.24
5 66.38 -3.78
6 -29.71 -89.61
7 41.99 -72.79
8 50.58 61.07
9 -84.04 -35.35
10 -76.83 32.33
11 -52.35 -69.12
12 -16.20 58.10
13 -90.64 -25.17
14 -3.14 29.67
15 82.77 -28.43
16 -7.40 53.16
17 62.69 68.30
18 41.14 -83.04
19 -36.49 48.99
20 74.44 34.99
21 -40.18 -41.44
ACCEPTED_PROBABILITIES
0.00
0.23
0.26
0.30
0.27
0.22
0.29
0.25
0.27
0.26
0.26
0.21
0.29
0.26
0.24
0.22
0.25
0.21
0.29
0.26
0.26
OUTSOURCING_COSTS
0.00
11.41
7.05
0.14
4.12
12.13
1.67
8.30
3.92
6.69
6.83
13.86
2.24
6.11
10.04
12.43
7.59
13.86
1.63
7.02
6.81
