NAME : sz-20-prob_type-uniform-prob-0.25-fee_type-direct_prob-fee-3.5
TYPE : TSP
DIMENSION : 20
EDGE_WEIGHT_TYPE : EUC_2D
NODE_COORD_SECTION
1 0.00 0.00
2 63.96 67.86
3 -11.59 -77.66
4 -75.96 18.06
5 -68.61 48.42
6 63.43 31.99
7 -63.33 49.90
8 69.32 19.63
9 35.80 59.60
10 75.27 56.86
11 -22.81 -73.20
12 -50.20 -3.77
13 47.40 -32.15
14 44.60 60.84
15 73.50 -8.94
16 33.58 -2.39
17 26.35 -5.77
18 -56.23 -10.47
19 69.77 -56.37
20 -57.54 -64.78
ACCEPTED_PROBABILITIES
0.00
0.27
0.23
0.28
0.23
0.22
0.22
0.21
0.27
0.27
0.28
0.25
0.27
0.24
0.27
0.26
0.27
0.23
0.29
0.25
OUTSOURCING_COSTS
0.00
14.42
4.81
17.28
4.90
2.48
3.48
0.18
13.78
14.79
16.11
8.77
13.39
6.91
14.42
11.29
14.79
4.73
18.24
8.45
