NAME : sz-20-prob_type-uniform-prob-0.20-fee_type-inverse_prob-fee-2.6
TYPE : TSP
DIMENSION : 20
EDGE_WEIGHT_TYPE : EUC_2D
NODE_COORD_SECTION
1 0.00 0.00
2 30.20 -38.90
3 87.40 19.06
4 50.61 -45.81
5 -9.28 44.71
6 -45.28 88.09
7 1.56 44.48
8 41.73 44.78
9 -34.71 -9.78
10 -37.35 -68.29
11 88.50 -7.50
12 65.96 5.53
13 -37.73 26.57
14 37.84 73.90
15 64.87 30.13
16 39.81 -33.26
17 91.49 -5.78
18 -39.57 -77.16
19 -75.24 -4.95
20 -17.90 -29.64
ACCEPTED_PROBABILITIES
0.00
0.16
0.15
0.24
0.22
0.20
0.18
0.17
0.24
0.21
0.20
0.19
0.16
0.21
0.18
0.19
0.25
0.18
0.18
0.23
OUTSOURCING_COSTS
0.00
13.31
13.55
1.27
4.30
7.11
10.49
11.96
0.56
4.70
6.50
8.26
13.30
5.75
9.94
8.70
0.14
10.30
10.41
2.83
