NAME : sz-20-prob_type-uniform-prob-0.60-fee_type-direct_prob-fee-3.3
TYPE : TSP
DIMENSION : 20
EDGE_WEIGHT_TYPE : EUC_2D
NODE_COORD_SECTION
1 0.00 0.00
2 -94.62 -24.31
3 9.70 76.44
4 -70.92 46.88
5 0.09 -81.25
6 -27.76 -66.23
7 0.13 -68.43
8 24.32 77.84
9 70.64 -46.49
10 -50.22 -85.61
11 -15.21 14.86
12 12.76 -32.68
13 -25.05 4.22
14 -47.09 61.56
15 46.64 51.04
16 81.44 29.17
17 -72.89 15.36
18 23.63 -22.73
19 78.89 38.39
20 -58.36 -67.01
ACCEPTED_PROBABILITIES
0.00
0.58
0.60
0.62
0.63
0.59
0.57
0.60
0.56
0.61
0.59
0.61
0.56
0.62
0.60
0.59
0.59
0.59
0.63
0.59
OUTSOURCING_COSTS
0.00
5.17
10.59
14.11
16.02
7.58
3.72
10.18
0.22
12.58
7.29
11.54
0.17
15.12
9.89
7.89
7.31
6.48
17.19
8.30
