NAME : sz-20-prob_type-direct_dist-prob-0.50-fee_type-inverse_prob-fee-3.1
TYPE : TSP
DIMENSION : 20
EDGE_WEIGHT_TYPE : EUC_2D
NODE_COORD_SECTION
1 0.00 0.00
2 60.60 -73.95
3 -83.91 -39.39
4 44.71 53.30
5 -65.71 -72.71
6 -60.52 -14.74
7 -43.56 -72.70
8 36.54 67.50
9 34.76 -24.13
10 -68.80 28.61
11 51.05 44.08
12 30.03 -65.42
13 94.90 -29.37
14 -38.71 69.41
15 -8.98 94.26
16 -36.15 -51.72
17 -15.97 -97.25
18 19.18 54.45
19 12.86 -25.10
20 -56.89 67.79
ACCEPTED_PROBABILITIES
0.00
0.45
0.70
0.36
0.44
0.51
0.54
0.44
0.43
0.54
0.43
0.48
0.57
0.67
0.27
0.46
0.34
0.55
0.54
0.39
OUTSOURCING_COSTS
0.00
9.35
0.16
12.94
9.71
7.02
6.07
9.56
10.25
5.96
10.16
8.18
4.77
0.90
16.15
8.85
13.61
5.64
6.12
11.48
