NAME : sz-20-prob_type-uniform-prob-0.40-fee_type-direct_prob-fee-2.7
TYPE : TSP
DIMENSION : 20
EDGE_WEIGHT_TYPE : EUC_2D
NODE_COORD_SECTION
1 0.00 0.00
2 36.02 7.15
3 -40.56 76.05
4 -56.55 48.76
5 -8.45 -30.16
6 -12.26 46.09
7 -90.53 35.96
8 51.32 -54.91
9 26.17 -19.83
10 -24.16 73.70
11 69.07 -8.11
12 75.98 48.57
13 -74.33 -64.14
14 -9.64 -98.08
15 -20.30 26.16
16 -7.44 -38.73
17 75.08 16.17
18 -89.74 -25.26
19 38.54 24.44
20 92.19 6.37
ACCEPTED_PROBABILITIES
0.00
0.43
0.41
0.38
0.38
0.40
0.44
0.39
0.36
0.42
0.44
0.36
0.37
0.39
0.40
0.36
0.39
0.39
0.44
0.36
OUTSOURCING_COSTS
0.00
12.40
9.24
2.81
3.83
6.12
13.54
5.85
0.57
9.77
13.62
0.14
2.27
6.03
7.66
0.25
5.49
4.70
14.07
0.75
