NAME : sz-21-prob_type-uniform-prob-0.05-fee_type-direct_prob-fee-2.9
TYPE : TSP
DIMENSION : 21
EDGE_WEIGHT_TYPE : EUC_2D
NODE_COORD_SECTION
1 0.00 0.00
2 6.61 -74.51
3 -72.47 50.26
4 -33.32 -16.07
5 -66.31 -45.52
6 2.09 39.09
7 -36.40 80.53
8 -82.80 -17.13
9 10.97 57.41
10 8.62 -76.62
11 66.12 -17.27
12 -75.09 -33.87
13 -35.64 -91.78
14 33.80 -5.09
15 -38.59 55.06
16 56.53 68.17
17 -95.43 12.40
18 -62.50 -31.84
19 38.27 -52.11
20 -32.92 24.82
21 -18.45 25.37
ACCEPTED_PROBABILITIES
0.00
0.08
0.07
0.04
0.05
0.05
0.00
0.04
0.04
0.05
0.09
0.05
0.04
0.07
0.02
0.06
0.05
0.02
0.05
0.07
0.00
OUTSOURCING_COSTS
0.00
13.66
12.37
5.99
7.98
8.93
0.37
6.46
7.25
8.05
14.36
8.33
7.27
10.98
2.91
9.69
8.70
2.87
8.54
11.61
0.14
