NAME : sz-21-prob_type-uniform-prob-0.05-fee_type-direct_prob-fee-3.5
TYPE : TSP
DIMENSION : 21
EDGE_WEIGHT_TYPE : EUC_2D
NODE_COORD_SECTION
1 0.00 0.00
2 97.57 -10.76
3 -58.24 -2.30
4 -21.30 -20.72
5 -65.77 -47.02
6 46.36 -85.91
7 -10.09 -28.28
8 -8.24 -19.40
9 83.12 -38.11
10 81.57 26.48
11 -51.30 -48.38
12 -35.21 -67.85
13 76.25 36.16
14 59.13 -12.16
15 -23.63 33.17
16 22.58 -9.20
17 -5.36 -57.50
18 13.02 -79.50
19 -55.96 -46.88
20 78.81 -24.56
21 -33.69 50.28
ACCEPTED_PROBABILITIES
0.00
0.05
0.03
0.04
0.00
0.08
0.00
0.05
0.04
0.09
0.08
0.10
0.00
0.09
0.01
0.06
0.02
0.06
0.01
0.08
0.00
OUTSOURCING_COSTS
0.00
8.60
5.59
7.78
0.18
13.62
0.21
9.80
7.92
16.61
14.14
17.32
0.47
16.33
1.07
9.97
3.47
10.61
1.35
13.88
0.61
