NAME : sz-21-prob_type-uniform-prob-0.10-fee_type-direct_prob-fee-2.5
TYPE : TSP
DIMENSION : 21
EDGE_WEIGHT_TYPE : EUC_2D
NODE_COORD_SECTION
1 0.00 0.00
2 76.23 -6.64
3 -65.09 -26.72
4 -8.28 34.72
5 -14.14 -28.33
6 -67.24 -7.07
7 -3.53 34.41
8 63.51 -57.60
9 53.32 50.94
10 40.42 -50.31
11 87.21 -38.66
12 -14.39 -21.34
13 -37.05 -33.94
14 34.19 23.15
15 -73.92 -51.62
16 -54.64 42.01
17 -5.47 56.53
18 -79.34 -49.61
19 94.67 29.57
20 82.15 -9.86
21 57.73 -54.02
ACCEPTED_PROBABILITIES
0.00
0.10
0.05
0.06
0.14
0.14
0.12
0.10
0.13
0.10
0.06
0.10
0.06
0.11
0.05
0.08
0.15
0.09
0.15
0.10
0.07
OUTSOURCING_COSTS
0.00
5.99
0.12
0.78
11.65
11.43
9.25
5.83
10.03
5.91
1.12
6.40
1.39
7.71
0.31
4.17
12.38
5.07
12.38
5.90
1.71
