NAME : sz-20-prob_type-uniform-prob-0.25-fee_type-inverse_prob-fee-2.7
TYPE : TSP
DIMENSION : 20
EDGE_WEIGHT_TYPE : EUC_2D
NODE_COORD_SECTION
1 0.00 0.00
2 -47.42 -60.19
3 -63.55 -70.40
4 -74.70 -32.81
5 -12.83 67.83
6 -61.91 2.33
7 -63.80 76.39
8 -62.27 -0.67
9 -27.08 -62.34
10 27.94 -67.40
11 -25.91 33.11
12 -6.18 -88.26
13 46.14 -86.63
14 3.10 -13.11
15 -46.81 -5.55
16 66.54 59.87
17 55.94 -13.47
18 -23.50 41.54
19 -95.52 4.76
20 77.97 -29.66
ACCEPTED_PROBABILITIES
0.00
0.26
0.27
0.26
0.24
0.22
0.26
0.28
0.25
0.30
0.29
0.27
0.30
0.22
0.28
0.27
0.21
0.23
0.25
0.26
OUTSOURCING_COSTS
0.00
6.24
4.25
6.06
9.32
12.41
5.31
2.59
6.72
0.14
1.71
4.94
0.14
12.37
2.50
4.06
14.07
10.87
6.99
5.64
