NAME : sz-21-prob_type-uniform-prob-0.30-fee_type-inverse_prob-fee-3.5
TYPE : TSP
DIMENSION : 21
EDGE_WEIGHT_TYPE : EUC_2D
NODE_COORD_SECTION
1 0.00 0.00
2 28.07 -40.14
3 -5.06 4.90
4 69.70 26.52
5 -64.84 45.33
6 19.03 29.84
7 39.61 -36.59
8 -14.42 -89.43
9 27.50 32.43
10 85.77 -29.33
11 27.23 -4.12
12 56.74 49.53
13 -54.39 -41.84
14 -35.86 76.17
15 57.53 68.43
16 -69.49 -48.30
17 -85.80 -5.32
18 -1.52 -61.55
19 -70.69 -37.16
20 -56.04 -21.78
21 78.85 -58.55
ACCEPTED_PROBABILITIES
0.00
0.35
0.35
0.26
0.34
0.28
0.35
0.25
0.28
0.34
0.32
0.32
0.26
0.28
0.31
0.29
0.29
0.26
0.33
0.34
0.34
OUTSOURCING_COSTS
0.00
0.35
0.18
15.56
1.40
12.33
0.18
17.32
12.49
2.56
6.25
5.86
16.41
12.12
6.54
11.22
11.13
15.73
3.75
1.11
1.80
