NAME : sz-20-prob_type-direct_dist-prob-0.50-fee_type-inverse_prob-fee-2.6
TYPE : TSP
DIMENSION : 20
EDGE_WEIGHT_TYPE : EUC_2D
NODE_COORD_SECTION
1 0.00 0.00
2 -62.10 17.94
3 69.40 -71.63
4 20.55 43.80
5 17.58 -43.09
6 -28.64 -51.63
7 -11.41 62.94
8 84.33 -15.03
9 -77.91 -47.73
10 -40.83 90.44
11 -82.77 1.88
12 33.44 -52.27
13 -22.46 58.26
14 -54.90 -58.23
15 85.00 -40.72
16 66.14 -9.03
17 -93.45 -33.30
18 -68.06 -26.13
19 -51.66 25.23
20 -78.74 -19.27
ACCEPTED_PROBABILITIES
0.00
0.65
0.41
0.43
0.39
0.36
0.62
0.70
0.66
0.69
0.40
0.51
0.38
0.40
0.33
0.44
0.39
0.51
0.40
0.56
OUTSOURCING_COSTS
0.00
1.82
10.84
9.98
11.59
12.35
2.93
0.14
1.72
0.69
11.10
6.91
11.82
11.19
13.55
9.52
11.34
6.93
11.01
5.08
