NAME : sz-20-prob_type-uniform-prob-0.25-fee_type-inverse_prob-fee-2.5
TYPE : TSP
DIMENSION : 20
EDGE_WEIGHT_TYPE : EUC_2D
NODE_COORD_SECTION
1 0.00 0.00
2 -48.56 48.26
3 5.39 -2.51
4 -45.30 -88.58
5 -63.71 -37.19
6 -50.95 54.64
7 21.08 72.98
8 -16.23 -28.25
9 43.80 -52.62
10 96.75 -21.97
11 -23.41 -36.42
12 24.93 -3.51
13 -59.43 -55.78
14 -88.59 -6.03
15 -75.23 -41.24
16 -78.34 -8.27
17 58.49 76.43
18 8.35 -2.34
19 93.99 12.84
20 -10.86 21.40
ACCEPTED_PROBABILITIES
0.00
0.29
0.21
0.22
0.28
0.24
0.20
0.23
0.23
0.23
0.27
0.25
0.28
0.21
0.24
0.21
0.22
0.28
0.21
0.24
OUTSOURCING_COSTS
0.00
0.13
11.86
11.02
1.70
7.90
13.03
9.16
8.82
9.35
3.52
6.28
1.40
12.49
7.02
11.52
10.30
1.54
12.91
7.65
