NAME : sz-21-prob_type-inverse_dist-prob-0.25-fee_type-inverse_prob-fee-2.9
TYPE : TSP
DIMENSION : 21
EDGE_WEIGHT_TYPE : EUC_2D
NODE_COORD_SECTION
1 0.00 0.00
2 -70.89 30.20
3 -66.17 32.38
4 -94.76 16.49
5 41.37 -65.77
6 -94.36 -30.64
7 85.47 -22.54
8 -21.64 77.69
9 -81.88 49.89
10 -11.13 93.27
11 21.68 70.47
12 -42.38 -83.58
13 -37.87 51.73
14 67.28 5.21
15 -14.26 -76.95
16 -12.90 -78.21
17 -67.03 23.14
18 -46.70 4.28
19 24.04 83.49
20 22.45 22.91
21 8.66 13.03
ACCEPTED_PROBABILITIES
0.00
0.26
0.19
0.25
0.29
0.25
0.24
0.27
0.25
0.26
0.22
0.26
0.33
0.28
0.29
0.24
0.24
0.20
0.22
0.09
0.33
OUTSOURCING_COSTS
0.00
4.51
8.41
4.69
2.61
4.94
5.49
3.83
4.96
4.38
6.98
4.51
0.14
3.07
2.77
5.48
5.60
8.13
6.87
14.36
0.14
