NAME : sz-21-prob_type-uniform-prob-0.20-fee_type-direct_prob-fee-3.2
TYPE : TSP
DIMENSION : 21
EDGE_WEIGHT_TYPE : EUC_2D
NODE_COORD_SECTION
1 0.00 0.00
2 -21.23 -86.65
3 -66.61 -52.76
4 78.44 -20.17
5 31.71 -2.60
6 40.29 -82.67
7 48.93 -84.29
8 12.99 73.91
9 79.46 38.28
10 -3.50 -63.59
11 78.57 -15.61
12 -17.26 37.14
13 72.97 12.35
14 -37.31 76.59
15 -81.74 -33.26
16 89.38 29.71
17 90.66 -34.12
18 -1.52 24.88
19 -14.82 11.59
20 16.81 60.44
21 -32.59 -30.92
ACCEPTED_PROBABILITIES
0.00
0.16
0.16
0.22
0.21
0.21
0.19
0.24
0.23
0.22
0.24
0.22
0.24
0.19
0.23
0.23
0.16
0.24
0.22
0.21
0.22
OUTSOURCING_COSTS
0.00
1.03
0.16
12.49
10.42
9.74
6.02
14.86
14.34
12.00
15.84
12.38
15.26
7.16
13.64
13.57
0.54
14.74
11.97
9.65
11.55
