NAME : sz-20-prob_type-uniform-prob-0.15-fee_type-inverse_prob-fee-3.2
TYPE : TSP
DIMENSION : 20
EDGE_WEIGHT_TYPE : EUC_2D
NODE_COORD_SECTION
1 0.00 0.00
2 13.97 31.52
3 0.70 -6.26
4 -63.64 14.55
5 23.53 -21.80
6 22.73 21.00
7 5.23 -39.94
8 9.61 -95.08
9 -64.83 -57.99
10 -66.84 -53.54
11 -8.44 30.06
12 23.63 -7.39
13 15.44 72.77
14 32.96 16.35
15 38.54 1.86
16 14.83 42.93
17 87.66 -28.00
18 66.13 58.42
19 22.50 46.50
20 24.27 44.53
ACCEPTED_PROBABILITIES
0.00
0.18
0.11
0.18
0.17
0.15
0.12
0.17
0.16
0.17
0.18
0.12
0.14
0.11
0.20
0.17
0.18
0.18
0.13
0.19
OUTSOURCING_COSTS
0.00
2.92
15.80
3.55
5.42
9.75
14.10
5.14
7.66
4.81
4.10
15.10
10.67
16.67
0.17
5.25
4.11
2.86
12.13
1.73
