NAME : sz-20-prob_type-uniform-prob-0.10-fee_type-direct_prob
TYPE : TSP
DIMENSION : 20
EDGE_WEIGHT_TYPE : EUC_2D
NODE_COORD_SECTION
1 0.00 0.00
2 85.50 -50.14
3 -67.68 -46.98
4 7.27 -56.17
5 54.95 81.82
6 -68.25 -22.73
7 -41.47 85.58
8 3.73 -65.73
9 -18.21 -81.62
10 -95.94 9.59
11 50.17 26.40
12 35.24 -73.64
13 10.28 14.39
14 -17.82 -24.70
15 -30.81 -94.57
16 3.28 -6.03
17 13.15 94.64
18 52.40 -66.82
19 -11.06 3.87
20 58.74 -50.36
ACCEPTED_PROBABILITIES
0.00
0.08
0.08
0.09
0.08
0.14
0.15
0.09
0.06
0.14
0.12
0.14
0.13
0.11
0.09
0.13
0.14
0.08
0.06
0.14
OUTSOURCING_COSTS
0.00
2.65
4.06
4.63
2.97
14.97
15.63
4.64
0.16
14.33
11.44
15.15
13.34
9.21
5.61
12.35
14.82
2.95
0.16
14.47
