NAME : sz-21-prob_type-uniform-prob-0.25-fee_type-direct_prob-fee-2.7
TYPE : TSP
DIMENSION : 21
EDGE_WEIGHT_TYPE : EUC_2D
NODE_COORD_SECTION
1 0.00 0.00
2 22.32 -7.40
3 -72.37 63.82
4 39.68 -2.28
5 -64.98 -43.62
6 62.36 76.50
7 72.97 -52.56
8 -12.83 64.56
9 47.93 45.68
10 7.05 85.35
11 -70.24 -11.05
12 -26.02 -32.23
13 63.21 49.54
14 -66.70 35.30
15 -88.01 -25.46
16 -61.09 -76.82
17 -18.53 47.08
18 -6.41 84.13
19 67.46 -65.15
20 -69.74 -62.72
21 34.85 -28.76
ACCEPTED_PROBABILITIES
0.00
0.26
0.26
0.27
0.22
0.23
0.26
0.28
0.23
0.29
0.26
0.29
0.26
0.21
0.25
0.27
0.20
0.23
0.29
0.29
0.29
OUTSOURCING_COSTS
0.00
8.89
8.98
10.97
2.23
3.55
9.16
12.45
3.83
13.11
8.98
13.36
8.91
1.43
7.26
10.40
0.14
3.89
13.13
13.22
13.25
