NAME : sz-20-prob_type-uniform-prob-0.40-fee_type-inverse_prob
TYPE : TSP
DIMENSION : 20
EDGE_WEIGHT_TYPE : EUC_2D
NODE_COORD_SECTION
1 0.00 0.00
2 16.59 56.77
3 -43.58 83.04
4 -70.52 -63.90
5 -31.39 -92.89
6 -5.30 76.08
7 -33.16 -32.36
8 17.86 30.55
9 -32.32 91.05
10 26.71 32.39
11 -82.76 -49.25
12 -80.92 -3.65
13 35.62 -1.83
14 17.98 -53.95
15 -28.60 29.78
16 4.39 -11.64
17 -18.72 45.79
18 -8.79 15.03
19 -47.89 68.52
20 60.45 71.52
ACCEPTED_PROBABILITIES
0.00
0.41
0.42
0.41
0.39
0.37
0.40
0.43
0.41
0.37
0.45
0.37
0.41
0.39
0.37
0.45
0.42
0.38
0.41
0.39
OUTSOURCING_COSTS
0.00
7.66
4.98
7.23
11.79
15.32
9.40
4.70
7.10
15.63
0.16
14.83
7.62
11.91
14.88
0.32
6.06
14.47
8.42
11.59
