NAME : sz-21-prob_type-uniform-prob-0.25-fee_type-inverse_prob-fee-2.6
TYPE : TSP
DIMENSION : 21
EDGE_WEIGHT_TYPE : EUC_2D
NODE_COORD_SECTION
1 0.00 0.00
2 87.10 -32.88
3 62.71 -32.70
4 -41.76 -17.00
5 -27.71 72.99
6 -26.11 -3.76
7 -86.21 -49.39
8 81.49 4.85
9 18.86 -94.01
10 17.00 21.09
11 -1.82 -45.53
12 63.19 11.99
13 76.74 -44.49
14 53.98 -77.37
15 2.22 -76.32
16 -13.72 -71.78
17 68.32 -51.46
18 -67.21 -58.75
19 52.22 -17.32
20 -66.65 69.56
21 40.77 73.15
ACCEPTED_PROBABILITIES
0.00
0.23
0.29
0.29
0.27
0.28
0.28
0.21
0.26
0.28
0.30
0.30
0.24
0.28
0.26
0.21
0.21
0.22
0.21
0.25
0.23
OUTSOURCING_COSTS
0.00
10.04
1.13
0.71
3.93
2.64
3.39
12.06
5.96
3.04
0.13
0.34
8.12
3.13
5.20
12.87
12.68
11.05
12.37
7.07
10.20
