NAME : sz-21-prob_type-inverse_dist-prob-0.50-fee_type-inverse_prob-fee-3.5
TYPE : TSP
DIMENSION : 21
EDGE_WEIGHT_TYPE : EUC_2D
NODE_COORD_SECTION
1 0.00 0.00
2 62.96 15.07
3 5.30 -9.94
4 9.26 -11.12
5 74.52 0.66
6 -47.83 -71.58
7 -78.84 -33.70
8 19.76 -68.53
9 52.34 78.88
10 -74.33 -35.09
11 94.93 23.56
12 -38.14 4.25
13 45.82 7.52
14 56.58 -70.53
15 73.78 -58.85
16 37.01 89.71
17 12.03 50.57
18 -70.88 -2.60
19 26.29 89.68
20 97.66 12.51
21 -83.84 -21.95
ACCEPTED_PROBABILITIES
0.00
0.53
0.47
0.60
0.45
0.50
0.50
0.47
0.51
0.50
0.50
0.54
0.58
0.51
0.50
0.50
0.41
0.46
0.51
0.50
0.51
OUTSOURCING_COSTS
0.00
6.78
12.08
0.18
13.47
8.93
9.24
12.36
8.20
9.61
9.56
5.69
1.57
8.45
9.24
9.24
17.32
12.75
8.38
9.50
8.26
