NAME : sz-21-prob_type-uniform-prob-0.50-fee_type-direct_prob-fee-3.1
TYPE : TSP
DIMENSION : 21
EDGE_WEIGHT_TYPE : EUC_2D
NODE_COORD_SECTION
1 0.00 0.00
2 -79.50 -7.13
3 55.64 -7.75
4 93.21 29.67
5 72.94 55.70
6 -25.69 -89.35
7 -50.79 2.70
8 -17.91 62.27
9 50.97 31.08
10 31.81 -58.18
11 -3.81 -5.18
12 -5.07 64.73
13 -19.88 2.85
14 -84.81 -38.59
15 38.34 -39.93
16 99.37 -2.49
17 3.20 -44.68
18 80.94 -22.22
19 47.35 0.24
20 -36.21 70.02
21 -6.02 -3.64
ACCEPTED_PROBABILITIES
0.00
0.45
0.49
0.48
0.51
0.54
0.47
0.47
0.46
0.49
0.46
0.49
0.46
0.45
0.45
0.46
0.48
0.54
0.52
0.48
0.50
OUTSOURCING_COSTS
0.00
0.16
5.75
5.48
9.71
15.34
3.23
3.43
1.35
6.69
1.33
7.11
1.57
0.19
0.16
1.81
5.19
15.34
12.48
5.05
8.06
