NAME : sz-21-prob_type-uniform-prob-0.60-fee_type-inverse_prob-fee-3.1
TYPE : TSP
DIMENSION : 21
EDGE_WEIGHT_TYPE : EUC_2D
NODE_COORD_SECTION
1 0.00 0.00
2 44.12 -75.57
3 -13.74 -53.56
4 22.84 -50.40
5 84.40 52.52
6 -64.28 31.43
7 -7.10 11.68
8 57.25 32.94
9 9.39 57.23
10 77.20 -59.34
11 -74.76 32.61
12 38.34 -14.00
13 -59.41 1.29
14 5.67 -63.42
15 27.95 46.19
16 7.18 38.36
17 28.40 -27.00
18 -13.96 -16.04
19 5.20 -73.09
20 47.93 26.69
21 -29.99 65.57
ACCEPTED_PROBABILITIES
0.00
0.63
0.58
0.64
0.59
0.62
0.56
0.57
0.65
0.58
0.56
0.57
0.63
0.59
0.60
0.62
0.64
0.57
0.63
0.57
0.62
OUTSOURCING_COSTS
0.00
2.66
11.90
1.68
10.24
5.32
15.34
12.51
0.16
10.95
15.08
12.69
3.60
9.94
8.41
4.68
1.45
12.46
3.41
12.95
5.06
