NAME : sz-20-prob_type-inverse_dist-prob-0.50-fee_type-direct_prob-fee-2.5
TYPE : TSP
DIMENSION : 20
EDGE_WEIGHT_TYPE : EUC_2D
NODE_COORD_SECTION
1 0.00 0.00
2 -85.69 34.37
3 23.13 -34.56
4 46.15 72.84
5 70.48 -42.31
6 -77.05 -16.61
7 69.20 -3.39
8 34.37 86.24
9 -23.21 -55.81
10 51.41 8.49
11 -9.58 -42.57
12 20.77 -89.47
13 29.59 27.48
14 -11.65 -24.13
15 -68.42 -32.87
16 86.11 -10.00
17 6.42 -1.69
18 -49.99 40.04
19 62.32 -16.90
20 -48.85 -4.27
ACCEPTED_PROBABILITIES
0.00
0.50
0.55
0.50
0.51
0.46
0.49
0.51
0.41
0.52
0.46
0.49
0.64
0.59
0.49
0.50
0.44
0.48
0.57
0.45
OUTSOURCING_COSTS
0.00
5.50
7.96
5.29
6.12
3.28
4.72
6.12
0.13
6.65
2.96
4.99
13.03
10.40
4.65
5.48
2.08
4.15
9.23
2.62
