NAME : sz-21-prob_type-inverse_dist-prob-0.50-fee_type-inverse_prob-fee-3.1
TYPE : TSP
DIMENSION : 21
EDGE_WEIGHT_TYPE : EUC_2D
NODE_COORD_SECTION
1 0.00 0.00
2 19.90 -80.67
3 -44.29 -2.23
4 -6.22 60.59
5 28.73 -44.40
6 -57.20 -16.17
7 25.38 -51.69
8 -1.32 65.76
9 -81.52 24.48
10 11.35 22.53
11 -79.93 35.28
12 92.24 -27.95
13 73.73 6.09
14 19.89 -76.69
15 -62.84 60.71
16 -27.34 -32.62
17 -10.31 -31.75
18 -43.94 -77.16
19 -35.64 81.46
20 94.19 -15.77
21 34.47 6.48
ACCEPTED_PROBABILITIES
0.00
0.46
0.60
0.50
0.42
0.58
0.53
0.45
0.51
0.63
0.49
0.50
0.53
0.54
0.52
0.45
0.56
0.52
0.47
0.51
0.35
OUTSOURCING_COSTS
0.00
9.26
1.43
7.28
11.85
2.65
5.62
10.09
6.83
0.16
7.93
7.14
5.33
4.88
5.98
9.81
4.17
6.00
8.70
6.87
15.34
