NAME : sz-20-prob_type-uniform-prob-0.40-fee_type-inverse_prob-fee-3.4
TYPE : TSP
DIMENSION : 20
EDGE_WEIGHT_TYPE : EUC_2D
NODE_COORD_SECTION
1 0.00 0.00
2 -46.11 -38.13
3 69.83 12.28
4 2.38 -89.84
5 75.86 -49.40
6 41.42 30.06
7 42.84 28.76
8 -12.82 -13.69
9 49.74 -68.41
10 -38.10 -64.66
11 -87.29 -3.57
12 53.75 -72.42
13 70.23 -35.25
14 68.41 -13.51
15 -14.47 90.42
16 23.93 73.30
17 72.69 -41.98
18 85.45 -25.29
19 69.40 -9.20
20 -61.35 13.02
ACCEPTED_PROBABILITIES
0.00
0.37
0.38
0.37
0.40
0.42
0.41
0.39
0.40
0.35
0.41
0.40
0.45
0.45
0.37
0.36
0.38
0.44
0.45
0.44
OUTSOURCING_COSTS
0.00
15.37
13.49
14.41
9.25
5.31
6.50
10.87
9.80
17.72
6.77
8.90
0.18
0.18
13.91
17.08
12.69
1.69
0.60
0.94
