NAME : sz-21-prob_type-uniform-prob-0.55-fee_type-direct_prob-fee-3.2
TYPE : TSP
DIMENSION : 21
EDGE_WEIGHT_TYPE : EUC_2D
NODE_COORD_SECTION
1 0.00 0.00
2 -3.72 -7.87
3 -56.88 40.83
4 -2.81 19.19
5 90.19 25.62
6 -25.88 -17.95
7 84.46 -36.46
8 36.35 7.37
9 77.05 15.70
10 -77.49 -14.80
11 -25.71 -84.02
12 -3.97 -14.95
13 -2.34 -30.96
14 2.45 74.73
15 10.90 38.15
16 -24.48 34.54
17 -6.90 10.46
18 58.18 0.63
19 83.18 29.33
20 -63.41 -42.56
21 -39.71 -20.27
ACCEPTED_PROBABILITIES
0.00
0.53
0.54
0.57
0.53
0.58
0.59
0.57
0.58
0.57
0.60
0.59
0.58
0.55
0.51
0.60
0.58
0.52
0.53
0.53
0.56
OUTSOURCING_COSTS
0.00
3.01
5.77
11.29
3.65
13.36
14.94
10.36
12.57
11.64
15.84
15.13
12.03
6.89
0.16
15.84
13.51
2.19
4.26
4.16
9.39
