NAME : sz-21-prob_type-inverse_dist-prob-0.50-fee_type-direct_prob-fee-3.3
TYPE : TSP
DIMENSION : 21
EDGE_WEIGHT_TYPE : EUC_2D
NODE_COORD_SECTION
1 0.00 0.00
2 9.19 38.96
3 37.91 45.44
4 -29.21 5.64
5 68.04 -32.40
6 -66.01 32.66
7 -7.32 27.38
8 -16.22 -74.35
9 2.91 85.20
10 43.56 -66.95
11 -10.70 -3.48
12 21.03 1.20
13 -63.73 -69.84
14 42.92 11.07
15 90.51 24.63
16 -41.47 7.32
17 -57.84 72.10
18 20.53 65.28
19 67.01 71.05
20 -23.37 -15.47
21 -71.74 4.53
ACCEPTED_PROBABILITIES
0.00
0.56
0.49
0.60
0.53
0.55
0.61
0.55
0.50
0.55
0.28
0.57
0.50
0.55
0.50
0.42
0.51
0.49
0.50
0.60
0.53
OUTSOURCING_COSTS
0.00
14.11
10.33
16.09
12.49
13.66
16.34
13.58
11.17
13.37
0.16
14.62
10.82
13.37
11.08
7.04
11.25
10.28
11.08
16.10
12.60
