NAME : sz-21-prob_type-direct_dist-prob-0.50-fee_type-inverse_prob-fee-3.4
TYPE : TSP
DIMENSION : 21
EDGE_WEIGHT_TYPE : EUC_2D
NODE_COORD_SECTION
1 0.00 0.00
2 -45.74 -84.83
3 -67.59 -63.15
4 25.11 -13.70
5 -5.91 62.82
6 30.84 -20.99
7 -25.11 30.56
8 -11.27 10.95
9 44.71 -76.88
10 75.46 61.39
11 62.75 26.60
12 30.57 32.80
13 -12.15 -95.14
14 -65.28 60.92
15 -50.94 31.28
16 48.99 -22.25
17 -44.94 23.40
18 13.35 71.82
19 69.82 21.17
20 9.60 -12.80
21 38.59 27.27
ACCEPTED_PROBABILITIES
0.00
0.50
0.65
0.44
0.63
0.47
0.53
0.51
0.34
0.70
0.36
0.57
0.30
0.30
0.38
0.39
0.48
0.63
0.35
0.51
0.46
OUTSOURCING_COSTS
0.00
8.47
1.95
10.75
2.97
9.58
7.17
8.18
15.01
0.17
14.19
5.54
16.83
16.83
13.63
12.90
9.47
2.92
14.85
8.21
10.11
