NAME : sz-20-prob_type-uniform-prob-0.25-fee_type-direct_prob-fee-3.2
TYPE : TSP
DIMENSION : 20
EDGE_WEIGHT_TYPE : EUC_2D
NODE_COORD_SECTION
1 0.00 0.00
2 61.24 -57.48
3 -82.59 -37.37
4 33.43 3.00
5 0.63 49.10
6 12.04 26.40
7 48.44 82.83
8 -37.06 0.90
9 38.04 -70.95
10 24.63 -40.07
11 -60.46 -62.46
12 -36.03 -9.81
13 89.16 12.58
14 -64.55 14.29
15 -15.55 52.44
16 -44.13 10.83
17 47.77 56.65
18 -17.70 20.72
19 31.16 -28.20
20 87.92 46.17
ACCEPTED_PROBABILITIES
0.00
0.22
0.25
0.25
0.28
0.26
0.25
0.22
0.22
0.29
0.27
0.28
0.28
0.24
0.29
0.21
0.24
0.25
0.25
0.27
OUTSOURCING_COSTS
0.00
2.60
7.37
8.81
14.41
10.32
7.15
1.14
2.57
16.67
11.21
14.05
14.87
5.56
16.67
0.17
5.70
8.70
8.47
12.52
