NAME : sz-20-prob_type-uniform-prob-0.60-fee_type-direct_prob-fee-2.6
TYPE : TSP
DIMENSION : 20
EDGE_WEIGHT_TYPE : EUC_2D
NODE_COORD_SECTION
1 0.00 0.00
2 -50.54 -68.70
3 -34.03 -14.78
4 29.26 37.17
5 -75.77 64.59
6 89.45 4.63
7 -15.81 62.79
8 -77.74 -62.36
9 -60.26 -49.21
10 -23.44 54.62
11 -0.09 89.14
12 51.81 35.22
13 -51.87 -26.62
14 -23.70 19.17
15 -27.94 48.78
16 -39.97 45.75
17 -46.21 41.91
18 28.05 33.20
19 -40.29 0.56
20 -14.44 71.88
ACCEPTED_PROBABILITIES
0.00
0.63
0.58
0.57
0.56
0.64
0.60
0.56
0.61
0.57
0.56
0.63
0.58
0.63
0.60
0.60
0.57
0.61
0.57
0.61
OUTSOURCING_COSTS
0.00
11.95
4.01
2.37
0.93
13.55
7.67
0.14
9.40
1.64
0.14
13.49
4.49
12.36
7.34
6.98
2.74
9.41
2.43
9.01
