NAME : sz-20-prob_type-direct_dist-prob-0.50-fee_type-direct_prob-fee-2.6
TYPE : TSP
DIMENSION : 20
EDGE_WEIGHT_TYPE : EUC_2D
NODE_COORD_SECTION
1 0.00 0.00
2 -8.49 95.68
3 -11.79 -38.05
4 4.99 -43.31
5 -13.21 28.00
6 27.54 0.68
7 -81.18 19.36
8 -96.61 -13.66
9 63.94 -61.79
10 47.35 82.98
11 -85.30 -42.35
12 9.21 85.95
13 35.52 76.41
14 -40.37 45.09
15 -36.71 -48.99
16 -91.29 -32.66
17 76.51 -0.37
18 -6.27 -83.99
19 41.25 -90.34
20 37.60 5.67
ACCEPTED_PROBABILITIES
0.00
0.35
0.41
0.55
0.52
0.55
0.36
0.43
0.51
0.69
0.67
0.54
0.57
0.56
0.65
0.41
0.54
0.66
0.62
0.57
OUTSOURCING_COSTS
0.00
0.14
2.50
7.96
6.89
8.01
0.54
3.19
6.50
13.55
12.70
7.45
8.81
8.20
11.89
2.24
7.42
12.47
10.72
8.67
