NAME : sz-21-prob_type-uniform-prob-0.50-fee_type-direct_prob
TYPE : TSP
DIMENSION : 21
EDGE_WEIGHT_TYPE : EUC_2D
NODE_COORD_SECTION
1 0.00 0.00
2 8.20 -78.08
3 -24.31 71.94
4 -60.47 -68.59
5 60.61 -42.28
6 83.90 50.79
7 49.33 -73.00
8 65.22 -7.30
9 42.48 -76.45
10 65.05 40.07
11 -18.38 76.40
12 83.85 16.03
13 56.65 -46.31
14 -27.37 75.43
15 -12.82 -23.55
16 -28.77 14.05
17 -5.98 -56.66
18 7.59 -29.45
19 30.56 -88.69
20 27.17 -26.49
21 44.54 -41.99
ACCEPTED_PROBABILITIES
0.00
0.46
0.54
0.53
0.49
0.46
0.52
0.49
0.52
0.51
0.50
0.49
0.47
0.51
0.52
0.50
0.46
0.54
0.50
0.48
0.50
OUTSOURCING_COSTS
0.00
1.31
14.64
12.63
6.72
0.83
11.62
5.24
11.54
10.49
7.19
6.15
3.07
9.17
11.95
7.94
0.15
14.85
7.72
4.95
8.34
