NAME : sz-21-prob_type-uniform-prob-0.40-fee_type-direct_prob-fee-2.8
TYPE : TSP
DIMENSION : 21
EDGE_WEIGHT_TYPE : EUC_2D
NODE_COORD_SECTION
1 0.00 0.00
2 51.56 24.39
3 56.05 28.50
4 -42.80 -33.82
5 -19.31 25.62
6 95.80 18.97
7 -16.70 -50.91
8 36.26 42.51
9 -16.56 -91.12
10 -2.67 -68.57
11 -22.90 -0.86
12 91.98 24.03
13 39.58 -57.92
14 -69.89 -49.08
15 -69.14 40.30
16 95.27 6.06
17 16.33 -13.22
18 -36.03 -36.44
19 -59.77 66.39
20 4.43 93.24
21 -2.40 -34.31
ACCEPTED_PROBABILITIES
0.00
0.42
0.45
0.40
0.37
0.45
0.41
0.40
0.38
0.43
0.44
0.39
0.38
0.45
0.43
0.39
0.40
0.37
0.37
0.40
0.39
OUTSOURCING_COSTS
0.00
8.70
13.86
6.32
1.12
13.76
7.74
5.32
2.59
10.18
11.55
3.81
2.09
13.69
11.39
3.20
5.45
0.89
0.14
5.12
4.08
