NAME : sz-20-prob_type-uniform-prob-0.45-fee_type-direct_prob-fee-3.2
TYPE : TSP
DIMENSION : 20
EDGE_WEIGHT_TYPE : EUC_2D
NODE_COORD_SECTION
1 0.00 0.00
2 33.65 -76.39
3 -28.10 -64.47
4 66.98 13.96
5 15.93 33.01
6 -57.09 -76.57
7 45.56 -63.09
8 -68.44 32.65
9 77.39 43.65
10 13.04 51.29
11 -4.27 35.73
12 -75.46 24.93
13 -37.99 -77.34
14 88.73 2.57
15 15.29 36.84
16 -53.51 -72.15
17 1.26 10.43
18 -69.72 7.11
19 -4.97 35.22
20 85.00 18.58
ACCEPTED_PROBABILITIES
0.00
0.46
0.40
0.49
0.44
0.41
0.40
0.41
0.43
0.44
0.50
0.41
0.46
0.46
0.49
0.40
0.48
0.47
0.47
0.42
OUTSOURCING_COSTS
0.00
11.07
0.64
15.37
6.37
2.03
0.17
2.27
4.66
6.85
16.67
1.17
9.60
10.49
14.58
0.17
14.07
11.47
11.53
3.92
