NAME : sz-20-prob_type-uniform-prob-0.15-fee_type-direct_prob-fee-3.1
TYPE : TSP
DIMENSION : 20
EDGE_WEIGHT_TYPE : EUC_2D
NODE_COORD_SECTION
1 0.00 0.00
2 60.83 -42.55
3 49.85 -31.20
4 23.94 -57.72
5 53.48 -33.63
6 57.43 -65.79
7 10.12 -86.05
8 44.62 -56.72
9 -60.62 -34.53
10 -98.06 -15.93
11 -46.99 8.77
12 16.15 19.13
13 -97.68 16.86
14 -81.42 -6.93
15 2.33 -93.66
16 30.97 -52.14
17 88.89 9.65
18 -26.48 18.95
19 -87.13 -6.96
20 60.93 -7.10
ACCEPTED_PROBABILITIES
0.00
0.19
0.14
0.17
0.15
0.13
0.18
0.14
0.17
0.15
0.10
0.13
0.16
0.19
0.11
0.15
0.18
0.11
0.11
0.15
OUTSOURCING_COSTS
0.00
16.13
6.20
12.29
9.03
5.77
14.01
7.23
13.17
9.08
0.16
5.66
10.58
16.15
0.68
9.04
15.30
1.92
2.09
8.55
