NAME : sz-21-prob_type-uniform-prob-0.05-fee_type-inverse_prob-fee-2.7
TYPE : TSP
DIMENSION : 21
EDGE_WEIGHT_TYPE : EUC_2D
NODE_COORD_SECTION
1 0.00 0.00
2 -45.30 -73.86
3 67.49 -32.86
4 -47.19 -76.23
5 -37.22 -87.97
6 31.82 39.51
7 41.51 9.96
8 55.04 -10.68
9 26.44 33.96
10 37.30 91.26
11 -49.63 85.59
12 -35.26 11.11
13 -59.62 55.92
14 -31.75 -92.21
15 -4.81 73.75
16 43.15 7.94
17 85.64 39.60
18 55.68 -8.38
19 15.54 -91.97
20 -93.45 -14.27
21 -75.48 -47.46
ACCEPTED_PROBABILITIES
0.00
0.06
0.06
0.01
0.05
0.10
0.01
0.09
0.08
0.08
0.08
0.09
0.08
0.05
0.01
0.10
0.03
0.07
0.04
0.08
0.04
OUTSOURCING_COSTS
0.00
6.35
5.94
13.36
6.78
0.14
13.06
1.73
2.48
2.65
2.10
1.34
2.60
7.46
12.89
0.14
9.97
3.34
8.52
2.62
9.40
