NAME : sz-21-prob_type-direct_dist-prob-0.25-fee_type-inverse_prob
TYPE : TSP
DIMENSION : 21
EDGE_WEIGHT_TYPE : EUC_2D
NODE_COORD_SECTION
1 0.00 0.00
2 -0.13 98.48
3 4.24 -37.77
4 -24.26 -84.31
5 62.21 24.66
6 82.43 28.46
7 -42.41 77.28
8 54.16 20.64
9 -70.28 -56.66
10 27.48 19.40
11 7.88 -13.07
12 66.21 -35.01
13 -23.46 -58.76
14 96.09 -13.31
15 -26.73 -16.94
16 -82.86 39.93
17 -65.58 -14.36
18 -2.74 -90.64
19 -32.70 -24.64
20 71.59 -63.29
21 30.87 -45.48
ACCEPTED_PROBABILITIES
0.00
0.01
0.25
0.39
0.09
0.34
0.42
0.13
0.26
0.25
0.22
0.13
0.18
0.19
0.21
0.03
0.25
0.27
0.22
0.42
0.32
OUTSOURCING_COSTS
0.00
14.85
6.33
1.30
12.02
3.05
0.15
10.59
5.75
6.11
7.19
10.78
8.95
8.29
7.59
14.16
6.27
5.63
7.52
0.15
3.72
