NAME : sz-20-prob_type-uniform-prob-0.25-fee_type-direct_prob-fee-2.5
TYPE : TSP
DIMENSION : 20
EDGE_WEIGHT_TYPE : EUC_2D
NODE_COORD_SECTION
1 0.00 0.00
2 27.56 51.10
3 89.71 -18.61
4 -44.21 -29.74
5 94.24 -19.64
6 -87.84 -12.52
7 -67.55 67.46
8 21.51 -17.48
9 33.82 -29.91
10 -49.75 50.49
11 -27.68 -85.60
12 -23.33 -13.84
13 -33.57 3.89
14 13.90 -74.27
15 53.61 -0.01
16 21.09 -14.10
17 -69.59 7.01
18 77.81 -30.17
19 -38.05 75.85
20 -19.43 33.97
ACCEPTED_PROBABILITIES
0.00
0.21
0.20
0.21
0.28
0.25
0.26
0.21
0.21
0.27
0.30
0.30
0.27
0.23
0.21
0.25
0.26
0.30
0.22
0.28
OUTSOURCING_COSTS
0.00
1.71
0.13
0.78
10.68
6.26
8.05
1.03
1.59
9.48
12.69
12.90
9.81
3.48
0.77
7.16
8.02
13.03
2.92
10.50
