NAME : sz-21-prob_type-inverse_dist-prob-0.25-fee_type-direct_prob-fee-2.5
TYPE : TSP
DIMENSION : 21
EDGE_WEIGHT_TYPE : EUC_2D
NODE_COORD_SECTION
1 0.00 0.00
2 96.88 -0.35
3 26.05 26.79
4 22.20 32.89
5 13.47 96.92
6 -14.02 62.71
7 -32.93 -86.78
8 18.37 -31.21
9 44.32 25.97
10 -9.68 -72.81
11 -24.63 17.95
12 -32.81 62.12
13 -80.89 -47.39
14 -73.15 8.44
15 99.26 -6.35
16 46.88 35.77
17 -22.79 -14.91
18 -21.86 58.94
19 -34.54 91.65
20 -24.37 83.96
21 18.49 -61.21
ACCEPTED_PROBABILITIES
0.00
0.25
0.29
0.28
0.25
0.26
0.27
0.14
0.33
0.22
0.28
0.21
0.24
0.25
0.25
0.34
0.41
0.16
0.25
0.27
0.32
OUTSOURCING_COSTS
0.00
4.90
6.82
6.48
5.05
5.53
5.70
0.12
8.58
3.71
6.38
3.07
4.64
5.06
5.06
8.96
12.38
1.04
4.89
5.87
8.18
