NAME : sz-21-prob_type-uniform-prob-0.55-fee_type-inverse_prob-fee-2.5
TYPE : TSP
DIMENSION : 21
EDGE_WEIGHT_TYPE : EUC_2D
NODE_COORD_SECTION
1 0.00 0.00
2 -39.52 50.07
3 -3.37 57.75
4 40.17 -16.93
5 45.70 -21.76
6 25.27 -29.43
7 -69.58 -66.56
8 -50.26 73.54
9 -14.13 74.51
10 -1.98 -47.79
11 9.91 96.91
12 77.03 39.95
13 -72.70 -7.06
14 -39.98 -5.39
15 53.44 -27.31
16 54.37 35.19
17 -81.72 -28.18
18 -13.37 79.50
19 40.19 78.81
20 -28.84 18.86
21 -61.77 47.20
ACCEPTED_PROBABILITIES
0.00
0.58
0.58
0.50
0.60
0.55
0.52
0.55
0.55
0.50
0.54
0.56
0.55
0.58
0.53
0.51
0.58
0.50
0.50
0.55
0.59
OUTSOURCING_COSTS
0.00
2.81
1.91
11.93
0.12
6.65
10.28
6.52
6.41
11.95
7.67
4.78
6.14
1.81
8.26
11.52
2.03
12.38
12.22
5.70
0.42
