NAME : sz-21-prob_type-uniform-prob-0.15-fee_type-inverse_prob
TYPE : TSP
DIMENSION : 21
EDGE_WEIGHT_TYPE : EUC_2D
NODE_COORD_SECTION
1 0.00 0.00
2 78.24 -34.57
3 95.83 19.95
4 -39.43 69.04
5 -20.98 -73.07
6 48.83 -77.12
7 20.93 -52.88
8 24.75 21.59
9 31.98 -66.17
10 42.70 -82.21
11 -4.58 71.76
12 79.57 4.77
13 -87.78 -11.30
14 -23.07 49.80
15 -19.39 20.47
16 -23.05 -32.36
17 49.49 28.61
18 -63.60 -13.17
19 -2.70 -55.37
20 -91.83 32.46
21 -63.78 54.28
ACCEPTED_PROBABILITIES
0.00
0.17
0.12
0.17
0.11
0.19
0.12
0.14
0.11
0.15
0.13
0.13
0.13
0.17
0.18
0.15
0.13
0.16
0.10
0.10
0.16
OUTSOURCING_COSTS
0.00
2.46
11.54
3.73
14.02
0.15
11.02
8.38
13.76
7.23
10.77
9.35
9.28
2.14
0.38
7.25
10.05
5.10
14.85
14.49
4.07
