NAME : sz-21-prob_type-uniform-prob-0.10-fee_type-direct_prob-fee-3.2
TYPE : TSP
DIMENSION : 21
EDGE_WEIGHT_TYPE : EUC_2D
NODE_COORD_SECTION
1 0.00 0.00
2 -29.42 90.70
3 15.57 -13.12
4 37.43 59.72
5 -90.38 -11.18
6 11.10 30.15
7 -41.93 -2.53
8 -13.17 -20.38
9 34.70 62.59
10 13.26 -96.23
11 36.06 -39.19
12 -47.82 12.67
13 -63.43 54.95
14 42.16 46.22
15 -67.89 32.55
16 -19.17 -20.88
17 0.16 -26.45
18 -55.13 -48.49
19 -57.91 -30.08
20 13.56 20.10
21 -40.26 57.95
ACCEPTED_PROBABILITIES
0.00
0.08
0.11
0.05
0.09
0.10
0.12
0.08
0.09
0.14
0.09
0.06
0.12
0.12
0.11
0.08
0.08
0.15
0.15
0.12
0.14
OUTSOURCING_COSTS
0.00
5.30
10.03
0.16
6.36
8.36
11.84
4.50
5.95
15.12
5.97
0.72
11.17
11.55
10.48
5.18
5.46
15.84
15.84
11.82
14.74
