NAME : sz-21-prob_type-uniform-prob-0.20-fee_type-inverse_prob-fee-2.8
TYPE : TSP
DIMENSION : 21
EDGE_WEIGHT_TYPE : EUC_2D
NODE_COORD_SECTION
1 0.00 0.00
2 -78.37 46.81
3 47.69 85.62
4 -36.77 14.18
5 49.89 -55.84
6 39.03 -43.41
7 -88.97 17.52
8 68.69 -51.98
9 -39.71 27.20
10 44.24 -33.74
11 -70.24 43.00
12 24.02 -45.17
13 62.40 -24.25
14 -62.72 -20.89
15 -6.47 50.58
16 7.34 -74.80
17 -60.71 43.69
18 37.44 -89.03
19 91.00 3.53
20 -89.40 6.68
21 82.51 18.69
ACCEPTED_PROBABILITIES
0.00
0.22
0.25
0.20
0.16
0.24
0.21
0.19
0.20
0.17
0.15
0.20
0.22
0.18
0.19
0.19
0.19
0.24
0.18
0.17
0.21
OUTSOURCING_COSTS
0.00
4.52
0.14
6.52
12.78
1.40
5.79
8.59
7.30
11.23
13.86
6.88
4.32
9.33
8.67
8.87
8.36
1.49
9.30
11.76
6.01
