NAME : sz-20-prob_type-inverse_dist-prob-0.25-fee_type-inverse_prob-fee-2.6
TYPE : TSP
DIMENSION : 20
EDGE_WEIGHT_TYPE : EUC_2D
NODE_COORD_SECTION
1 0.00 0.00
2 -88.16 3.14
3 -18.73 -42.03
4 46.73 -2.89
5 -0.81 -71.57
6 79.74 26.36
7 -2.18 75.26
8 -31.74 14.66
9 59.50 22.16
10 -31.93 -24.40
11 -75.44 12.60
12 86.13 -38.73
13 -57.01 52.10
14 50.49 -52.50
15 -15.01 -32.71
16 -13.95 -17.13
17 51.94 -34.47
18 -45.64 23.11
19 51.18 75.76
20 26.12 3.80
ACCEPTED_PROBABILITIES
0.00
0.25
0.33
0.34
0.18
0.24
0.21
0.39
0.18
0.13
0.29
0.24
0.29
0.32
0.26
0.08
0.22
0.29
0.24
0.36
OUTSOURCING_COSTS
0.00
5.95
2.54
2.26
8.92
6.69
7.76
0.14
9.12
11.14
4.30
6.55
4.08
3.17
5.75
13.55
7.49
4.36
6.53
1.35
