NAME : sz-21-prob_type-uniform-prob-0.45-fee_type-inverse_prob-fee-3.3
TYPE : TSP
DIMENSION : 21
EDGE_WEIGHT_TYPE : EUC_2D
NODE_COORD_SECTION
1 0.00 0.00
2 -11.46 86.57
3 -35.03 18.48
4 -1.60 98.73
5 38.10 -37.17
6 41.51 -68.72
7 16.96 62.73
8 69.17 -19.88
9 -7.16 -10.26
10 14.58 -55.73
11 35.65 91.67
12 -68.16 50.33
13 -9.87 6.88
14 19.49 -64.60
15 -12.37 -43.14
16 -26.84 -46.38
17 -24.67 -57.87
18 3.78 65.12
19 41.25 -6.76
20 4.26 57.64
21 -64.19 50.17
ACCEPTED_PROBABILITIES
0.00
0.46
0.44
0.41
0.49
0.42
0.42
0.44
0.42
0.41
0.41
0.44
0.40
0.46
0.44
0.43
0.44
0.50
0.49
0.49
0.50
OUTSOURCING_COSTS
0.00
7.36
10.79
15.57
1.55
13.88
13.00
10.68
13.29
15.66
14.77
10.04
16.34
7.30
10.02
12.23
10.41
0.16
1.47
2.22
0.16
