NAME : sz-21-prob_type-uniform-prob-0.05-fee_type-inverse_prob-fee-3.1
TYPE : TSP
DIMENSION : 21
EDGE_WEIGHT_TYPE : EUC_2D
NODE_COORD_SECTION
1 0.00 0.00
2 7.64 60.54
3 -75.58 60.84
4 -62.14 -66.91
5 12.92 -41.03
6 -47.55 78.59
7 -21.46 25.34
8 83.93 -46.65
9 -21.93 64.76
10 48.01 -0.12
11 -12.61 -4.70
12 -69.37 -71.69
13 -31.65 33.39
14 27.38 -26.29
15 30.44 -25.20
16 95.19 5.22
17 12.73 74.83
18 -60.20 42.06
19 -46.89 -80.33
20 -68.19 49.43
21 35.18 64.93
ACCEPTED_PROBABILITIES
0.00
0.01
0.02
0.09
0.09
0.10
0.03
0.00
0.09
0.05
0.02
0.09
0.08
0.07
0.04
0.03
0.07
0.08
0.03
0.03
0.07
OUTSOURCING_COSTS
0.00
14.35
12.64
1.32
1.73
0.16
11.03
15.34
1.78
8.17
12.23
1.69
2.91
4.13
9.56
10.29
5.41
2.98
11.09
10.45
4.28
