NAME : sz-20-prob_type-uniform-prob-0.10-fee_type-direct_prob-fee-2.8
TYPE : TSP
DIMENSION : 20
EDGE_WEIGHT_TYPE : EUC_2D
NODE_COORD_SECTION
1 0.00 0.00
2 10.78 27.15
3 22.03 35.85
4 4.20 -18.85
5 -10.80 -81.21
6 -21.71 -56.00
7 -47.33 76.10
8 24.15 47.18
9 -53.42 -20.85
10 69.09 -65.00
11 -47.81 -55.97
12 15.14 50.65
13 -8.17 -3.44
14 42.36 32.43
15 -43.39 -36.71
16 -1.06 -54.70
17 23.68 -45.32
18 -69.05 -3.47
19 30.10 -54.84
20 35.10 -27.70
ACCEPTED_PROBABILITIES
0.00
0.14
0.07
0.08
0.07
0.13
0.07
0.05
0.11
0.15
0.10
0.14
0.13
0.09
0.09
0.14
0.09
0.14
0.07
0.07
OUTSOURCING_COSTS
0.00
14.06
3.00
4.73
2.48
11.48
2.49
0.15
9.05
14.59
7.84
13.90
12.50
6.33
5.69
13.11
6.55
13.19
2.58
2.45
