NAME : sz-20-prob_type-uniform-prob-0.25-fee_type-inverse_prob-fee-2.8
TYPE : TSP
DIMENSION : 20
EDGE_WEIGHT_TYPE : EUC_2D
NODE_COORD_SECTION
1 0.00 0.00
2 42.62 35.87
3 -98.09 16.68
4 -14.90 -90.25
5 23.26 66.47
6 -79.47 41.86
7 -91.91 -34.15
8 -1.28 93.68
9 -21.54 -1.74
10 -41.50 62.60
11 11.45 -86.49
12 -86.75 -1.36
13 -70.81 40.87
14 15.81 39.23
15 24.96 30.42
16 -47.13 85.42
17 -10.45 -48.70
18 26.80 -3.18
19 49.79 -70.09
20 16.98 -11.96
ACCEPTED_PROBABILITIES
0.00
0.20
0.27
0.28
0.30
0.29
0.24
0.25
0.23
0.27
0.21
0.27
0.30
0.30
0.30
0.24
0.29
0.25
0.22
0.23
OUTSOURCING_COSTS
0.00
14.59
4.20
3.62
0.15
1.19
9.08
7.45
11.22
4.01
13.59
4.32
0.42
0.15
0.48
9.75
1.54
7.39
12.65
10.29
