NAME : sz-20-prob_type-uniform-prob-0.45-fee_type-direct_prob-fee-3.1
TYPE : TSP
DIMENSION : 20
EDGE_WEIGHT_TYPE : EUC_2D
NODE_COORD_SECTION
1 0.00 0.00
2 57.06 -38.98
3 -91.42 33.53
4 -29.13 30.96
5 -46.47 -37.16
6 -14.67 -2.70
7 -48.87 -18.96
8 54.78 50.06
9 67.10 -60.59
10 -21.05 -15.97
11 -67.25 -44.35
12 -83.72 -41.35
13 1.86 47.90
14 26.22 38.66
15 -0.29 -97.37
16 -77.49 3.40
17 -79.18 -46.43
18 -99.97 2.24
19 38.10 -31.25
20 22.06 15.24
ACCEPTED_PROBABILITIES
0.00
0.49
0.46
0.41
0.47
0.41
0.48
0.48
0.46
0.43
0.49
0.43
0.41
0.45
0.46
0.45
0.42
0.46
0.49
0.46
OUTSOURCING_COSTS
0.00
16.15
11.42
0.70
12.29
0.66
13.60
14.88
9.81
4.24
15.40
5.02
0.16
7.68
11.06
7.94
2.23
10.10
15.58
9.83
