NAME : sz-21-prob_type-inverse_dist-prob-0.25-fee_type-direct_prob-fee-3.1
TYPE : TSP
DIMENSION : 21
EDGE_WEIGHT_TYPE : EUC_2D
NODE_COORD_SECTION
1 0.00 0.00
2 -23.69 -68.52
3 6.73 -0.69
4 58.07 -32.43
5 10.48 12.66
6 -47.76 13.75
7 -33.52 62.42
8 -17.05 -7.68
9 -23.47 96.72
10 23.58 -72.94
11 12.30 36.26
12 -74.61 31.26
13 20.13 19.40
14 -13.07 -53.70
15 67.53 34.56
16 36.51 64.05
17 13.37 -96.45
18 72.14 32.34
19 1.68 80.07
20 -1.99 86.96
21 80.41 -15.86
ACCEPTED_PROBABILITIES
0.00
0.24
0.47
0.24
0.44
0.27
0.20
0.05
0.25
0.25
0.25
0.28
0.42
0.36
0.27
0.20
0.25
0.28
0.22
0.25
0.24
OUTSOURCING_COSTS
0.00
6.94
15.34
6.86
14.30
7.89
5.47
0.16
7.32
7.48
7.36
8.28
13.55
11.22
8.12
5.29
7.35
8.32
6.34
7.33
6.96
