NAME : sz-20-prob_type-uniform-prob-0.35-fee_type-inverse_prob-fee-3.2
TYPE : TSP
DIMENSION : 20
EDGE_WEIGHT_TYPE : EUC_2D
NODE_COORD_SECTION
1 0.00 0.00
2 -2.51 47.25
3 12.41 88.79
4 43.42 -20.83
5 -76.33 -3.17
6 -27.44 61.30
7 44.16 9.12
8 -2.94 -5.95
9 -34.82 -56.97
10 48.27 6.19
11 -36.86 -46.77
12 19.15 51.39
13 -4.45 45.22
14 5.53 31.22
15 -76.27 -11.52
16 -15.75 -31.91
17 46.73 -85.08
18 6.09 -65.64
19 26.95 -64.42
20 33.26 14.94
ACCEPTED_PROBABILITIES
0.00
0.39
0.39
0.38
0.31
0.39
0.33
0.36
0.37
0.39
0.36
0.32
0.33
0.33
0.38
0.33
0.31
0.35
0.39
0.39
OUTSOURCING_COSTS
0.00
0.91
0.17
3.22
16.67
0.29
12.83
7.63
5.19
1.19
6.20
15.94
13.12
13.83
2.19
13.83
16.66
10.12
0.61
0.51
