NAME : sz-20-prob_type-uniform-prob-0.15-fee_type-inverse_prob-fee-3.5
TYPE : TSP
DIMENSION : 20
EDGE_WEIGHT_TYPE : EUC_2D
NODE_COORD_SECTION
1 0.00 0.00
2 -40.65 -0.33
3 -94.05 25.92
4 -85.67 -26.85
5 -82.38 -43.16
6 -64.70 41.87
7 30.10 83.59
8 -26.21 -72.28
9 -61.20 -69.87
10 21.04 87.88
11 96.25 -22.59
12 -75.58 -50.37
13 -50.65 -59.27
14 -58.99 46.27
15 18.11 31.79
16 -41.80 -3.42
17 19.28 -11.43
18 17.02 -77.99
19 -50.51 -68.34
20 -25.58 -45.96
ACCEPTED_PROBABILITIES
0.00
0.20
0.11
0.12
0.11
0.15
0.19
0.14
0.10
0.18
0.13
0.16
0.12
0.17
0.12
0.14
0.16
0.10
0.12
0.13
OUTSOURCING_COSTS
0.00
0.18
17.50
14.82
16.85
9.83
1.02
11.46
18.24
4.20
12.59
7.08
14.58
5.25
15.80
11.51
8.04
18.06
15.48
13.38
