NAME : sz-21-prob_type-uniform-prob-0.50-fee_type-inverse_prob-fee-3.5
TYPE : TSP
DIMENSION : 21
EDGE_WEIGHT_TYPE : EUC_2D
NODE_COORD_SECTION
1 0.00 0.00
2 81.84 -52.50
3 -14.22 -3.74
4 86.81 29.59
5 -17.45 81.74
6 69.32 56.13
7 38.55 -6.71
8 94.27 2.20
9 91.52 39.34
10 86.98 9.35
11 -24.25 -38.91
12 77.51 -3.92
13 -23.14 -90.82
14 53.75 10.17
15 -74.31 -29.52
16 -19.32 22.16
17 52.63 -4.61
18 -60.03 -7.36
19 34.60 -82.96
20 3.03 -19.92
21 45.98 -34.72
ACCEPTED_PROBABILITIES
0.00
0.54
0.50
0.47
0.55
0.47
0.51
0.53
0.47
0.49
0.48
0.53
0.45
0.54
0.47
0.51
0.49
0.47
0.53
0.52
0.50
OUTSOURCING_COSTS
0.00
1.15
8.19
14.28
0.18
15.32
6.32
4.43
14.85
11.51
12.82
4.44
17.32
1.99
14.04
7.37
11.70
14.60
3.18
5.45
8.25
