NAME : sz-20-prob_type-uniform-prob-0.25-fee_type-direct_prob-fee-2.9
TYPE : TSP
DIMENSION : 20
EDGE_WEIGHT_TYPE : EUC_2D
NODE_COORD_SECTION
1 0.00 0.00
2 -95.12 -27.26
3 -29.38 -51.04
4 46.57 66.33
5 31.15 -24.63
6 1.22 75.06
7 -51.71 76.87
8 -26.15 -19.08
9 14.34 18.82
10 -15.14 70.78
11 -47.83 -20.92
12 -23.52 10.82
13 76.76 -54.77
14 -34.02 27.78
15 -54.80 25.92
16 49.41 28.94
17 -42.74 -49.50
18 -1.75 98.49
19 7.85 44.03
20 -43.26 -22.60
ACCEPTED_PROBABILITIES
0.00
0.23
0.25
0.23
0.28
0.27
0.24
0.23
0.24
0.26
0.22
0.30
0.21
0.21
0.27
0.27
0.26
0.24
0.24
0.20
OUTSOURCING_COSTS
0.00
5.11
8.54
4.15
12.14
10.68
6.03
5.12
6.95
9.23
3.03
15.11
1.74
1.68
11.26
10.86
9.61
6.82
7.05
0.15
