NAME : sz-20-prob_type-uniform-prob-0.25-fee_type-inverse_prob-fee-3.1
TYPE : TSP
DIMENSION : 20
EDGE_WEIGHT_TYPE : EUC_2D
NODE_COORD_SECTION
1 0.00 0.00
2 -3.45 79.80
3 22.89 -1.37
4 -1.17 57.94
5 50.80 15.36
6 -75.13 -19.73
7 -19.39 30.31
8 -0.15 -83.07
9 -20.33 -7.18
10 -7.82 43.76
11 52.20 83.86
12 58.79 10.07
13 -21.61 -88.73
14 26.78 41.75
15 82.42 -42.80
16 -26.97 -57.12
17 -16.48 93.43
18 -47.48 68.35
19 40.32 30.52
20 12.96 -2.62
ACCEPTED_PROBABILITIES
0.00
0.20
0.29
0.27
0.28
0.26
0.28
0.29
0.28
0.20
0.30
0.29
0.23
0.25
0.29
0.24
0.29
0.27
0.30
0.22
OUTSOURCING_COSTS
0.00
15.74
1.05
4.19
2.30
6.50
2.53
1.39
2.21
16.15
0.16
0.51
10.56
8.30
1.22
9.96
1.16
4.63
0.25
12.35
