NAME : sz-21-prob_type-uniform-prob-0.25-fee_type-direct_prob-fee-2.5
TYPE : TSP
DIMENSION : 21
EDGE_WEIGHT_TYPE : EUC_2D
NODE_COORD_SECTION
1 0.00 0.00
2 -54.31 77.81
3 -22.73 69.35
4 -34.78 19.66
5 -89.09 4.02
6 22.77 -64.70
7 55.35 -20.96
8 10.11 -8.23
9 23.85 -20.21
10 -37.78 76.90
11 -68.75 -32.97
12 -33.90 19.90
13 17.80 -76.03
14 -32.31 52.13
15 -23.10 49.41
16 -8.61 57.44
17 91.65 23.27
18 -22.50 -80.62
19 78.99 -14.44
20 -30.91 42.43
21 -43.41 20.12
ACCEPTED_PROBABILITIES
0.00
0.29
0.23
0.20
0.23
0.23
0.21
0.21
0.23
0.27
0.27
0.22
0.21
0.29
0.23
0.27
0.30
0.30
0.21
0.23
0.25
OUTSOURCING_COSTS
0.00
11.78
3.06
0.12
3.67
3.68
1.72
1.49
3.89
9.39
8.42
1.84
1.28
11.17
3.58
9.43
12.15
12.38
1.22
4.34
6.45
