NAME : sz-20-prob_type-uniform-prob-0.55-fee_type-inverse_prob-fee-3.1
TYPE : TSP
DIMENSION : 20
EDGE_WEIGHT_TYPE : EUC_2D
NODE_COORD_SECTION
1 0.00 0.00
2 11.61 -81.32
3 88.27 -28.11
4 -73.44 -16.28
5 -50.60 -72.17
6 50.57 51.11
7 14.63 -33.20
8 -73.67 50.19
9 -69.98 24.85
10 36.60 -21.64
11 95.81 -24.47
12 -6.31 5.08
13 28.36 83.26
14 -76.61 5.80
15 -99.33 -4.10
16 -88.20 39.47
17 -73.62 15.93
18 90.26 31.20
19 13.80 59.18
20 -41.79 -49.42
ACCEPTED_PROBABILITIES
0.00
0.51
0.58
0.58
0.55
0.53
0.53
0.53
0.55
0.53
0.55
0.56
0.54
0.52
0.50
0.57
0.51
0.59
0.55
0.56
OUTSOURCING_COSTS
0.00
15.45
2.96
2.20
7.46
12.09
11.87
11.05
6.87
11.68
7.95
5.93
9.30
13.17
16.15
3.79
15.74
0.16
7.39
5.12
