NAME : sz-21-prob_type-uniform-prob-0.20-fee_type-inverse_prob
TYPE : TSP
DIMENSION : 21
EDGE_WEIGHT_TYPE : EUC_2D
NODE_COORD_SECTION
1 0.00 0.00
2 -29.36 10.04
3 42.35 -1.64
4 36.70 -46.29
5 -35.24 21.65
6 81.62 34.47
7 45.37 11.72
8 33.75 52.60
9 83.23 -12.21
10 19.92 -4.18
11 38.86 -65.02
12 94.01 29.58
13 45.23 25.44
14 -40.48 -76.48
15 74.10 -4.33
16 -41.28 20.19
17 -19.20 -78.74
18 85.73 -13.62
19 -11.24 -70.99
20 47.85 -53.56
21 -66.99 -73.71
ACCEPTED_PROBABILITIES
0.00
0.21
0.20
0.17
0.21
0.23
0.17
0.23
0.24
0.22
0.18
0.23
0.17
0.21
0.20
0.16
0.20
0.23
0.22
0.23
0.21
OUTSOURCING_COSTS
0.00
5.34
7.32
12.41
6.21
3.07
13.80
3.19
0.15
4.06
12.15
1.83
12.81
6.88
8.44
14.85
8.27
1.89
4.47
2.31
6.28
