NAME : sz-20-prob_type-uniform-prob-0.55-fee_type-direct_prob-fee-2.7
TYPE : TSP
DIMENSION : 20
EDGE_WEIGHT_TYPE : EUC_2D
NODE_COORD_SECTION
1 0.00 0.00
2 -88.63 10.46
3 53.31 82.68
4 50.83 -9.72
5 -24.01 -42.72
6 31.32 51.22
7 -64.70 27.80
8 -32.05 -63.24
9 8.76 39.16
10 37.36 -12.81
11 16.28 3.79
12 9.41 83.46
13 -49.81 -18.10
14 -1.95 -32.82
15 92.39 37.97
16 -19.24 -33.28
17 -51.98 -21.09
18 -57.07 58.32
19 50.31 -64.21
20 -31.03 -72.42
ACCEPTED_PROBABILITIES
0.00
0.58
0.58
0.59
0.52
0.53
0.59
0.55
0.52
0.52
0.53
0.60
0.56
0.59
0.57
0.58
0.57
0.56
0.58
0.58
OUTSOURCING_COSTS
0.00
11.41
10.24
12.77
1.09
3.24
13.47
6.18
0.70
0.14
2.83
14.07
7.21
13.32
8.55
11.19
9.11
6.82
10.72
10.23
