NAME : sz-20-prob_type-uniform-prob-0.05-fee_type-inverse_prob-fee-2.7
TYPE : TSP
DIMENSION : 20
EDGE_WEIGHT_TYPE : EUC_2D
NODE_COORD_SECTION
1 0.00 0.00
2 43.94 35.28
3 10.11 -0.44
4 -65.81 -13.37
5 -69.71 -69.05
6 -23.31 92.58
7 -0.87 49.84
8 96.28 -26.67
9 41.38 16.06
10 -34.89 -2.16
11 32.53 -21.14
12 -40.74 -40.67
13 75.15 50.64
14 15.10 44.66
15 52.94 27.08
16 12.17 -46.61
17 70.48 -48.58
18 36.65 -48.80
19 -25.97 -20.29
20 55.77 -0.26
ACCEPTED_PROBABILITIES
0.00
0.02
0.00
0.10
0.04
0.08
0.09
0.01
0.09
0.05
0.10
0.05
0.03
0.05
0.08
0.07
0.07
0.04
0.02
0.06
OUTSOURCING_COSTS
0.00
11.70
14.07
0.14
9.06
2.71
1.85
12.87
0.86
6.56
0.14
6.40
9.60
6.53
2.37
4.45
4.00
7.99
11.12
4.87
