NAME : sz-21-prob_type-inverse_dist-prob-0.25-fee_type-direct_prob-fee-3.4
TYPE : TSP
DIMENSION : 21
EDGE_WEIGHT_TYPE : EUC_2D
NODE_COORD_SECTION
1 0.00 0.00
2 51.81 67.00
3 -29.30 40.50
4 63.14 -30.18
5 -23.85 79.41
6 -8.54 7.27
7 57.58 -51.05
8 -76.64 -43.03
9 41.99 -56.02
10 -86.31 22.34
11 -73.47 -44.34
12 -38.60 65.75
13 -73.68 38.49
14 24.05 84.06
15 -37.18 11.82
16 -79.73 10.84
17 40.11 -2.25
18 7.87 38.25
19 -5.87 -9.58
20 -3.52 80.34
21 50.20 79.94
ACCEPTED_PROBABILITIES
0.00
0.25
0.22
0.22
0.25
0.46
0.23
0.25
0.27
0.25
0.24
0.21
0.24
0.26
0.39
0.21
0.13
0.37
0.26
0.25
0.26
OUTSOURCING_COSTS
0.00
5.90
4.77
4.46
6.13
16.83
4.96
6.07
7.37
6.28
5.62
4.24
5.74
6.38
13.37
4.01
0.17
12.45
6.73
6.18
6.80
