NAME : sz-21-prob_type-uniform-prob-0.45-fee_type-inverse_prob-fee-3.5
TYPE : TSP
DIMENSION : 21
EDGE_WEIGHT_TYPE : EUC_2D
NODE_COORD_SECTION
1 0.00 0.00
2 -7.63 -54.78
3 -9.85 -65.34
4 23.41 -44.29
5 -47.26 -46.37
6 13.52 -6.08
7 47.70 -6.81
8 33.92 -74.82
9 -13.76 7.68
10 -32.88 -38.94
11 -55.49 -82.77
12 61.82 41.87
13 23.88 -49.42
14 -43.21 75.90
15 5.92 61.50
16 77.27 11.25
17 -48.56 -18.54
18 -48.70 -29.24
19 72.20 27.58
20 29.71 44.20
21 2.22 84.58
ACCEPTED_PROBABILITIES
0.00
0.43
0.41
0.40
0.49
0.48
0.43
0.43
0.45
0.41
0.50
0.48
0.48
0.43
0.41
0.42
0.49
0.46
0.48
0.48
0.48
OUTSOURCING_COSTS
0.00
12.45
15.64
17.32
0.97
2.86
12.14
12.20
9.76
16.04
0.18
3.91
3.00
12.53
16.45
15.30
1.05
7.61
2.71
2.71
3.88
