NAME : sz-21-prob_type-inverse_dist-prob-0.50-fee_type-direct_prob-fee-3.4
TYPE : TSP
DIMENSION : 21
EDGE_WEIGHT_TYPE : EUC_2D
NODE_COORD_SECTION
1 0.00 0.00
2 92.17 -13.65
3 57.21 -0.19
4 -69.89 56.97
5 5.99 -63.69
6 15.01 -11.18
7 44.71 -59.63
8 -46.86 -62.65
9 -83.89 54.42
10 -43.64 -79.20
11 -4.10 69.31
12 -89.62 2.04
13 -85.53 37.44
14 6.86 -25.95
15 -3.99 -80.58
16 -63.00 -53.93
17 51.53 -3.14
18 26.29 -31.76
19 37.75 32.89
20 -74.87 47.71
21 -58.97 -52.57
ACCEPTED_PROBABILITIES
0.00
0.49
0.41
0.50
0.52
0.69
0.49
0.52
0.50
0.51
0.54
0.51
0.51
0.51
0.47
0.48
0.61
0.63
0.40
0.52
0.53
OUTSOURCING_COSTS
0.00
5.23
0.42
5.72
6.97
16.83
5.28
6.92
5.69
6.48
8.03
6.20
6.08
6.53
3.88
4.80
12.25
13.03
0.17
6.73
7.68
