NAME : sz-21-prob_type-uniform-prob-0.30-fee_type-direct_prob-fee-2.7
TYPE : TSP
DIMENSION : 21
EDGE_WEIGHT_TYPE : EUC_2D
NODE_COORD_SECTION
1 0.00 0.00
2 11.99 -8.18
3 46.44 68.93
4 -39.93 -30.29
5 44.35 61.24
6 32.54 -11.39
7 -57.48 34.75
8 -27.61 -40.60
9 69.35 49.61
10 47.29 -76.39
11 4.92 -72.63
12 5.21 -52.48
13 9.40 -96.82
14 -4.79 -30.37
15 43.96 65.92
16 -2.28 -18.92
17 84.80 -44.47
18 40.47 47.25
19 65.65 -11.52
20 -14.01 49.12
21 9.22 -62.18
ACCEPTED_PROBABILITIES
0.00
0.32
0.30
0.27
0.29
0.27
0.33
0.29
0.27
0.33
0.28
0.34
0.31
0.31
0.28
0.34
0.32
0.27
0.25
0.35
0.28
OUTSOURCING_COSTS
0.00
9.86
7.07
2.66
4.81
2.60
10.92
5.78
2.73
10.61
4.40
12.55
8.01
7.51
4.18
11.72
9.55
2.18
0.14
13.36
4.59
