NAME : sz-20-prob_type-inverse_dist-prob-0.25-fee_type-direct_prob-fee-2.5
TYPE : TSP
DIMENSION : 20
EDGE_WEIGHT_TYPE : EUC_2D
NODE_COORD_SECTION
1 0.00 0.00
2 -58.18 17.16
3 14.73 -46.40
4 -69.80 19.13
5 78.95 30.62
6 46.45 -79.20
7 -27.95 -81.88
8 -44.94 60.34
9 -60.23 -41.10
10 -51.78 62.97
11 -13.59 -75.60
12 -0.96 -99.77
13 -33.93 43.99
14 27.57 86.20
15 -58.62 53.76
16 8.42 12.91
17 -38.10 -36.72
18 -88.46 40.45
19 13.94 -27.75
20 79.54 -31.35
ACCEPTED_PROBABILITIES
0.00
0.16
0.29
0.22
0.26
0.24
0.24
0.24
0.22
0.26
0.30
0.25
0.17
0.24
0.24
0.15
0.15
0.26
0.21
0.27
OUTSOURCING_COSTS
0.00
0.41
12.49
6.15
9.32
7.73
8.07
7.96
6.51
9.63
13.03
8.79
1.52
7.84
7.62
0.23
0.13
9.38
4.97
10.29
