NAME : sz-21-prob_type-uniform-prob-0.05-fee_type-direct_prob
TYPE : TSP
DIMENSION : 21
EDGE_WEIGHT_TYPE : EUC_2D
NODE_COORD_SECTION
1 0.00 0.00
2 53.11 54.61
3 -66.20 -30.86
4 12.41 23.51
5 -45.79 53.32
6 -26.85 -11.64
7 23.80 13.66
8 -67.92 0.43
9 37.35 27.41
10 60.57 -57.82
11 39.87 -22.65
12 34.75 -10.61
13 93.95 -32.83
14 1.23 -18.74
15 57.09 -69.14
16 -34.20 81.30
17 -68.34 19.62
18 76.48 -15.67
19 44.79 52.06
20 -94.45 -10.00
21 1.83 -80.00
ACCEPTED_PROBABILITIES
0.00
0.03
0.05
0.07
0.04
0.03
0.09
0.03
0.03
0.09
0.08
0.02
0.06
0.04
0.03
0.01
0.03
0.09
0.02
0.04
0.08
OUTSOURCING_COSTS
0.00
3.56
7.73
10.61
6.42
4.90
14.85
3.88
3.60
14.34
13.94
2.48
9.71
6.16
3.63
0.15
4.06
14.23
3.13
5.69
12.90
