NAME : sz-21-prob_type-uniform-prob-0.25-fee_type-inverse_prob-fee-2.5
TYPE : TSP
DIMENSION : 21
EDGE_WEIGHT_TYPE : EUC_2D
NODE_COORD_SECTION
1 0.00 0.00
2 -54.72 -20.90
3 37.00 -80.27
4 15.61 59.84
5 68.12 54.15
6 62.54 -36.28
7 55.40 -44.81
8 60.16 34.61
9 64.93 69.90
10 -19.64 12.50
11 -48.93 40.78
12 -42.30 20.46
13 79.40 32.61
14 -66.65 22.79
15 0.23 69.30
16 -0.84 -53.88
17 -7.29 3.85
18 16.11 88.09
19 -12.09 8.74
20 -4.81 83.92
21 -42.95 -28.54
ACCEPTED_PROBABILITIES
0.00
0.27
0.27
0.30
0.30
0.27
0.22
0.25
0.25
0.24
0.21
0.21
0.23
0.27
0.23
0.22
0.24
0.23
0.28
0.26
0.29
OUTSOURCING_COSTS
0.00
3.74
4.42
0.12
0.12
3.25
10.82
6.26
6.09
7.56
12.38
12.21
9.49
4.47
9.86
10.30
7.35
9.81
3.03
5.82
0.83
