NAME : sz-21-prob_type-uniform-prob-0.30-fee_type-inverse_prob-fee-3.1
TYPE : TSP
DIMENSION : 21
EDGE_WEIGHT_TYPE : EUC_2D
NODE_COORD_SECTION
1 0.00 0.00
2 49.74 -55.61
3 31.21 81.58
4 39.70 -63.63
5 -62.98 32.80
6 81.07 -54.05
7 4.14 -74.22
8 -87.52 -25.11
9 5.03 2.64
10 -90.87 8.96
11 -23.12 -12.92
12 -35.92 -57.74
13 39.27 34.48
14 -39.80 87.39
15 51.42 24.36
16 7.34 70.22
17 40.66 -4.88
18 36.35 10.36
19 22.67 -89.58
20 -4.78 6.91
21 23.52 -0.86
ACCEPTED_PROBABILITIES
0.00
0.26
0.26
0.26
0.31
0.35
0.28
0.34
0.34
0.28
0.33
0.30
0.30
0.33
0.27
0.28
0.35
0.32
0.29
0.34
0.35
OUTSOURCING_COSTS
0.00
15.34
14.44
14.92
7.11
0.16
12.56
1.96
2.12
12.23
2.86
7.72
7.87
3.65
13.34
11.77
0.79
5.89
10.71
2.33
0.60
