NAME : sz-20-prob_type-uniform-prob-0.35-fee_type-inverse_prob-fee-2.9
TYPE : TSP
DIMENSION : 20
EDGE_WEIGHT_TYPE : EUC_2D
NODE_COORD_SECTION
1 0.00 0.00
2 26.20 21.64
3 46.60 25.76
4 38.86 -7.90
5 7.06 61.25
6 52.07 68.42
7 51.41 45.69
8 27.27 66.31
9 -52.45 -84.35
10 20.25 39.11
11 23.48 -24.87
12 -24.01 82.39
13 -51.40 -59.84
14 -87.77 16.33
15 -3.54 -64.43
16 60.19 29.80
17 28.72 80.20
18 -38.14 7.24
19 -12.71 61.07
20 -23.15 59.16
ACCEPTED_PROBABILITIES
0.00
0.40
0.38
0.32
0.39
0.36
0.40
0.31
0.39
0.37
0.40
0.33
0.34
0.37
0.35
0.37
0.33
0.32
0.39
0.37
OUTSOURCING_COSTS
0.00
0.69
3.21
13.66
1.22
7.43
0.32
15.11
2.07
5.61
0.15
12.21
9.95
4.72
7.69
4.26
11.83
13.84
1.12
4.80
