NAME : sz-20-prob_type-direct_dist-prob-0.50-fee_type-inverse_prob-fee-3.3
TYPE : TSP
DIMENSION : 20
EDGE_WEIGHT_TYPE : EUC_2D
NODE_COORD_SECTION
1 0.00 0.00
2 84.52 41.32
3 -23.20 10.22
4 -34.89 -34.03
5 -46.01 72.58
6 58.01 64.63
7 -71.11 37.07
8 -59.64 -16.38
9 16.23 12.27
10 29.57 -56.74
11 29.77 -92.13
12 -41.48 -84.57
13 -40.57 -74.54
14 67.46 12.07
15 18.37 42.20
16 -24.32 83.79
17 5.09 -69.90
18 39.79 5.16
19 -50.81 3.39
20 42.19 -44.13
ACCEPTED_PROBABILITIES
0.00
0.46
0.45
0.47
0.58
0.52
0.50
0.48
0.55
0.41
0.63
0.46
0.41
0.40
0.61
0.53
0.47
0.52
0.45
0.65
OUTSOURCING_COSTS
0.00
13.21
13.48
12.49
4.52
8.48
9.92
11.81
7.02
16.42
1.42
12.65
16.38
17.19
2.37
8.06
12.15
8.50
13.79
0.17
