NAME : sz-20-prob_type-uniform-prob-0.40-fee_type-inverse_prob-fee-3.3
TYPE : TSP
DIMENSION : 20
EDGE_WEIGHT_TYPE : EUC_2D
NODE_COORD_SECTION
1 0.00 0.00
2 -10.24 -79.01
3 80.81 45.01
4 -63.03 -23.08
5 -10.60 -0.69
6 -90.68 -9.80
7 -57.86 -60.10
8 34.49 -76.86
9 6.88 -83.15
10 -58.10 -59.36
11 75.21 -14.59
12 -28.00 -32.77
13 -54.83 -54.37
14 -33.83 -15.64
15 65.98 45.24
16 -32.68 47.75
17 56.19 34.96
18 26.47 14.26
19 41.71 18.92
20 24.51 -17.25
ACCEPTED_PROBABILITIES
0.00
0.41
0.40
0.35
0.44
0.40
0.45
0.37
0.43
0.38
0.38
0.44
0.41
0.37
0.39
0.44
0.38
0.42
0.40
0.45
OUTSOURCING_COSTS
0.00
7.22
8.12
17.19
1.17
8.53
0.17
14.21
3.74
12.62
13.11
0.61
7.77
14.06
10.20
1.05
12.17
5.70
8.51
0.37
