NAME : sz-21-prob_type-uniform-prob-0.30-fee_type-inverse_prob-fee-2.9
TYPE : TSP
DIMENSION : 21
EDGE_WEIGHT_TYPE : EUC_2D
NODE_COORD_SECTION
1 0.00 0.00
2 46.79 -83.88
3 -33.90 42.98
4 62.39 -16.61
5 -1.79 -67.77
6 -43.87 57.66
7 -1.11 -11.87
8 77.37 -47.71
9 7.45 78.46
10 -13.63 -58.15
11 -0.44 6.61
12 0.92 -51.44
13 -42.93 31.25
14 -79.74 -29.32
15 -4.78 -65.10
16 -68.87 60.32
17 -23.89 -75.60
18 -60.20 -27.27
19 40.44 -13.45
20 78.33 -18.95
21 -54.29 51.38
ACCEPTED_PROBABILITIES
0.00
0.29
0.30
0.30
0.30
0.26
0.29
0.33
0.33
0.28
0.34
0.27
0.35
0.31
0.30
0.31
0.29
0.29
0.32
0.35
0.25
OUTSOURCING_COSTS
0.00
8.39
7.09
7.58
7.78
14.23
9.72
2.21
2.38
9.95
1.30
12.78
0.14
6.64
7.69
6.18
9.69
8.43
3.74
0.14
14.36
