NAME : sz-20-prob_type-uniform-prob-0.50-fee_type-direct_prob-fee-3.3
TYPE : TSP
DIMENSION : 20
EDGE_WEIGHT_TYPE : EUC_2D
NODE_COORD_SECTION
1 0.00 0.00
2 50.41 -17.96
3 -16.51 -60.00
4 -42.60 -1.03
5 -37.35 -13.40
6 -9.49 86.83
7 -47.35 -1.87
8 -38.61 47.37
9 -84.21 50.29
10 99.43 4.35
11 -37.40 24.47
12 -61.56 27.05
13 25.49 -85.33
14 12.07 -59.70
15 -95.28 -3.30
16 -11.13 65.54
17 32.21 3.39
18 48.68 -81.38
19 6.31 86.40
20 -16.35 91.46
ACCEPTED_PROBABILITIES
0.00
0.50
0.55
0.53
0.50
0.54
0.49
0.49
0.47
0.49
0.47
0.46
0.45
0.50
0.51
0.50
0.54
0.45
0.49
0.46
OUTSOURCING_COSTS
0.00
9.36
17.19
13.79
9.23
15.85
7.67
7.59
3.48
7.70
3.75
0.95
0.17
8.19
10.97
9.25
15.73
0.36
6.11
0.97
