NAME : sz-20-prob_type-uniform-prob-0.40-fee_type-inverse_prob-fee-2.5
TYPE : TSP
DIMENSION : 20
EDGE_WEIGHT_TYPE : EUC_2D
NODE_COORD_SECTION
1 0.00 0.00
2 -57.74 -14.42
3 44.53 62.31
4 72.16 26.66
5 59.40 41.08
6 -69.20 -68.76
7 -57.68 -68.65
8 8.46 61.44
9 73.88 -25.21
10 -49.79 -36.21
11 47.66 -46.60
12 71.08 52.66
13 -64.19 -43.68
14 -49.72 -84.41
15 -19.18 51.76
16 -14.30 17.15
17 33.33 -2.96
18 68.83 -41.55
19 27.24 -35.28
20 19.17 -75.11
ACCEPTED_PROBABILITIES
0.00
0.35
0.43
0.41
0.43
0.42
0.35
0.37
0.37
0.36
0.44
0.40
0.44
0.39
0.43
0.36
0.35
0.38
0.37
0.35
OUTSOURCING_COSTS
0.00
13.03
1.75
5.12
2.00
3.36
12.87
10.38
11.18
12.42
0.13
5.99
0.86
8.02
2.09
11.25
12.92
8.52
10.89
13.03
