NAME : sz-21-prob_type-uniform-prob-0.35-fee_type-direct_prob-fee-3.2
TYPE : TSP
DIMENSION : 21
EDGE_WEIGHT_TYPE : EUC_2D
NODE_COORD_SECTION
1 0.00 0.00
2 62.89 -22.81
3 -67.98 -71.33
4 40.49 33.44
5 76.70 -22.74
6 -15.19 -85.54
7 18.01 27.35
8 -81.41 -0.93
9 -23.78 -6.54
10 -61.44 34.44
11 -33.75 -15.79
12 45.28 63.32
13 -70.23 -26.03
14 -89.04 29.76
15 6.76 -51.78
16 -5.61 -50.16
17 88.99 31.20
18 44.35 -83.30
19 62.45 29.69
20 -95.59 14.95
21 44.89 23.80
ACCEPTED_PROBABILITIES
0.00
0.30
0.30
0.39
0.37
0.37
0.38
0.38
0.32
0.40
0.37
0.36
0.40
0.33
0.39
0.39
0.34
0.38
0.39
0.36
0.40
OUTSOURCING_COSTS
0.00
0.16
0.24
14.80
11.07
10.82
12.18
13.29
3.58
15.56
10.95
8.96
15.28
5.29
14.02
14.45
6.28
12.54
14.57
8.82
15.84
