NAME : sz-21-prob_type-uniform-prob-0.05-fee_type-direct_prob-fee-3.1
TYPE : TSP
DIMENSION : 21
EDGE_WEIGHT_TYPE : EUC_2D
NODE_COORD_SECTION
1 0.00 0.00
2 -23.21 76.73
3 -44.19 51.99
4 -50.92 -20.37
5 -24.48 -8.11
6 -73.69 -48.37
7 16.18 -21.63
8 1.42 -32.66
9 -59.02 64.57
10 -42.16 87.80
11 -75.03 42.54
12 -88.01 47.35
13 13.21 10.75
14 -39.69 20.02
15 60.12 49.79
16 -27.93 37.16
17 -66.12 57.06
18 -65.70 -8.78
19 -76.06 -59.98
20 -31.00 -84.75
21 -5.60 -24.91
ACCEPTED_PROBABILITIES
0.00
0.05
0.00
0.06
0.08
0.09
0.10
0.04
0.01
0.04
0.00
0.08
0.08
0.02
0.06
0.05
0.00
0.04
0.06
0.05
0.10
OUTSOURCING_COSTS
0.00
8.49
0.28
9.99
12.16
13.85
15.34
6.89
0.86
5.62
0.16
13.09
13.05
2.43
10.33
7.94
0.31
6.66
9.76
8.47
15.34
