NAME : sz-21-prob_type-direct_dist-prob-0.50-fee_type-direct_prob-fee-2.6
TYPE : TSP
DIMENSION : 21
EDGE_WEIGHT_TYPE : EUC_2D
NODE_COORD_SECTION
1 0.00 0.00
2 5.86 56.05
3 44.32 19.12
4 -74.16 12.74
5 -42.38 -27.27
6 72.61 44.96
7 79.39 -46.47
8 40.57 -22.58
9 22.28 42.52
10 -70.41 31.19
11 86.32 -29.90
12 75.68 19.14
13 50.27 -50.09
14 -87.21 -15.42
15 -11.40 95.85
16 -52.10 78.85
17 -68.73 -46.40
18 -72.91 -52.91
19 -3.50 14.18
20 -73.81 63.36
21 64.26 37.71
ACCEPTED_PROBABILITIES
0.00
0.57
0.50
0.51
0.50
0.65
0.53
0.40
0.49
0.65
0.40
0.51
0.49
0.41
0.72
0.39
0.51
0.39
0.48
0.43
0.63
OUTSOURCING_COSTS
0.00
6.91
4.46
4.56
4.43
10.27
5.56
0.31
4.14
10.16
0.46
4.80
3.81
0.83
12.87
0.13
4.58
0.25
3.49
1.44
9.35
