NAME : sz-20-prob_type-uniform-prob-0.45-fee_type-inverse_prob-fee-3.5
TYPE : TSP
DIMENSION : 20
EDGE_WEIGHT_TYPE : EUC_2D
NODE_COORD_SECTION
1 0.00 0.00
2 91.46 12.79
3 -78.86 22.00
4 -22.69 73.79
5 -25.92 92.76
6 26.29 -1.12
7 -59.05 -77.09
8 32.49 -47.10
9 7.47 -8.22
10 87.16 -14.52
11 -58.79 -15.79
12 43.37 -10.53
13 69.04 -33.25
14 -89.02 -24.61
15 17.97 59.68
16 -25.90 49.11
17 59.95 -16.80
18 -53.47 48.39
19 43.41 40.87
20 -26.77 94.13
ACCEPTED_PROBABILITIES
0.00
0.46
0.50
0.50
0.44
0.44
0.49
0.42
0.45
0.41
0.43
0.47
0.46
0.43
0.45
0.47
0.46
0.42
0.44
0.43
OUTSOURCING_COSTS
0.00
8.95
0.24
0.18
11.53
12.62
1.03
15.66
10.65
18.24
14.07
6.71
7.47
14.44
10.82
6.69
8.97
17.02
12.69
14.73
