NAME : sz-20-prob_type-direct_dist-prob-0.50-fee_type-inverse_prob
TYPE : TSP
DIMENSION : 20
EDGE_WEIGHT_TYPE : EUC_2D
NODE_COORD_SECTION
1 0.00 0.00
2 -20.73 -33.36
3 -54.04 -82.80
4 54.56 2.25
5 48.76 -37.64
6 -7.36 -16.65
7 18.62 58.49
8 70.74 45.88
9 61.15 69.38
10 52.73 -61.06
11 58.30 -15.03
12 -41.50 -48.82
13 -25.20 -5.59
14 29.15 40.19
15 -1.67 -30.88
16 2.57 -0.37
17 -39.49 -81.06
18 35.93 -83.31
19 -46.64 -48.63
20 22.78 50.24
ACCEPTED_PROBABILITIES
0.00
0.51
0.31
0.62
0.51
0.52
0.51
0.38
0.41
0.47
0.44
0.56
0.54
0.51
0.52
0.49
0.40
0.70
0.62
0.41
OUTSOURCING_COSTS
0.00
7.53
15.63
3.15
7.70
7.17
7.68
13.17
11.74
9.38
10.37
5.54
6.59
7.57
7.36
8.30
11.99
0.16
3.08
11.69
