NAME : sz-21-prob_type-uniform-prob-0.60-fee_type-direct_prob-fee-2.8
TYPE : TSP
DIMENSION : 21
EDGE_WEIGHT_TYPE : EUC_2D
NODE_COORD_SECTION
1 0.00 0.00
2 3.26 46.41
3 -11.48 -21.19
4 13.41 -85.54
5 -51.46 47.94
6 -79.56 -51.61
7 47.47 54.07
8 -9.31 33.28
9 63.17 -11.89
10 15.38 -10.66
11 -12.79 -61.50
12 52.26 -66.07
13 94.73 2.53
14 -44.37 -16.73
15 26.41 87.73
16 79.40 -16.33
17 -62.75 42.88
18 13.72 -79.32
19 28.66 -15.18
20 69.79 66.49
21 74.73 -60.83
ACCEPTED_PROBABILITIES
0.00
0.62
0.58
0.62
0.55
0.56
0.57
0.57
0.65
0.60
0.61
0.62
0.57
0.60
0.65
0.61
0.59
0.61
0.58
0.64
0.58
OUTSOURCING_COSTS
0.00
9.88
3.77
10.22
0.14
0.83
2.94
3.29
13.86
7.10
7.97
10.31
1.96
6.92
13.86
8.82
5.41
9.01
4.04
13.12
3.35
