NAME : sz-21-prob_type-uniform-prob-0.15-fee_type-inverse_prob-fee-2.8
TYPE : TSP
DIMENSION : 21
EDGE_WEIGHT_TYPE : EUC_2D
NODE_COORD_SECTION
1 0.00 0.00
2 -54.40 -22.89
3 75.76 11.52
4 86.02 -29.91
5 6.45 9.18
6 -91.09 9.34
7 39.54 -58.06
8 -22.08 88.94
9 -73.99 -11.29
10 -49.04 20.97
11 -37.54 80.85
12 43.33 -73.82
13 75.54 -14.84
14 -12.43 -54.81
15 -69.72 36.37
16 6.61 -96.17
17 -77.03 2.93
18 -20.93 -73.43
19 1.22 -9.82
20 -46.96 65.07
21 -89.43 -19.49
ACCEPTED_PROBABILITIES
0.00
0.14
0.12
0.17
0.15
0.12
0.17
0.13
0.16
0.16
0.14
0.11
0.12
0.12
0.13
0.16
0.18
0.11
0.11
0.16
0.16
OUTSOURCING_COSTS
0.00
8.06
12.49
3.52
6.90
12.35
2.30
9.45
3.81
4.21
8.63
13.27
11.12
11.51
9.59
5.37
0.14
13.59
13.86
4.92
3.81
