NAME : sz-21-prob_type-uniform-prob-0.05-fee_type-direct_prob-fee-2.7
TYPE : TSP
DIMENSION : 21
EDGE_WEIGHT_TYPE : EUC_2D
NODE_COORD_SECTION
1 0.00 0.00
2 63.79 -41.55
3 80.62 6.62
4 58.73 12.75
5 -14.38 -23.42
6 23.13 -96.36
7 6.91 49.10
8 43.22 32.07
9 -63.61 -8.38
10 -7.15 -5.94
11 41.48 -70.55
12 -74.48 -28.25
13 77.63 -26.17
14 -68.58 29.33
15 -27.03 -93.12
16 -23.31 40.68
17 30.85 17.45
18 60.15 8.95
19 58.03 -69.68
20 -47.13 -67.38
21 -25.49 -23.98
ACCEPTED_PROBABILITIES
0.00
0.01
0.05
0.04
0.05
0.00
0.06
0.06
0.04
0.02
0.07
0.03
0.00
0.04
0.08
0.01
0.01
0.05
0.08
0.05
0.02
OUTSOURCING_COSTS
0.00
0.56
7.38
6.36
8.00
0.14
9.63
9.48
6.53
3.64
11.70
3.88
0.14
6.03
13.30
1.57
0.94
7.79
13.36
8.00
2.92
