NAME : sz-21-prob_type-direct_dist-prob-0.50-fee_type-direct_prob
TYPE : TSP
DIMENSION : 21
EDGE_WEIGHT_TYPE : EUC_2D
NODE_COORD_SECTION
1 0.00 0.00
2 85.72 16.57
3 46.41 69.23
4 -59.53 36.43
5 -0.93 -97.74
6 -43.61 49.64
7 71.37 27.68
8 34.08 39.22
9 53.76 -28.21
10 -22.31 -80.57
11 26.12 16.67
12 16.70 -85.67
13 57.10 67.34
14 68.67 52.52
15 -92.27 -8.62
16 29.80 7.33
17 64.65 -56.15
18 75.77 30.90
19 52.65 0.73
20 42.97 -85.55
21 28.43 58.30
ACCEPTED_PROBABILITIES
0.00
0.63
0.66
0.43
0.59
0.38
0.32
0.46
0.56
0.50
0.49
0.43
0.39
0.61
0.30
0.57
0.32
0.62
0.51
0.30
0.49
OUTSOURCING_COSTS
0.00
13.55
14.85
5.31
12.13
3.27
0.70
6.63
10.57
8.20
7.65
5.22
3.81
12.72
0.15
11.25
0.69
13.01
8.75
0.15
7.73
