NAME : sz-21-prob_type-inverse_dist-prob-0.25-fee_type-inverse_prob-fee-2.7
TYPE : TSP
DIMENSION : 21
EDGE_WEIGHT_TYPE : EUC_2D
NODE_COORD_SECTION
1 0.00 0.00
2 63.46 -59.49
3 -20.79 87.42
4 6.68 95.11
5 -28.99 10.19
6 64.30 -36.80
7 -58.05 3.45
8 -24.90 76.05
9 40.00 -32.36
10 -75.06 33.11
11 49.84 71.12
12 9.13 -16.90
13 -39.24 -15.48
14 23.32 -8.95
15 -26.45 -48.40
16 40.74 -1.30
17 0.13 79.31
18 -51.91 -48.93
19 37.17 -8.47
20 -79.17 10.15
21 -40.42 -59.21
ACCEPTED_PROBABILITIES
0.00
0.24
0.25
0.24
0.20
0.30
0.26
0.27
0.26
0.26
0.23
0.38
0.16
0.10
0.28
0.19
0.22
0.25
0.40
0.22
0.29
OUTSOURCING_COSTS
0.00
7.24
6.74
7.32
9.16
4.71
6.16
5.93
6.36
6.21
7.54
0.99
10.75
13.36
5.57
9.44
8.15
6.67
0.14
8.32
5.06
