NAME : sz-20-prob_type-uniform-prob-0.25-fee_type-direct_prob-fee-2.8
TYPE : TSP
DIMENSION : 20
EDGE_WEIGHT_TYPE : EUC_2D
NODE_COORD_SECTION
1 0.00 0.00
2 -58.75 -69.02
3 -0.23 34.67
4 -16.43 4.12
5 -33.28 27.28
6 47.98 -72.63
7 58.78 69.77
8 86.87 44.62
9 48.06 57.96
10 59.19 34.48
11 -45.87 -68.27
12 9.22 46.48
13 -35.28 92.48
14 -90.80 29.04
15 -3.10 -13.29
16 -5.04 8.92
17 0.19 6.18
18 -51.05 83.91
19 43.47 -18.01
20 -4.53 -1.67
ACCEPTED_PROBABILITIES
0.00
0.26
0.26
0.30
0.22
0.28
0.28
0.28
0.27
0.28
0.24
0.23
0.20
0.23
0.23
0.26
0.26
0.22
0.27
0.24
OUTSOURCING_COSTS
0.00
8.63
9.56
14.59
3.30
12.68
12.69
11.84
10.27
11.70
5.50
4.32
0.15
4.44
3.75
9.11
8.76
1.89
10.41
6.47
