NAME : sz-21-prob_type-uniform-prob-0.15-fee_type-direct_prob-fee-3.1
TYPE : TSP
DIMENSION : 21
EDGE_WEIGHT_TYPE : EUC_2D
NODE_COORD_SECTION
1 0.00 0.00
2 70.71 -14.31
3 -63.24 9.48
4 32.46 -14.89
5 -33.47 21.23
6 93.34 -16.50
7 -27.51 -52.53
8 59.67 22.67
9 -36.13 77.12
10 46.56 -80.34
11 -30.41 74.07
12 -27.76 72.41
13 23.04 -65.89
14 80.42 56.38
15 94.52 9.14
16 -63.61 -63.15
17 45.97 50.54
18 -40.85 70.45
19 10.59 -27.34
20 21.18 44.94
21 -47.02 -59.37
ACCEPTED_PROBABILITIES
0.00
0.15
0.19
0.14
0.13
0.10
0.15
0.12
0.16
0.13
0.18
0.13
0.14
0.14
0.14
0.16
0.14
0.16
0.19
0.15
0.19
OUTSOURCING_COSTS
0.00
9.19
15.34
6.87
4.70
0.16
8.75
2.66
10.16
5.37
13.46
5.48
6.81
7.09
6.15
10.61
6.26
10.43
15.31
7.95
15.34
