NAME : sz-21-prob_type-uniform-prob-0.50-fee_type-inverse_prob-fee-3.1
TYPE : TSP
DIMENSION : 21
EDGE_WEIGHT_TYPE : EUC_2D
NODE_COORD_SECTION
1 0.00 0.00
2 5.39 3.22
3 62.51 -55.40
4 -7.01 8.34
5 44.25 -81.10
6 -79.82 -40.77
7 -31.35 41.52
8 -51.68 62.48
9 42.93 4.91
10 59.24 32.14
11 82.48 -50.10
12 15.91 -71.59
13 20.52 -29.64
14 9.77 -18.64
15 20.29 54.95
16 -51.25 34.12
17 -58.77 22.00
18 44.01 4.68
19 38.21 -72.96
20 -36.46 52.86
21 -53.28 -0.64
ACCEPTED_PROBABILITIES
0.00
0.48
0.55
0.54
0.45
0.49
0.53
0.55
0.47
0.51
0.53
0.50
0.52
0.50
0.52
0.51
0.54
0.52
0.52
0.48
0.51
OUTSOURCING_COSTS
0.00
10.70
0.16
1.02
15.34
8.97
3.26
0.16
12.36
6.34
2.97
8.16
4.88
8.02
5.14
5.89
1.71
3.84
4.64
10.61
6.20
