NAME : sz-20-prob_type-inverse_dist-prob-0.50-fee_type-direct_prob-fee-2.9
TYPE : TSP
DIMENSION : 20
EDGE_WEIGHT_TYPE : EUC_2D
NODE_COORD_SECTION
1 0.00 0.00
2 49.00 -0.99
3 -59.55 -14.95
4 -43.45 55.91
5 64.51 10.88
6 10.29 -14.26
7 45.44 69.42
8 -43.28 72.97
9 -41.77 45.37
10 14.17 -96.84
11 73.06 34.13
12 6.13 81.25
13 2.33 -20.59
14 9.95 65.65
15 -66.97 -23.56
16 -51.20 25.52
17 64.73 54.37
18 -76.77 58.53
19 31.23 -8.75
20 -97.15 11.90
ACCEPTED_PROBABILITIES
0.00
0.49
0.41
0.47
0.50
0.64
0.53
0.47
0.48
0.50
0.48
0.50
0.64
0.55
0.44
0.50
0.48
0.50
0.40
0.50
OUTSOURCING_COSTS
0.00
5.98
0.57
4.42
6.37
15.11
7.91
4.46
5.08
6.42
5.27
6.37
15.07
9.29
2.35
6.47
4.80
6.43
0.15
6.60
