NAME : sz-21-prob_type-uniform-prob-0.50-fee_type-inverse_prob
TYPE : TSP
DIMENSION : 21
EDGE_WEIGHT_TYPE : EUC_2D
NODE_COORD_SECTION
1 0.00 0.00
2 -62.88 -43.93
3 31.84 23.16
4 -96.62 7.20
5 8.02 -88.70
6 -34.29 -52.01
7 -14.80 75.55
8 -45.86 -6.62
9 -34.07 -19.95
10 -69.33 20.98
11 -88.48 35.10
12 92.93 11.74
13 -21.37 10.76
14 40.72 -72.42
15 -2.55 -56.00
16 -53.77 -39.86
17 -8.04 -93.74
18 -80.11 -0.54
19 -33.45 -52.40
20 91.56 40.15
21 -88.80 -0.20
ACCEPTED_PROBABILITIES
0.00
0.55
0.50
0.46
0.45
0.49
0.49
0.47
0.52
0.54
0.48
0.48
0.51
0.45
0.54
0.51
0.51
0.45
0.55
0.51
0.52
OUTSOURCING_COSTS
0.00
0.15
7.71
13.52
14.45
8.23
8.36
12.44
3.87
0.63
10.03
10.75
5.15
14.79
0.99
5.95
6.13
14.85
0.15
6.46
4.23
