NAME : sz-20-prob_type-uniform-prob-0.05-fee_type-inverse_prob
TYPE : TSP
DIMENSION : 20
EDGE_WEIGHT_TYPE : EUC_2D
NODE_COORD_SECTION
1 0.00 0.00
2 -24.52 -39.34
3 9.84 -90.89
4 45.94 17.85
5 -28.16 -15.13
6 -74.33 -36.38
7 65.42 -30.53
8 57.79 39.05
9 -10.24 -38.24
10 75.35 -64.49
11 23.85 -10.97
12 78.36 -9.76
13 72.71 46.45
14 48.82 -52.00
15 -12.81 -76.57
16 66.12 13.59
17 72.92 22.01
18 49.43 25.66
19 5.73 16.18
20 74.89 19.30
ACCEPTED_PROBABILITIES
0.00
0.06
0.10
0.02
0.08
0.09
0.03
0.02
0.07
0.03
0.07
0.09
0.07
0.00
0.01
0.04
0.04
0.06
0.03
0.08
OUTSOURCING_COSTS
0.00
5.28
0.16
12.80
2.08
0.88
11.12
12.19
3.80
10.48
5.24
1.40
3.83
15.63
14.12
9.18
9.30
6.68
10.46
2.07
