NAME : sz-20-prob_type-uniform-prob-0.40-fee_type-inverse_prob-fee-3.2
TYPE : TSP
DIMENSION : 20
EDGE_WEIGHT_TYPE : EUC_2D
NODE_COORD_SECTION
1 0.00 0.00
2 -54.42 60.10
3 -86.05 34.17
4 40.53 -78.72
5 5.73 82.68
6 63.76 68.62
7 -79.27 14.55
8 21.51 72.34
9 -32.10 -25.48
10 62.51 76.27
11 13.34 12.91
12 -59.72 -77.36
13 41.62 66.00
14 -56.33 74.00
15 -31.62 -61.41
16 -33.96 -14.38
17 49.53 -76.71
18 -22.64 -58.03
19 -31.78 -5.28
20 -37.67 13.71
ACCEPTED_PROBABILITIES
0.00
0.45
0.39
0.44
0.35
0.38
0.44
0.38
0.35
0.41
0.36
0.37
0.44
0.42
0.36
0.40
0.35
0.37
0.38
0.41
OUTSOURCING_COSTS
0.00
0.17
9.33
0.69
16.67
11.96
0.79
11.29
16.25
5.86
14.62
13.80
2.15
5.70
14.85
7.58
16.67
14.17
12.45
5.80
