NAME : sz-20-prob_type-uniform-prob-0.35-fee_type-direct_prob-fee-2.6
TYPE : TSP
DIMENSION : 20
EDGE_WEIGHT_TYPE : EUC_2D
NODE_COORD_SECTION
1 0.00 0.00
2 98.70 -14.65
3 39.94 -41.53
4 -88.22 -12.33
5 66.04 50.67
6 -92.08 -19.59
7 94.04 -15.61
8 -10.49 84.09
9 75.48 9.61
10 62.07 -3.39
11 -39.36 -73.69
12 -84.15 35.99
13 51.03 -54.86
14 84.62 46.95
15 -56.80 18.03
16 -58.35 78.46
17 -34.49 5.14
18 32.85 14.13
19 -1.68 -72.10
20 71.02 -28.45
ACCEPTED_PROBABILITIES
0.00
0.31
0.37
0.39
0.32
0.39
0.30
0.38
0.38
0.32
0.34
0.33
0.34
0.37
0.37
0.33
0.37
0.35
0.33
0.34
OUTSOURCING_COSTS
0.00
0.87
9.82
13.55
3.25
13.13
0.14
11.93
12.29
1.79
5.55
3.28
5.59
9.60
10.40
4.08
10.90
7.76
3.35
6.25
