NAME : sz-20-prob_type-inverse_dist-prob-0.50-fee_type-direct_prob-fee-3.3
TYPE : TSP
DIMENSION : 20
EDGE_WEIGHT_TYPE : EUC_2D
NODE_COORD_SECTION
1 0.00 0.00
2 -6.20 -54.52
3 -76.11 23.78
4 14.05 -79.90
5 22.40 -95.23
6 -31.88 -17.57
7 9.41 -77.62
8 40.30 -0.49
9 -37.69 75.91
10 63.99 -6.52
11 -64.37 52.63
12 92.20 7.34
13 -27.23 90.88
14 -59.98 -14.43
15 4.04 -61.15
16 75.56 57.24
17 53.59 -68.01
18 -23.53 -50.80
19 30.55 -43.46
20 -8.25 24.81
ACCEPTED_PROBABILITIES
0.00
0.56
0.52
0.46
0.50
0.50
0.45
0.56
0.48
0.41
0.50
0.51
0.49
0.47
0.41
0.51
0.51
0.57
0.40
0.55
OUTSOURCING_COSTS
0.00
16.96
12.81
6.56
10.13
10.72
5.96
16.69
8.93
1.76
10.57
11.54
9.95
7.89
0.91
11.85
11.81
17.19
0.17
15.99
