NAME : sz-21-prob_type-uniform-prob-0.10-fee_type-inverse_prob-fee-3.4
TYPE : TSP
DIMENSION : 21
EDGE_WEIGHT_TYPE : EUC_2D
NODE_COORD_SECTION
1 0.00 0.00
2 30.14 -28.33
3 46.30 -66.00
4 -15.89 -59.15
5 -53.48 27.19
6 -46.24 -53.24
7 49.47 0.65
8 -3.60 40.68
9 84.12 -2.24
10 9.39 -87.73
11 -63.52 -21.96
12 54.29 -18.68
13 14.65 -90.35
14 -50.39 -1.45
15 -55.77 60.55
16 12.00 74.74
17 35.69 -74.02
18 47.82 62.58
19 27.91 57.23
20 -80.17 30.08
21 9.25 40.97
ACCEPTED_PROBABILITIES
0.00
0.12
0.09
0.06
0.09
0.15
0.12
0.09
0.05
0.13
0.09
0.12
0.14
0.10
0.06
0.07
0.12
0.09
0.07
0.06
0.12
OUTSOURCING_COSTS
0.00
3.95
10.06
15.11
9.98
0.17
4.75
10.89
16.83
3.85
10.94
4.72
1.89
8.37
15.44
13.78
5.26
9.95
13.57
14.99
5.20
