NAME : sz-20-prob_type-uniform-prob-0.60-fee_type-direct_prob-fee-3.1
TYPE : TSP
DIMENSION : 20
EDGE_WEIGHT_TYPE : EUC_2D
NODE_COORD_SECTION
1 0.00 0.00
2 9.06 -54.20
3 -66.95 29.89
4 -53.70 8.83
5 -43.65 -42.11
6 -36.32 74.04
7 -4.09 82.61
8 29.08 -60.82
9 -58.46 18.39
10 -43.93 6.81
11 2.99 -88.67
12 -22.02 -5.65
13 -65.75 58.78
14 86.01 -17.40
15 35.16 -48.01
16 10.62 -61.79
17 59.22 24.76
18 44.71 -77.23
19 87.08 6.09
20 -8.35 -13.26
ACCEPTED_PROBABILITIES
0.00
0.60
0.60
0.60
0.58
0.56
0.56
0.57
0.60
0.55
0.63
0.58
0.60
0.55
0.59
0.55
0.58
0.65
0.64
0.60
OUTSOURCING_COSTS
0.00
9.01
8.90
9.10
4.22
2.06
1.55
3.05
7.56
0.49
12.86
4.29
8.92
0.58
6.23
0.16
5.56
16.15
14.55
8.39
