NAME : sz-20-prob_type-uniform-prob-0.35-fee_type-direct_prob-fee-2.5
TYPE : TSP
DIMENSION : 20
EDGE_WEIGHT_TYPE : EUC_2D
NODE_COORD_SECTION
1 0.00 0.00
2 40.59 -38.91
3 30.74 59.81
4 0.59 40.39
5 70.74 27.44
6 89.50 44.23
7 78.85 56.38
8 -83.98 -29.90
9 -15.38 -43.63
10 -24.26 60.10
11 72.05 22.30
12 76.25 -17.88
13 -49.02 45.60
14 15.52 -23.11
15 -55.80 -25.06
16 60.63 71.80
17 -77.99 7.23
18 -23.50 -62.28
19 -15.77 81.88
20 -54.15 -19.28
ACCEPTED_PROBABILITIES
0.00
0.35
0.39
0.40
0.31
0.30
0.40
0.36
0.36
0.32
0.33
0.38
0.34
0.33
0.30
0.32
0.39
0.34
0.33
0.40
OUTSOURCING_COSTS
0.00
5.99
11.40
13.03
0.86
0.13
12.83
7.90
7.59
2.31
4.46
10.19
5.90
3.76
0.32
2.41
11.82
5.22
4.59
13.03
