NAME : sz-21-prob_type-uniform-prob-0.20-fee_type-direct_prob-fee-2.7
TYPE : TSP
DIMENSION : 21
EDGE_WEIGHT_TYPE : EUC_2D
NODE_COORD_SECTION
1 0.00 0.00
2 24.28 -89.90
3 42.45 -67.01
4 3.81 2.07
5 -95.54 -16.02
6 47.61 30.27
7 48.52 45.44
8 -32.70 -22.33
9 -39.11 22.75
10 21.32 88.68
11 -4.73 42.08
12 -0.19 17.42
13 -46.82 21.56
14 -80.93 -58.07
15 89.95 16.35
16 39.16 35.20
17 8.30 -61.10
18 -39.63 -68.48
19 -80.80 5.72
20 -15.93 50.40
21 15.33 41.07
ACCEPTED_PROBABILITIES
0.00
0.16
0.24
0.17
0.16
0.24
0.19
0.16
0.25
0.15
0.16
0.22
0.18
0.19
0.20
0.16
0.18
0.24
0.22
0.21
0.17
OUTSOURCING_COSTS
0.00
1.73
11.98
2.15
1.29
12.43
4.96
2.02
13.36
0.14
0.79
9.82
3.46
4.78
7.47
1.95
3.45
12.60
10.20
7.61
2.05
