NAME : sz-21-prob_type-uniform-prob-0.30-fee_type-inverse_prob-fee-2.5
TYPE : TSP
DIMENSION : 21
EDGE_WEIGHT_TYPE : EUC_2D
NODE_COORD_SECTION
1 0.00 0.00
2 7.79 80.33
3 -63.82 9.88
4 16.45 -6.23
5 69.00 43.47
6 -12.14 -75.39
7 -13.34 76.24
8 48.85 72.77
9 59.74 19.01
10 49.34 -11.45
11 -32.19 -12.22
12 -52.36 12.20
13 -19.98 -91.25
14 -12.52 23.44
15 83.80 1.83
16 -26.93 -3.10
17 38.77 27.07
18 64.35 8.06
19 -30.03 -15.38
20 14.65 -79.57
21 37.40 84.50
ACCEPTED_PROBABILITIES
0.00
0.29
0.27
0.32
0.35
0.30
0.31
0.32
0.26
0.25
0.26
0.33
0.28
0.29
0.26
0.25
0.27
0.31
0.27
0.26
0.32
OUTSOURCING_COSTS
0.00
7.34
9.85
4.32
0.12
6.71
4.42
3.13
12.08
12.38
11.48
2.93
8.46
7.85
11.19
12.30
10.02
4.35
9.81
11.18
3.87
