NAME : sz-21-prob_type-uniform-prob-0.45-fee_type-direct_prob-fee-3.2
TYPE : TSP
DIMENSION : 21
EDGE_WEIGHT_TYPE : EUC_2D
NODE_COORD_SECTION
1 0.00 0.00
2 42.50 -43.22
3 86.85 -36.69
4 45.31 -2.20
5 49.51 32.69
6 -72.61 10.84
7 79.40 9.49
8 80.96 -46.15
9 -64.34 -4.96
10 -67.18 -11.96
11 10.26 -41.05
12 33.25 -66.37
13 -70.23 60.58
14 61.76 -2.33
15 -32.21 65.80
16 1.64 -86.87
17 -61.60 24.22
18 9.47 8.73
19 -44.51 69.98
20 -93.25 23.44
21 3.69 70.39
ACCEPTED_PROBABILITIES
0.00
0.48
0.44
0.44
0.48
0.43
0.41
0.42
0.44
0.41
0.44
0.40
0.40
0.40
0.45
0.50
0.49
0.40
0.49
0.45
0.48
OUTSOURCING_COSTS
0.00
13.75
6.09
6.47
14.18
4.64
1.01
3.25
5.81
1.79
7.03
0.38
0.16
0.16
8.56
15.84
14.64
0.16
15.70
8.75
13.36
