NAME : sz-21-prob_type-uniform-prob-0.25-fee_type-inverse_prob-fee-3.3
TYPE : TSP
DIMENSION : 21
EDGE_WEIGHT_TYPE : EUC_2D
NODE_COORD_SECTION
1 0.00 0.00
2 -31.22 -39.41
3 41.79 -27.09
4 -37.82 -57.71
5 -69.17 -42.29
6 78.96 58.76
7 -43.12 48.22
8 -79.45 34.35
9 86.67 6.18
10 18.38 50.37
11 -36.22 -35.26
12 -58.32 39.48
13 81.26 -12.06
14 38.14 33.46
15 87.08 43.58
16 57.36 65.57
17 63.62 -20.33
18 27.69 3.10
19 29.97 -88.58
20 41.68 -82.55
21 42.37 -47.39
ACCEPTED_PROBABILITIES
0.00
0.26
0.28
0.29
0.28
0.21
0.21
0.25
0.27
0.28
0.30
0.27
0.22
0.27
0.28
0.25
0.28
0.21
0.27
0.26
0.22
OUTSOURCING_COSTS
0.00
7.57
4.51
2.47
3.62
16.03
16.08
8.89
6.20
3.13
0.16
4.94
14.50
5.20
4.18
9.59
4.11
16.34
5.54
6.69
15.38
