NAME : sz-21-prob_type-uniform-prob-0.55-fee_type-direct_prob
TYPE : TSP
DIMENSION : 21
EDGE_WEIGHT_TYPE : EUC_2D
NODE_COORD_SECTION
1 0.00 0.00
2 71.81 49.34
3 -75.11 -19.73
4 92.24 13.35
5 34.37 -0.54
6 -53.57 53.18
7 -21.23 1.18
8 -5.52 -59.71
9 64.39 7.88
10 18.73 -80.26
11 -17.52 -41.30
12 63.76 -57.87
13 48.45 50.95
14 13.63 -66.27
15 -14.01 75.55
16 47.81 -69.27
17 -14.87 96.65
18 61.79 -48.23
19 50.13 2.82
20 -34.10 48.46
21 20.87 -11.67
ACCEPTED_PROBABILITIES
0.00
0.58
0.56
0.54
0.52
0.56
0.60
0.58
0.53
0.55
0.50
0.51
0.54
0.59
0.51
0.55
0.55
0.55
0.59
0.58
0.53
OUTSOURCING_COSTS
0.00
11.89
8.29
5.05
2.99
8.70
14.85
11.88
3.99
7.71
0.15
0.76
5.93
14.34
0.76
7.91
7.46
6.58
14.07
11.69
3.48
