NAME : sz-21-prob_type-inverse_dist-prob-0.50-fee_type-inverse_prob-fee-2.5
TYPE : TSP
DIMENSION : 21
EDGE_WEIGHT_TYPE : EUC_2D
NODE_COORD_SECTION
1 0.00 0.00
2 -29.21 42.53
3 2.61 -61.46
4 41.26 90.66
5 56.60 23.46
6 -61.60 -36.11
7 -18.36 1.42
8 10.66 65.59
9 1.98 -53.33
10 14.32 -77.89
11 36.48 -68.44
12 -82.48 -34.15
13 73.47 -43.49
14 -46.02 8.47
15 34.01 -30.03
16 -37.22 59.99
17 29.92 14.22
18 -78.89 -10.64
19 20.46 70.66
20 35.16 -55.52
21 -35.78 75.80
ACCEPTED_PROBABILITIES
0.00
0.39
0.47
0.50
0.58
0.52
0.32
0.45
0.49
0.48
0.47
0.49
0.51
0.52
0.45
0.53
0.43
0.52
0.49
0.43
0.49
OUTSOURCING_COSTS
0.00
9.35
5.62
3.97
0.12
3.26
12.38
6.49
4.54
4.84
5.58
4.51
3.45
3.20
6.31
2.66
7.21
2.89
4.43
7.43
4.68
